Fold,Train_IDs,Train_Labels,Test_IDs,Test_Labels,Predictions,Decision_Scores
1,"['lNONMMUG002215', 'lNONMMUG002239', 'lNONMMUG009962', 'lNONMMUG013211', 'lNONMMUG017485', 'lNONMMUG017913', 'lNONMMUG020673', 'lNONMMUG023454', 'lNONMMUG026355', 'lNONMMUG029813', 'lNONMMUG030202', 'lNONMMUG033401', 'lNONMMUG034886', 'lNONMMUG038355', 'lNONMMUG039685', 'lNONMMUG041158', 'lNONMMUG041781', 'lNONMMUG045568', 'lNONMMUG045569', 'lNONMMUG045574', 'lENSMUSG00000044471', 'lENSMUSG00000075277', 'lENSMUSG00000078190', 'lENSMUSG00000078247', 'lENSMUSG00000085354', 'lENSMUSG00000085715', 'lENSMUSG00000085873', 'lENSMUSG00000086035', 'lENSMUSG00000086141', 'lENSMUSG00000090063', 'lENSMUSG00000097336', 'lENSMUSG00000097571', 'lENSMUSG00000097767', 'lENSMUSG00000098439', 'lENSMUSG00000101609', 'lENSMUSG00000106519', 'l9030622O22Rik', 'lDlx6os1', 'lDnm3os', 'lGas5', 'lGm12610', 'lMiat', 'lNeat1', 'lNONMMUG002771', 'lNONMMUG004366', 'lNONMMUG007120', 'lNONMMUG008199', 'lNONMMUG009173', 'lNONMMUG009235', 'lNONMMUG010099', 'lNONMMUG012984', 'lNONMMUG013851', 'lNONMMUG014034', 'lNONMMUG017321', 'lNONMMUG017372', 'lNONMMUG019692', 'lNONMMUG020560', 'lNONMMUG021010', 'lNONMMUG023106', 'lNONMMUG024809', 'lNONMMUG025805', 'lNONMMUG029789', 'lNONMMUG031524', 'lNONMMUG031860', 'lNONMMUG032531', 'lNONMMUG033434', 'lNONMMUG034060', 'lNONMMUG035589', 'lNONMMUG036314', 'lNONMMUG036495', 'lNONMMUG038170', 'lNONMMUG038692', 'lNONMMUG038718', 'lNONMMUG039825', 'lNONMMUG041948', 'lNONMMUG042190', 'lNONMMUG043393', 'lNONMMUG043843', 'lNONMMUG044302', 'lNONMMUG045259', 'lENSMUSG00000085908', 'lENSMUSG00000103692', 'lENSMUSG00000106828', 'lENSMUSG00000107766', 'lGm13291', 'lSnord11', 'lSnord67']","[0.0, 0.0, 0.0, 0.0, 1.0, 0.0, 1.0, 1.0, 0.0, 0.0, 0.0, 0.0, 0.0, 0.0, 0.0, 0.0, 0.0, 1.0, 0.0, 1.0, 1.0, 1.0, 1.0, 1.0, 1.0, 0.0, 1.0, 0.0, 1.0, 0.0, 1.0, 1.0, 1.0, 0.0, 1.0, 1.0, 0.0, 0.0, 1.0, 0.0, 0.0, 0.0, 0.0, 0.0, 0.0, 1.0, 0.0, 1.0, 0.0, 0.0, 1.0, 1.0, 0.0, 1.0, 0.0, 0.0, 0.0, 1.0, 0.0, 1.0, 1.0, 0.0, 0.0, 0.0, 0.0, 0.0, 1.0, 1.0, 1.0, 1.0, 1.0, 1.0, 1.0, 1.0, 1.0, 1.0, 1.0, 1.0, 1.0, 1.0, 1.0, 1.0, 0.0, 1.0, 0.0, 1.0, 0.0]",['lNONMMUG000508'],[0.0],[1.0],[0.9809978518588699]
2,"['lNONMMUG000508', 'lNONMMUG002239', 'lNONMMUG009962', 'lNONMMUG013211', 'lNONMMUG017485', 'lNONMMUG017913', 'lNONMMUG020673', 'lNONMMUG023454', 'lNONMMUG026355', 'lNONMMUG029813', 'lNONMMUG030202', 'lNONMMUG033401', 'lNONMMUG034886', 'lNONMMUG038355', 'lNONMMUG039685', 'lNONMMUG041158', 'lNONMMUG041781', 'lNONMMUG045568', 'lNONMMUG045569', 'lNONMMUG045574', 'lENSMUSG00000044471', 'lENSMUSG00000075277', 'lENSMUSG00000078190', 'lENSMUSG00000078247', 'lENSMUSG00000085354', 'lENSMUSG00000085715', 'lENSMUSG00000085873', 'lENSMUSG00000086035', 'lENSMUSG00000086141', 'lENSMUSG00000090063', 'lENSMUSG00000097336', 'lENSMUSG00000097571', 'lENSMUSG00000097767', 'lENSMUSG00000098439', 'lENSMUSG00000101609', 'lENSMUSG00000106519', 'l9030622O22Rik', 'lDlx6os1', 'lDnm3os', 'lGas5', 'lGm12610', 'lMiat', 'lNeat1', 'lNONMMUG002771', 'lNONMMUG004366', 'lNONMMUG007120', 'lNONMMUG008199', 'lNONMMUG009173', 'lNONMMUG009235', 'lNONMMUG010099', 'lNONMMUG012984', 'lNONMMUG013851', 'lNONMMUG014034', 'lNONMMUG017321', 'lNONMMUG017372', 'lNONMMUG019692', 'lNONMMUG020560', 'lNONMMUG021010', 'lNONMMUG023106', 'lNONMMUG024809', 'lNONMMUG025805', 'lNONMMUG029789', 'lNONMMUG031524', 'lNONMMUG031860', 'lNONMMUG032531', 'lNONMMUG033434', 'lNONMMUG034060', 'lNONMMUG035589', 'lNONMMUG036314', 'lNONMMUG036495', 'lNONMMUG038170', 'lNONMMUG038692', 'lNONMMUG038718', 'lNONMMUG039825', 'lNONMMUG041948', 'lNONMMUG042190', 'lNONMMUG043393', 'lNONMMUG043843', 'lNONMMUG044302', 'lNONMMUG045259', 'lENSMUSG00000085908', 'lENSMUSG00000103692', 'lENSMUSG00000106828', 'lENSMUSG00000107766', 'lGm13291', 'lSnord11', 'lSnord67']","[0.0, 0.0, 0.0, 0.0, 1.0, 0.0, 1.0, 1.0, 0.0, 0.0, 0.0, 0.0, 0.0, 0.0, 0.0, 0.0, 0.0, 1.0, 0.0, 1.0, 1.0, 1.0, 1.0, 1.0, 1.0, 0.0, 1.0, 0.0, 1.0, 0.0, 1.0, 1.0, 1.0, 0.0, 1.0, 1.0, 0.0, 0.0, 1.0, 0.0, 0.0, 0.0, 0.0, 0.0, 0.0, 1.0, 0.0, 1.0, 0.0, 0.0, 1.0, 1.0, 0.0, 1.0, 0.0, 0.0, 0.0, 1.0, 0.0, 1.0, 1.0, 0.0, 0.0, 0.0, 0.0, 0.0, 1.0, 1.0, 1.0, 1.0, 1.0, 1.0, 1.0, 1.0, 1.0, 1.0, 1.0, 1.0, 1.0, 1.0, 1.0, 1.0, 0.0, 1.0, 0.0, 1.0, 0.0]",['lNONMMUG002215'],[0.0],[0.0],[0.027131804973457557]
3,"['lNONMMUG000508', 'lNONMMUG002215', 'lNONMMUG009962', 'lNONMMUG013211', 'lNONMMUG017485', 'lNONMMUG017913', 'lNONMMUG020673', 'lNONMMUG023454', 'lNONMMUG026355', 'lNONMMUG029813', 'lNONMMUG030202', 'lNONMMUG033401', 'lNONMMUG034886', 'lNONMMUG038355', 'lNONMMUG039685', 'lNONMMUG041158', 'lNONMMUG041781', 'lNONMMUG045568', 'lNONMMUG045569', 'lNONMMUG045574', 'lENSMUSG00000044471', 'lENSMUSG00000075277', 'lENSMUSG00000078190', 'lENSMUSG00000078247', 'lENSMUSG00000085354', 'lENSMUSG00000085715', 'lENSMUSG00000085873', 'lENSMUSG00000086035', 'lENSMUSG00000086141', 'lENSMUSG00000090063', 'lENSMUSG00000097336', 'lENSMUSG00000097571', 'lENSMUSG00000097767', 'lENSMUSG00000098439', 'lENSMUSG00000101609', 'lENSMUSG00000106519', 'l9030622O22Rik', 'lDlx6os1', 'lDnm3os', 'lGas5', 'lGm12610', 'lMiat', 'lNeat1', 'lNONMMUG002771', 'lNONMMUG004366', 'lNONMMUG007120', 'lNONMMUG008199', 'lNONMMUG009173', 'lNONMMUG009235', 'lNONMMUG010099', 'lNONMMUG012984', 'lNONMMUG013851', 'lNONMMUG014034', 'lNONMMUG017321', 'lNONMMUG017372', 'lNONMMUG019692', 'lNONMMUG020560', 'lNONMMUG021010', 'lNONMMUG023106', 'lNONMMUG024809', 'lNONMMUG025805', 'lNONMMUG029789', 'lNONMMUG031524', 'lNONMMUG031860', 'lNONMMUG032531', 'lNONMMUG033434', 'lNONMMUG034060', 'lNONMMUG035589', 'lNONMMUG036314', 'lNONMMUG036495', 'lNONMMUG038170', 'lNONMMUG038692', 'lNONMMUG038718', 'lNONMMUG039825', 'lNONMMUG041948', 'lNONMMUG042190', 'lNONMMUG043393', 'lNONMMUG043843', 'lNONMMUG044302', 'lNONMMUG045259', 'lENSMUSG00000085908', 'lENSMUSG00000103692', 'lENSMUSG00000106828', 'lENSMUSG00000107766', 'lGm13291', 'lSnord11', 'lSnord67']","[0.0, 0.0, 0.0, 0.0, 1.0, 0.0, 1.0, 1.0, 0.0, 0.0, 0.0, 0.0, 0.0, 0.0, 0.0, 0.0, 0.0, 1.0, 0.0, 1.0, 1.0, 1.0, 1.0, 1.0, 1.0, 0.0, 1.0, 0.0, 1.0, 0.0, 1.0, 1.0, 1.0, 0.0, 1.0, 1.0, 0.0, 0.0, 1.0, 0.0, 0.0, 0.0, 0.0, 0.0, 0.0, 1.0, 0.0, 1.0, 0.0, 0.0, 1.0, 1.0, 0.0, 1.0, 0.0, 0.0, 0.0, 1.0, 0.0, 1.0, 1.0, 0.0, 0.0, 0.0, 0.0, 0.0, 1.0, 1.0, 1.0, 1.0, 1.0, 1.0, 1.0, 1.0, 1.0, 1.0, 1.0, 1.0, 1.0, 1.0, 1.0, 1.0, 0.0, 1.0, 0.0, 1.0, 0.0]",['lNONMMUG002239'],[0.0],[1.0],[0.9999996567284052]
4,"['lNONMMUG000508', 'lNONMMUG002215', 'lNONMMUG002239', 'lNONMMUG013211', 'lNONMMUG017485', 'lNONMMUG017913', 'lNONMMUG020673', 'lNONMMUG023454', 'lNONMMUG026355', 'lNONMMUG029813', 'lNONMMUG030202', 'lNONMMUG033401', 'lNONMMUG034886', 'lNONMMUG038355', 'lNONMMUG039685', 'lNONMMUG041158', 'lNONMMUG041781', 'lNONMMUG045568', 'lNONMMUG045569', 'lNONMMUG045574', 'lENSMUSG00000044471', 'lENSMUSG00000075277', 'lENSMUSG00000078190', 'lENSMUSG00000078247', 'lENSMUSG00000085354', 'lENSMUSG00000085715', 'lENSMUSG00000085873', 'lENSMUSG00000086035', 'lENSMUSG00000086141', 'lENSMUSG00000090063', 'lENSMUSG00000097336', 'lENSMUSG00000097571', 'lENSMUSG00000097767', 'lENSMUSG00000098439', 'lENSMUSG00000101609', 'lENSMUSG00000106519', 'l9030622O22Rik', 'lDlx6os1', 'lDnm3os', 'lGas5', 'lGm12610', 'lMiat', 'lNeat1', 'lNONMMUG002771', 'lNONMMUG004366', 'lNONMMUG007120', 'lNONMMUG008199', 'lNONMMUG009173', 'lNONMMUG009235', 'lNONMMUG010099', 'lNONMMUG012984', 'lNONMMUG013851', 'lNONMMUG014034', 'lNONMMUG017321', 'lNONMMUG017372', 'lNONMMUG019692', 'lNONMMUG020560', 'lNONMMUG021010', 'lNONMMUG023106', 'lNONMMUG024809', 'lNONMMUG025805', 'lNONMMUG029789', 'lNONMMUG031524', 'lNONMMUG031860', 'lNONMMUG032531', 'lNONMMUG033434', 'lNONMMUG034060', 'lNONMMUG035589', 'lNONMMUG036314', 'lNONMMUG036495', 'lNONMMUG038170', 'lNONMMUG038692', 'lNONMMUG038718', 'lNONMMUG039825', 'lNONMMUG041948', 'lNONMMUG042190', 'lNONMMUG043393', 'lNONMMUG043843', 'lNONMMUG044302', 'lNONMMUG045259', 'lENSMUSG00000085908', 'lENSMUSG00000103692', 'lENSMUSG00000106828', 'lENSMUSG00000107766', 'lGm13291', 'lSnord11', 'lSnord67']","[0.0, 0.0, 0.0, 0.0, 1.0, 0.0, 1.0, 1.0, 0.0, 0.0, 0.0, 0.0, 0.0, 0.0, 0.0, 0.0, 0.0, 1.0, 0.0, 1.0, 1.0, 1.0, 1.0, 1.0, 1.0, 0.0, 1.0, 0.0, 1.0, 0.0, 1.0, 1.0, 1.0, 0.0, 1.0, 1.0, 0.0, 0.0, 1.0, 0.0, 0.0, 0.0, 0.0, 0.0, 0.0, 1.0, 0.0, 1.0, 0.0, 0.0, 1.0, 1.0, 0.0, 1.0, 0.0, 0.0, 0.0, 1.0, 0.0, 1.0, 1.0, 0.0, 0.0, 0.0, 0.0, 0.0, 1.0, 1.0, 1.0, 1.0, 1.0, 1.0, 1.0, 1.0, 1.0, 1.0, 1.0, 1.0, 1.0, 1.0, 1.0, 1.0, 0.0, 1.0, 0.0, 1.0, 0.0]",['lNONMMUG009962'],[0.0],[0.0],[0.19583045342359495]
5,"['lNONMMUG000508', 'lNONMMUG002215', 'lNONMMUG002239', 'lNONMMUG009962', 'lNONMMUG017485', 'lNONMMUG017913', 'lNONMMUG020673', 'lNONMMUG023454', 'lNONMMUG026355', 'lNONMMUG029813', 'lNONMMUG030202', 'lNONMMUG033401', 'lNONMMUG034886', 'lNONMMUG038355', 'lNONMMUG039685', 'lNONMMUG041158', 'lNONMMUG041781', 'lNONMMUG045568', 'lNONMMUG045569', 'lNONMMUG045574', 'lENSMUSG00000044471', 'lENSMUSG00000075277', 'lENSMUSG00000078190', 'lENSMUSG00000078247', 'lENSMUSG00000085354', 'lENSMUSG00000085715', 'lENSMUSG00000085873', 'lENSMUSG00000086035', 'lENSMUSG00000086141', 'lENSMUSG00000090063', 'lENSMUSG00000097336', 'lENSMUSG00000097571', 'lENSMUSG00000097767', 'lENSMUSG00000098439', 'lENSMUSG00000101609', 'lENSMUSG00000106519', 'l9030622O22Rik', 'lDlx6os1', 'lDnm3os', 'lGas5', 'lGm12610', 'lMiat', 'lNeat1', 'lNONMMUG002771', 'lNONMMUG004366', 'lNONMMUG007120', 'lNONMMUG008199', 'lNONMMUG009173', 'lNONMMUG009235', 'lNONMMUG010099', 'lNONMMUG012984', 'lNONMMUG013851', 'lNONMMUG014034', 'lNONMMUG017321', 'lNONMMUG017372', 'lNONMMUG019692', 'lNONMMUG020560', 'lNONMMUG021010', 'lNONMMUG023106', 'lNONMMUG024809', 'lNONMMUG025805', 'lNONMMUG029789', 'lNONMMUG031524', 'lNONMMUG031860', 'lNONMMUG032531', 'lNONMMUG033434', 'lNONMMUG034060', 'lNONMMUG035589', 'lNONMMUG036314', 'lNONMMUG036495', 'lNONMMUG038170', 'lNONMMUG038692', 'lNONMMUG038718', 'lNONMMUG039825', 'lNONMMUG041948', 'lNONMMUG042190', 'lNONMMUG043393', 'lNONMMUG043843', 'lNONMMUG044302', 'lNONMMUG045259', 'lENSMUSG00000085908', 'lENSMUSG00000103692', 'lENSMUSG00000106828', 'lENSMUSG00000107766', 'lGm13291', 'lSnord11', 'lSnord67']","[0.0, 0.0, 0.0, 0.0, 1.0, 0.0, 1.0, 1.0, 0.0, 0.0, 0.0, 0.0, 0.0, 0.0, 0.0, 0.0, 0.0, 1.0, 0.0, 1.0, 1.0, 1.0, 1.0, 1.0, 1.0, 0.0, 1.0, 0.0, 1.0, 0.0, 1.0, 1.0, 1.0, 0.0, 1.0, 1.0, 0.0, 0.0, 1.0, 0.0, 0.0, 0.0, 0.0, 0.0, 0.0, 1.0, 0.0, 1.0, 0.0, 0.0, 1.0, 1.0, 0.0, 1.0, 0.0, 0.0, 0.0, 1.0, 0.0, 1.0, 1.0, 0.0, 0.0, 0.0, 0.0, 0.0, 1.0, 1.0, 1.0, 1.0, 1.0, 1.0, 1.0, 1.0, 1.0, 1.0, 1.0, 1.0, 1.0, 1.0, 1.0, 1.0, 0.0, 1.0, 0.0, 1.0, 0.0]",['lNONMMUG013211'],[0.0],[1.0],[0.978745633849611]
6,"['lNONMMUG000508', 'lNONMMUG002215', 'lNONMMUG002239', 'lNONMMUG009962', 'lNONMMUG013211', 'lNONMMUG017913', 'lNONMMUG020673', 'lNONMMUG023454', 'lNONMMUG026355', 'lNONMMUG029813', 'lNONMMUG030202', 'lNONMMUG033401', 'lNONMMUG034886', 'lNONMMUG038355', 'lNONMMUG039685', 'lNONMMUG041158', 'lNONMMUG041781', 'lNONMMUG045568', 'lNONMMUG045569', 'lNONMMUG045574', 'lENSMUSG00000044471', 'lENSMUSG00000075277', 'lENSMUSG00000078190', 'lENSMUSG00000078247', 'lENSMUSG00000085354', 'lENSMUSG00000085715', 'lENSMUSG00000085873', 'lENSMUSG00000086035', 'lENSMUSG00000086141', 'lENSMUSG00000090063', 'lENSMUSG00000097336', 'lENSMUSG00000097571', 'lENSMUSG00000097767', 'lENSMUSG00000098439', 'lENSMUSG00000101609', 'lENSMUSG00000106519', 'l9030622O22Rik', 'lDlx6os1', 'lDnm3os', 'lGas5', 'lGm12610', 'lMiat', 'lNeat1', 'lNONMMUG002771', 'lNONMMUG004366', 'lNONMMUG007120', 'lNONMMUG008199', 'lNONMMUG009173', 'lNONMMUG009235', 'lNONMMUG010099', 'lNONMMUG012984', 'lNONMMUG013851', 'lNONMMUG014034', 'lNONMMUG017321', 'lNONMMUG017372', 'lNONMMUG019692', 'lNONMMUG020560', 'lNONMMUG021010', 'lNONMMUG023106', 'lNONMMUG024809', 'lNONMMUG025805', 'lNONMMUG029789', 'lNONMMUG031524', 'lNONMMUG031860', 'lNONMMUG032531', 'lNONMMUG033434', 'lNONMMUG034060', 'lNONMMUG035589', 'lNONMMUG036314', 'lNONMMUG036495', 'lNONMMUG038170', 'lNONMMUG038692', 'lNONMMUG038718', 'lNONMMUG039825', 'lNONMMUG041948', 'lNONMMUG042190', 'lNONMMUG043393', 'lNONMMUG043843', 'lNONMMUG044302', 'lNONMMUG045259', 'lENSMUSG00000085908', 'lENSMUSG00000103692', 'lENSMUSG00000106828', 'lENSMUSG00000107766', 'lGm13291', 'lSnord11', 'lSnord67']","[0.0, 0.0, 0.0, 0.0, 0.0, 0.0, 1.0, 1.0, 0.0, 0.0, 0.0, 0.0, 0.0, 0.0, 0.0, 0.0, 0.0, 1.0, 0.0, 1.0, 1.0, 1.0, 1.0, 1.0, 1.0, 0.0, 1.0, 0.0, 1.0, 0.0, 1.0, 1.0, 1.0, 0.0, 1.0, 1.0, 0.0, 0.0, 1.0, 0.0, 0.0, 0.0, 0.0, 0.0, 0.0, 1.0, 0.0, 1.0, 0.0, 0.0, 1.0, 1.0, 0.0, 1.0, 0.0, 0.0, 0.0, 1.0, 0.0, 1.0, 1.0, 0.0, 0.0, 0.0, 0.0, 0.0, 1.0, 1.0, 1.0, 1.0, 1.0, 1.0, 1.0, 1.0, 1.0, 1.0, 1.0, 1.0, 1.0, 1.0, 1.0, 1.0, 0.0, 1.0, 0.0, 1.0, 0.0]",['lNONMMUG017485'],[1.0],[1.0],[0.9497367804990648]
7,"['lNONMMUG000508', 'lNONMMUG002215', 'lNONMMUG002239', 'lNONMMUG009962', 'lNONMMUG013211', 'lNONMMUG017485', 'lNONMMUG020673', 'lNONMMUG023454', 'lNONMMUG026355', 'lNONMMUG029813', 'lNONMMUG030202', 'lNONMMUG033401', 'lNONMMUG034886', 'lNONMMUG038355', 'lNONMMUG039685', 'lNONMMUG041158', 'lNONMMUG041781', 'lNONMMUG045568', 'lNONMMUG045569', 'lNONMMUG045574', 'lENSMUSG00000044471', 'lENSMUSG00000075277', 'lENSMUSG00000078190', 'lENSMUSG00000078247', 'lENSMUSG00000085354', 'lENSMUSG00000085715', 'lENSMUSG00000085873', 'lENSMUSG00000086035', 'lENSMUSG00000086141', 'lENSMUSG00000090063', 'lENSMUSG00000097336', 'lENSMUSG00000097571', 'lENSMUSG00000097767', 'lENSMUSG00000098439', 'lENSMUSG00000101609', 'lENSMUSG00000106519', 'l9030622O22Rik', 'lDlx6os1', 'lDnm3os', 'lGas5', 'lGm12610', 'lMiat', 'lNeat1', 'lNONMMUG002771', 'lNONMMUG004366', 'lNONMMUG007120', 'lNONMMUG008199', 'lNONMMUG009173', 'lNONMMUG009235', 'lNONMMUG010099', 'lNONMMUG012984', 'lNONMMUG013851', 'lNONMMUG014034', 'lNONMMUG017321', 'lNONMMUG017372', 'lNONMMUG019692', 'lNONMMUG020560', 'lNONMMUG021010', 'lNONMMUG023106', 'lNONMMUG024809', 'lNONMMUG025805', 'lNONMMUG029789', 'lNONMMUG031524', 'lNONMMUG031860', 'lNONMMUG032531', 'lNONMMUG033434', 'lNONMMUG034060', 'lNONMMUG035589', 'lNONMMUG036314', 'lNONMMUG036495', 'lNONMMUG038170', 'lNONMMUG038692', 'lNONMMUG038718', 'lNONMMUG039825', 'lNONMMUG041948', 'lNONMMUG042190', 'lNONMMUG043393', 'lNONMMUG043843', 'lNONMMUG044302', 'lNONMMUG045259', 'lENSMUSG00000085908', 'lENSMUSG00000103692', 'lENSMUSG00000106828', 'lENSMUSG00000107766', 'lGm13291', 'lSnord11', 'lSnord67']","[0.0, 0.0, 0.0, 0.0, 0.0, 1.0, 1.0, 1.0, 0.0, 0.0, 0.0, 0.0, 0.0, 0.0, 0.0, 0.0, 0.0, 1.0, 0.0, 1.0, 1.0, 1.0, 1.0, 1.0, 1.0, 0.0, 1.0, 0.0, 1.0, 0.0, 1.0, 1.0, 1.0, 0.0, 1.0, 1.0, 0.0, 0.0, 1.0, 0.0, 0.0, 0.0, 0.0, 0.0, 0.0, 1.0, 0.0, 1.0, 0.0, 0.0, 1.0, 1.0, 0.0, 1.0, 0.0, 0.0, 0.0, 1.0, 0.0, 1.0, 1.0, 0.0, 0.0, 0.0, 0.0, 0.0, 1.0, 1.0, 1.0, 1.0, 1.0, 1.0, 1.0, 1.0, 1.0, 1.0, 1.0, 1.0, 1.0, 1.0, 1.0, 1.0, 0.0, 1.0, 0.0, 1.0, 0.0]",['lNONMMUG017913'],[0.0],[0.0],[0.09709914280839252]
8,"['lNONMMUG000508', 'lNONMMUG002215', 'lNONMMUG002239', 'lNONMMUG009962', 'lNONMMUG013211', 'lNONMMUG017485', 'lNONMMUG017913', 'lNONMMUG023454', 'lNONMMUG026355', 'lNONMMUG029813', 'lNONMMUG030202', 'lNONMMUG033401', 'lNONMMUG034886', 'lNONMMUG038355', 'lNONMMUG039685', 'lNONMMUG041158', 'lNONMMUG041781', 'lNONMMUG045568', 'lNONMMUG045569', 'lNONMMUG045574', 'lENSMUSG00000044471', 'lENSMUSG00000075277', 'lENSMUSG00000078190', 'lENSMUSG00000078247', 'lENSMUSG00000085354', 'lENSMUSG00000085715', 'lENSMUSG00000085873', 'lENSMUSG00000086035', 'lENSMUSG00000086141', 'lENSMUSG00000090063', 'lENSMUSG00000097336', 'lENSMUSG00000097571', 'lENSMUSG00000097767', 'lENSMUSG00000098439', 'lENSMUSG00000101609', 'lENSMUSG00000106519', 'l9030622O22Rik', 'lDlx6os1', 'lDnm3os', 'lGas5', 'lGm12610', 'lMiat', 'lNeat1', 'lNONMMUG002771', 'lNONMMUG004366', 'lNONMMUG007120', 'lNONMMUG008199', 'lNONMMUG009173', 'lNONMMUG009235', 'lNONMMUG010099', 'lNONMMUG012984', 'lNONMMUG013851', 'lNONMMUG014034', 'lNONMMUG017321', 'lNONMMUG017372', 'lNONMMUG019692', 'lNONMMUG020560', 'lNONMMUG021010', 'lNONMMUG023106', 'lNONMMUG024809', 'lNONMMUG025805', 'lNONMMUG029789', 'lNONMMUG031524', 'lNONMMUG031860', 'lNONMMUG032531', 'lNONMMUG033434', 'lNONMMUG034060', 'lNONMMUG035589', 'lNONMMUG036314', 'lNONMMUG036495', 'lNONMMUG038170', 'lNONMMUG038692', 'lNONMMUG038718', 'lNONMMUG039825', 'lNONMMUG041948', 'lNONMMUG042190', 'lNONMMUG043393', 'lNONMMUG043843', 'lNONMMUG044302', 'lNONMMUG045259', 'lENSMUSG00000085908', 'lENSMUSG00000103692', 'lENSMUSG00000106828', 'lENSMUSG00000107766', 'lGm13291', 'lSnord11', 'lSnord67']","[0.0, 0.0, 0.0, 0.0, 0.0, 1.0, 0.0, 1.0, 0.0, 0.0, 0.0, 0.0, 0.0, 0.0, 0.0, 0.0, 0.0, 1.0, 0.0, 1.0, 1.0, 1.0, 1.0, 1.0, 1.0, 0.0, 1.0, 0.0, 1.0, 0.0, 1.0, 1.0, 1.0, 0.0, 1.0, 1.0, 0.0, 0.0, 1.0, 0.0, 0.0, 0.0, 0.0, 0.0, 0.0, 1.0, 0.0, 1.0, 0.0, 0.0, 1.0, 1.0, 0.0, 1.0, 0.0, 0.0, 0.0, 1.0, 0.0, 1.0, 1.0, 0.0, 0.0, 0.0, 0.0, 0.0, 1.0, 1.0, 1.0, 1.0, 1.0, 1.0, 1.0, 1.0, 1.0, 1.0, 1.0, 1.0, 1.0, 1.0, 1.0, 1.0, 0.0, 1.0, 0.0, 1.0, 0.0]",['lNONMMUG020673'],[1.0],[0.0],[0.2556815166396408]
9,"['lNONMMUG000508', 'lNONMMUG002215', 'lNONMMUG002239', 'lNONMMUG009962', 'lNONMMUG013211', 'lNONMMUG017485', 'lNONMMUG017913', 'lNONMMUG020673', 'lNONMMUG026355', 'lNONMMUG029813', 'lNONMMUG030202', 'lNONMMUG033401', 'lNONMMUG034886', 'lNONMMUG038355', 'lNONMMUG039685', 'lNONMMUG041158', 'lNONMMUG041781', 'lNONMMUG045568', 'lNONMMUG045569', 'lNONMMUG045574', 'lENSMUSG00000044471', 'lENSMUSG00000075277', 'lENSMUSG00000078190', 'lENSMUSG00000078247', 'lENSMUSG00000085354', 'lENSMUSG00000085715', 'lENSMUSG00000085873', 'lENSMUSG00000086035', 'lENSMUSG00000086141', 'lENSMUSG00000090063', 'lENSMUSG00000097336', 'lENSMUSG00000097571', 'lENSMUSG00000097767', 'lENSMUSG00000098439', 'lENSMUSG00000101609', 'lENSMUSG00000106519', 'l9030622O22Rik', 'lDlx6os1', 'lDnm3os', 'lGas5', 'lGm12610', 'lMiat', 'lNeat1', 'lNONMMUG002771', 'lNONMMUG004366', 'lNONMMUG007120', 'lNONMMUG008199', 'lNONMMUG009173', 'lNONMMUG009235', 'lNONMMUG010099', 'lNONMMUG012984', 'lNONMMUG013851', 'lNONMMUG014034', 'lNONMMUG017321', 'lNONMMUG017372', 'lNONMMUG019692', 'lNONMMUG020560', 'lNONMMUG021010', 'lNONMMUG023106', 'lNONMMUG024809', 'lNONMMUG025805', 'lNONMMUG029789', 'lNONMMUG031524', 'lNONMMUG031860', 'lNONMMUG032531', 'lNONMMUG033434', 'lNONMMUG034060', 'lNONMMUG035589', 'lNONMMUG036314', 'lNONMMUG036495', 'lNONMMUG038170', 'lNONMMUG038692', 'lNONMMUG038718', 'lNONMMUG039825', 'lNONMMUG041948', 'lNONMMUG042190', 'lNONMMUG043393', 'lNONMMUG043843', 'lNONMMUG044302', 'lNONMMUG045259', 'lENSMUSG00000085908', 'lENSMUSG00000103692', 'lENSMUSG00000106828', 'lENSMUSG00000107766', 'lGm13291', 'lSnord11', 'lSnord67']","[0.0, 0.0, 0.0, 0.0, 0.0, 1.0, 0.0, 1.0, 0.0, 0.0, 0.0, 0.0, 0.0, 0.0, 0.0, 0.0, 0.0, 1.0, 0.0, 1.0, 1.0, 1.0, 1.0, 1.0, 1.0, 0.0, 1.0, 0.0, 1.0, 0.0, 1.0, 1.0, 1.0, 0.0, 1.0, 1.0, 0.0, 0.0, 1.0, 0.0, 0.0, 0.0, 0.0, 0.0, 0.0, 1.0, 0.0, 1.0, 0.0, 0.0, 1.0, 1.0, 0.0, 1.0, 0.0, 0.0, 0.0, 1.0, 0.0, 1.0, 1.0, 0.0, 0.0, 0.0, 0.0, 0.0, 1.0, 1.0, 1.0, 1.0, 1.0, 1.0, 1.0, 1.0, 1.0, 1.0, 1.0, 1.0, 1.0, 1.0, 1.0, 1.0, 0.0, 1.0, 0.0, 1.0, 0.0]",['lNONMMUG023454'],[1.0],[0.0],[0.0006978702337568622]
10,"['lNONMMUG000508', 'lNONMMUG002215', 'lNONMMUG002239', 'lNONMMUG009962', 'lNONMMUG013211', 'lNONMMUG017485', 'lNONMMUG017913', 'lNONMMUG020673', 'lNONMMUG023454', 'lNONMMUG029813', 'lNONMMUG030202', 'lNONMMUG033401', 'lNONMMUG034886', 'lNONMMUG038355', 'lNONMMUG039685', 'lNONMMUG041158', 'lNONMMUG041781', 'lNONMMUG045568', 'lNONMMUG045569', 'lNONMMUG045574', 'lENSMUSG00000044471', 'lENSMUSG00000075277', 'lENSMUSG00000078190', 'lENSMUSG00000078247', 'lENSMUSG00000085354', 'lENSMUSG00000085715', 'lENSMUSG00000085873', 'lENSMUSG00000086035', 'lENSMUSG00000086141', 'lENSMUSG00000090063', 'lENSMUSG00000097336', 'lENSMUSG00000097571', 'lENSMUSG00000097767', 'lENSMUSG00000098439', 'lENSMUSG00000101609', 'lENSMUSG00000106519', 'l9030622O22Rik', 'lDlx6os1', 'lDnm3os', 'lGas5', 'lGm12610', 'lMiat', 'lNeat1', 'lNONMMUG002771', 'lNONMMUG004366', 'lNONMMUG007120', 'lNONMMUG008199', 'lNONMMUG009173', 'lNONMMUG009235', 'lNONMMUG010099', 'lNONMMUG012984', 'lNONMMUG013851', 'lNONMMUG014034', 'lNONMMUG017321', 'lNONMMUG017372', 'lNONMMUG019692', 'lNONMMUG020560', 'lNONMMUG021010', 'lNONMMUG023106', 'lNONMMUG024809', 'lNONMMUG025805', 'lNONMMUG029789', 'lNONMMUG031524', 'lNONMMUG031860', 'lNONMMUG032531', 'lNONMMUG033434', 'lNONMMUG034060', 'lNONMMUG035589', 'lNONMMUG036314', 'lNONMMUG036495', 'lNONMMUG038170', 'lNONMMUG038692', 'lNONMMUG038718', 'lNONMMUG039825', 'lNONMMUG041948', 'lNONMMUG042190', 'lNONMMUG043393', 'lNONMMUG043843', 'lNONMMUG044302', 'lNONMMUG045259', 'lENSMUSG00000085908', 'lENSMUSG00000103692', 'lENSMUSG00000106828', 'lENSMUSG00000107766', 'lGm13291', 'lSnord11', 'lSnord67']","[0.0, 0.0, 0.0, 0.0, 0.0, 1.0, 0.0, 1.0, 1.0, 0.0, 0.0, 0.0, 0.0, 0.0, 0.0, 0.0, 0.0, 1.0, 0.0, 1.0, 1.0, 1.0, 1.0, 1.0, 1.0, 0.0, 1.0, 0.0, 1.0, 0.0, 1.0, 1.0, 1.0, 0.0, 1.0, 1.0, 0.0, 0.0, 1.0, 0.0, 0.0, 0.0, 0.0, 0.0, 0.0, 1.0, 0.0, 1.0, 0.0, 0.0, 1.0, 1.0, 0.0, 1.0, 0.0, 0.0, 0.0, 1.0, 0.0, 1.0, 1.0, 0.0, 0.0, 0.0, 0.0, 0.0, 1.0, 1.0, 1.0, 1.0, 1.0, 1.0, 1.0, 1.0, 1.0, 1.0, 1.0, 1.0, 1.0, 1.0, 1.0, 1.0, 0.0, 1.0, 0.0, 1.0, 0.0]",['lNONMMUG026355'],[0.0],[1.0],[0.5915303243475042]
11,"['lNONMMUG000508', 'lNONMMUG002215', 'lNONMMUG002239', 'lNONMMUG009962', 'lNONMMUG013211', 'lNONMMUG017485', 'lNONMMUG017913', 'lNONMMUG020673', 'lNONMMUG023454', 'lNONMMUG026355', 'lNONMMUG030202', 'lNONMMUG033401', 'lNONMMUG034886', 'lNONMMUG038355', 'lNONMMUG039685', 'lNONMMUG041158', 'lNONMMUG041781', 'lNONMMUG045568', 'lNONMMUG045569', 'lNONMMUG045574', 'lENSMUSG00000044471', 'lENSMUSG00000075277', 'lENSMUSG00000078190', 'lENSMUSG00000078247', 'lENSMUSG00000085354', 'lENSMUSG00000085715', 'lENSMUSG00000085873', 'lENSMUSG00000086035', 'lENSMUSG00000086141', 'lENSMUSG00000090063', 'lENSMUSG00000097336', 'lENSMUSG00000097571', 'lENSMUSG00000097767', 'lENSMUSG00000098439', 'lENSMUSG00000101609', 'lENSMUSG00000106519', 'l9030622O22Rik', 'lDlx6os1', 'lDnm3os', 'lGas5', 'lGm12610', 'lMiat', 'lNeat1', 'lNONMMUG002771', 'lNONMMUG004366', 'lNONMMUG007120', 'lNONMMUG008199', 'lNONMMUG009173', 'lNONMMUG009235', 'lNONMMUG010099', 'lNONMMUG012984', 'lNONMMUG013851', 'lNONMMUG014034', 'lNONMMUG017321', 'lNONMMUG017372', 'lNONMMUG019692', 'lNONMMUG020560', 'lNONMMUG021010', 'lNONMMUG023106', 'lNONMMUG024809', 'lNONMMUG025805', 'lNONMMUG029789', 'lNONMMUG031524', 'lNONMMUG031860', 'lNONMMUG032531', 'lNONMMUG033434', 'lNONMMUG034060', 'lNONMMUG035589', 'lNONMMUG036314', 'lNONMMUG036495', 'lNONMMUG038170', 'lNONMMUG038692', 'lNONMMUG038718', 'lNONMMUG039825', 'lNONMMUG041948', 'lNONMMUG042190', 'lNONMMUG043393', 'lNONMMUG043843', 'lNONMMUG044302', 'lNONMMUG045259', 'lENSMUSG00000085908', 'lENSMUSG00000103692', 'lENSMUSG00000106828', 'lENSMUSG00000107766', 'lGm13291', 'lSnord11', 'lSnord67']","[0.0, 0.0, 0.0, 0.0, 0.0, 1.0, 0.0, 1.0, 1.0, 0.0, 0.0, 0.0, 0.0, 0.0, 0.0, 0.0, 0.0, 1.0, 0.0, 1.0, 1.0, 1.0, 1.0, 1.0, 1.0, 0.0, 1.0, 0.0, 1.0, 0.0, 1.0, 1.0, 1.0, 0.0, 1.0, 1.0, 0.0, 0.0, 1.0, 0.0, 0.0, 0.0, 0.0, 0.0, 0.0, 1.0, 0.0, 1.0, 0.0, 0.0, 1.0, 1.0, 0.0, 1.0, 0.0, 0.0, 0.0, 1.0, 0.0, 1.0, 1.0, 0.0, 0.0, 0.0, 0.0, 0.0, 1.0, 1.0, 1.0, 1.0, 1.0, 1.0, 1.0, 1.0, 1.0, 1.0, 1.0, 1.0, 1.0, 1.0, 1.0, 1.0, 0.0, 1.0, 0.0, 1.0, 0.0]",['lNONMMUG029813'],[0.0],[1.0],[0.9548713333722813]
12,"['lNONMMUG000508', 'lNONMMUG002215', 'lNONMMUG002239', 'lNONMMUG009962', 'lNONMMUG013211', 'lNONMMUG017485', 'lNONMMUG017913', 'lNONMMUG020673', 'lNONMMUG023454', 'lNONMMUG026355', 'lNONMMUG029813', 'lNONMMUG033401', 'lNONMMUG034886', 'lNONMMUG038355', 'lNONMMUG039685', 'lNONMMUG041158', 'lNONMMUG041781', 'lNONMMUG045568', 'lNONMMUG045569', 'lNONMMUG045574', 'lENSMUSG00000044471', 'lENSMUSG00000075277', 'lENSMUSG00000078190', 'lENSMUSG00000078247', 'lENSMUSG00000085354', 'lENSMUSG00000085715', 'lENSMUSG00000085873', 'lENSMUSG00000086035', 'lENSMUSG00000086141', 'lENSMUSG00000090063', 'lENSMUSG00000097336', 'lENSMUSG00000097571', 'lENSMUSG00000097767', 'lENSMUSG00000098439', 'lENSMUSG00000101609', 'lENSMUSG00000106519', 'l9030622O22Rik', 'lDlx6os1', 'lDnm3os', 'lGas5', 'lGm12610', 'lMiat', 'lNeat1', 'lNONMMUG002771', 'lNONMMUG004366', 'lNONMMUG007120', 'lNONMMUG008199', 'lNONMMUG009173', 'lNONMMUG009235', 'lNONMMUG010099', 'lNONMMUG012984', 'lNONMMUG013851', 'lNONMMUG014034', 'lNONMMUG017321', 'lNONMMUG017372', 'lNONMMUG019692', 'lNONMMUG020560', 'lNONMMUG021010', 'lNONMMUG023106', 'lNONMMUG024809', 'lNONMMUG025805', 'lNONMMUG029789', 'lNONMMUG031524', 'lNONMMUG031860', 'lNONMMUG032531', 'lNONMMUG033434', 'lNONMMUG034060', 'lNONMMUG035589', 'lNONMMUG036314', 'lNONMMUG036495', 'lNONMMUG038170', 'lNONMMUG038692', 'lNONMMUG038718', 'lNONMMUG039825', 'lNONMMUG041948', 'lNONMMUG042190', 'lNONMMUG043393', 'lNONMMUG043843', 'lNONMMUG044302', 'lNONMMUG045259', 'lENSMUSG00000085908', 'lENSMUSG00000103692', 'lENSMUSG00000106828', 'lENSMUSG00000107766', 'lGm13291', 'lSnord11', 'lSnord67']","[0.0, 0.0, 0.0, 0.0, 0.0, 1.0, 0.0, 1.0, 1.0, 0.0, 0.0, 0.0, 0.0, 0.0, 0.0, 0.0, 0.0, 1.0, 0.0, 1.0, 1.0, 1.0, 1.0, 1.0, 1.0, 0.0, 1.0, 0.0, 1.0, 0.0, 1.0, 1.0, 1.0, 0.0, 1.0, 1.0, 0.0, 0.0, 1.0, 0.0, 0.0, 0.0, 0.0, 0.0, 0.0, 1.0, 0.0, 1.0, 0.0, 0.0, 1.0, 1.0, 0.0, 1.0, 0.0, 0.0, 0.0, 1.0, 0.0, 1.0, 1.0, 0.0, 0.0, 0.0, 0.0, 0.0, 1.0, 1.0, 1.0, 1.0, 1.0, 1.0, 1.0, 1.0, 1.0, 1.0, 1.0, 1.0, 1.0, 1.0, 1.0, 1.0, 0.0, 1.0, 0.0, 1.0, 0.0]",['lNONMMUG030202'],[0.0],[1.0],[0.9203963495072196]
13,"['lNONMMUG000508', 'lNONMMUG002215', 'lNONMMUG002239', 'lNONMMUG009962', 'lNONMMUG013211', 'lNONMMUG017485', 'lNONMMUG017913', 'lNONMMUG020673', 'lNONMMUG023454', 'lNONMMUG026355', 'lNONMMUG029813', 'lNONMMUG030202', 'lNONMMUG034886', 'lNONMMUG038355', 'lNONMMUG039685', 'lNONMMUG041158', 'lNONMMUG041781', 'lNONMMUG045568', 'lNONMMUG045569', 'lNONMMUG045574', 'lENSMUSG00000044471', 'lENSMUSG00000075277', 'lENSMUSG00000078190', 'lENSMUSG00000078247', 'lENSMUSG00000085354', 'lENSMUSG00000085715', 'lENSMUSG00000085873', 'lENSMUSG00000086035', 'lENSMUSG00000086141', 'lENSMUSG00000090063', 'lENSMUSG00000097336', 'lENSMUSG00000097571', 'lENSMUSG00000097767', 'lENSMUSG00000098439', 'lENSMUSG00000101609', 'lENSMUSG00000106519', 'l9030622O22Rik', 'lDlx6os1', 'lDnm3os', 'lGas5', 'lGm12610', 'lMiat', 'lNeat1', 'lNONMMUG002771', 'lNONMMUG004366', 'lNONMMUG007120', 'lNONMMUG008199', 'lNONMMUG009173', 'lNONMMUG009235', 'lNONMMUG010099', 'lNONMMUG012984', 'lNONMMUG013851', 'lNONMMUG014034', 'lNONMMUG017321', 'lNONMMUG017372', 'lNONMMUG019692', 'lNONMMUG020560', 'lNONMMUG021010', 'lNONMMUG023106', 'lNONMMUG024809', 'lNONMMUG025805', 'lNONMMUG029789', 'lNONMMUG031524', 'lNONMMUG031860', 'lNONMMUG032531', 'lNONMMUG033434', 'lNONMMUG034060', 'lNONMMUG035589', 'lNONMMUG036314', 'lNONMMUG036495', 'lNONMMUG038170', 'lNONMMUG038692', 'lNONMMUG038718', 'lNONMMUG039825', 'lNONMMUG041948', 'lNONMMUG042190', 'lNONMMUG043393', 'lNONMMUG043843', 'lNONMMUG044302', 'lNONMMUG045259', 'lENSMUSG00000085908', 'lENSMUSG00000103692', 'lENSMUSG00000106828', 'lENSMUSG00000107766', 'lGm13291', 'lSnord11', 'lSnord67']","[0.0, 0.0, 0.0, 0.0, 0.0, 1.0, 0.0, 1.0, 1.0, 0.0, 0.0, 0.0, 0.0, 0.0, 0.0, 0.0, 0.0, 1.0, 0.0, 1.0, 1.0, 1.0, 1.0, 1.0, 1.0, 0.0, 1.0, 0.0, 1.0, 0.0, 1.0, 1.0, 1.0, 0.0, 1.0, 1.0, 0.0, 0.0, 1.0, 0.0, 0.0, 0.0, 0.0, 0.0, 0.0, 1.0, 0.0, 1.0, 0.0, 0.0, 1.0, 1.0, 0.0, 1.0, 0.0, 0.0, 0.0, 1.0, 0.0, 1.0, 1.0, 0.0, 0.0, 0.0, 0.0, 0.0, 1.0, 1.0, 1.0, 1.0, 1.0, 1.0, 1.0, 1.0, 1.0, 1.0, 1.0, 1.0, 1.0, 1.0, 1.0, 1.0, 0.0, 1.0, 0.0, 1.0, 0.0]",['lNONMMUG033401'],[0.0],[1.0],[0.9999993583364456]
14,"['lNONMMUG000508', 'lNONMMUG002215', 'lNONMMUG002239', 'lNONMMUG009962', 'lNONMMUG013211', 'lNONMMUG017485', 'lNONMMUG017913', 'lNONMMUG020673', 'lNONMMUG023454', 'lNONMMUG026355', 'lNONMMUG029813', 'lNONMMUG030202', 'lNONMMUG033401', 'lNONMMUG038355', 'lNONMMUG039685', 'lNONMMUG041158', 'lNONMMUG041781', 'lNONMMUG045568', 'lNONMMUG045569', 'lNONMMUG045574', 'lENSMUSG00000044471', 'lENSMUSG00000075277', 'lENSMUSG00000078190', 'lENSMUSG00000078247', 'lENSMUSG00000085354', 'lENSMUSG00000085715', 'lENSMUSG00000085873', 'lENSMUSG00000086035', 'lENSMUSG00000086141', 'lENSMUSG00000090063', 'lENSMUSG00000097336', 'lENSMUSG00000097571', 'lENSMUSG00000097767', 'lENSMUSG00000098439', 'lENSMUSG00000101609', 'lENSMUSG00000106519', 'l9030622O22Rik', 'lDlx6os1', 'lDnm3os', 'lGas5', 'lGm12610', 'lMiat', 'lNeat1', 'lNONMMUG002771', 'lNONMMUG004366', 'lNONMMUG007120', 'lNONMMUG008199', 'lNONMMUG009173', 'lNONMMUG009235', 'lNONMMUG010099', 'lNONMMUG012984', 'lNONMMUG013851', 'lNONMMUG014034', 'lNONMMUG017321', 'lNONMMUG017372', 'lNONMMUG019692', 'lNONMMUG020560', 'lNONMMUG021010', 'lNONMMUG023106', 'lNONMMUG024809', 'lNONMMUG025805', 'lNONMMUG029789', 'lNONMMUG031524', 'lNONMMUG031860', 'lNONMMUG032531', 'lNONMMUG033434', 'lNONMMUG034060', 'lNONMMUG035589', 'lNONMMUG036314', 'lNONMMUG036495', 'lNONMMUG038170', 'lNONMMUG038692', 'lNONMMUG038718', 'lNONMMUG039825', 'lNONMMUG041948', 'lNONMMUG042190', 'lNONMMUG043393', 'lNONMMUG043843', 'lNONMMUG044302', 'lNONMMUG045259', 'lENSMUSG00000085908', 'lENSMUSG00000103692', 'lENSMUSG00000106828', 'lENSMUSG00000107766', 'lGm13291', 'lSnord11', 'lSnord67']","[0.0, 0.0, 0.0, 0.0, 0.0, 1.0, 0.0, 1.0, 1.0, 0.0, 0.0, 0.0, 0.0, 0.0, 0.0, 0.0, 0.0, 1.0, 0.0, 1.0, 1.0, 1.0, 1.0, 1.0, 1.0, 0.0, 1.0, 0.0, 1.0, 0.0, 1.0, 1.0, 1.0, 0.0, 1.0, 1.0, 0.0, 0.0, 1.0, 0.0, 0.0, 0.0, 0.0, 0.0, 0.0, 1.0, 0.0, 1.0, 0.0, 0.0, 1.0, 1.0, 0.0, 1.0, 0.0, 0.0, 0.0, 1.0, 0.0, 1.0, 1.0, 0.0, 0.0, 0.0, 0.0, 0.0, 1.0, 1.0, 1.0, 1.0, 1.0, 1.0, 1.0, 1.0, 1.0, 1.0, 1.0, 1.0, 1.0, 1.0, 1.0, 1.0, 0.0, 1.0, 0.0, 1.0, 0.0]",['lNONMMUG034886'],[0.0],[0.0],[0.0001629293419783347]
15,"['lNONMMUG000508', 'lNONMMUG002215', 'lNONMMUG002239', 'lNONMMUG009962', 'lNONMMUG013211', 'lNONMMUG017485', 'lNONMMUG017913', 'lNONMMUG020673', 'lNONMMUG023454', 'lNONMMUG026355', 'lNONMMUG029813', 'lNONMMUG030202', 'lNONMMUG033401', 'lNONMMUG034886', 'lNONMMUG039685', 'lNONMMUG041158', 'lNONMMUG041781', 'lNONMMUG045568', 'lNONMMUG045569', 'lNONMMUG045574', 'lENSMUSG00000044471', 'lENSMUSG00000075277', 'lENSMUSG00000078190', 'lENSMUSG00000078247', 'lENSMUSG00000085354', 'lENSMUSG00000085715', 'lENSMUSG00000085873', 'lENSMUSG00000086035', 'lENSMUSG00000086141', 'lENSMUSG00000090063', 'lENSMUSG00000097336', 'lENSMUSG00000097571', 'lENSMUSG00000097767', 'lENSMUSG00000098439', 'lENSMUSG00000101609', 'lENSMUSG00000106519', 'l9030622O22Rik', 'lDlx6os1', 'lDnm3os', 'lGas5', 'lGm12610', 'lMiat', 'lNeat1', 'lNONMMUG002771', 'lNONMMUG004366', 'lNONMMUG007120', 'lNONMMUG008199', 'lNONMMUG009173', 'lNONMMUG009235', 'lNONMMUG010099', 'lNONMMUG012984', 'lNONMMUG013851', 'lNONMMUG014034', 'lNONMMUG017321', 'lNONMMUG017372', 'lNONMMUG019692', 'lNONMMUG020560', 'lNONMMUG021010', 'lNONMMUG023106', 'lNONMMUG024809', 'lNONMMUG025805', 'lNONMMUG029789', 'lNONMMUG031524', 'lNONMMUG031860', 'lNONMMUG032531', 'lNONMMUG033434', 'lNONMMUG034060', 'lNONMMUG035589', 'lNONMMUG036314', 'lNONMMUG036495', 'lNONMMUG038170', 'lNONMMUG038692', 'lNONMMUG038718', 'lNONMMUG039825', 'lNONMMUG041948', 'lNONMMUG042190', 'lNONMMUG043393', 'lNONMMUG043843', 'lNONMMUG044302', 'lNONMMUG045259', 'lENSMUSG00000085908', 'lENSMUSG00000103692', 'lENSMUSG00000106828', 'lENSMUSG00000107766', 'lGm13291', 'lSnord11', 'lSnord67']","[0.0, 0.0, 0.0, 0.0, 0.0, 1.0, 0.0, 1.0, 1.0, 0.0, 0.0, 0.0, 0.0, 0.0, 0.0, 0.0, 0.0, 1.0, 0.0, 1.0, 1.0, 1.0, 1.0, 1.0, 1.0, 0.0, 1.0, 0.0, 1.0, 0.0, 1.0, 1.0, 1.0, 0.0, 1.0, 1.0, 0.0, 0.0, 1.0, 0.0, 0.0, 0.0, 0.0, 0.0, 0.0, 1.0, 0.0, 1.0, 0.0, 0.0, 1.0, 1.0, 0.0, 1.0, 0.0, 0.0, 0.0, 1.0, 0.0, 1.0, 1.0, 0.0, 0.0, 0.0, 0.0, 0.0, 1.0, 1.0, 1.0, 1.0, 1.0, 1.0, 1.0, 1.0, 1.0, 1.0, 1.0, 1.0, 1.0, 1.0, 1.0, 1.0, 0.0, 1.0, 0.0, 1.0, 0.0]",['lNONMMUG038355'],[0.0],[1.0],[0.9833847544566626]
16,"['lNONMMUG000508', 'lNONMMUG002215', 'lNONMMUG002239', 'lNONMMUG009962', 'lNONMMUG013211', 'lNONMMUG017485', 'lNONMMUG017913', 'lNONMMUG020673', 'lNONMMUG023454', 'lNONMMUG026355', 'lNONMMUG029813', 'lNONMMUG030202', 'lNONMMUG033401', 'lNONMMUG034886', 'lNONMMUG038355', 'lNONMMUG041158', 'lNONMMUG041781', 'lNONMMUG045568', 'lNONMMUG045569', 'lNONMMUG045574', 'lENSMUSG00000044471', 'lENSMUSG00000075277', 'lENSMUSG00000078190', 'lENSMUSG00000078247', 'lENSMUSG00000085354', 'lENSMUSG00000085715', 'lENSMUSG00000085873', 'lENSMUSG00000086035', 'lENSMUSG00000086141', 'lENSMUSG00000090063', 'lENSMUSG00000097336', 'lENSMUSG00000097571', 'lENSMUSG00000097767', 'lENSMUSG00000098439', 'lENSMUSG00000101609', 'lENSMUSG00000106519', 'l9030622O22Rik', 'lDlx6os1', 'lDnm3os', 'lGas5', 'lGm12610', 'lMiat', 'lNeat1', 'lNONMMUG002771', 'lNONMMUG004366', 'lNONMMUG007120', 'lNONMMUG008199', 'lNONMMUG009173', 'lNONMMUG009235', 'lNONMMUG010099', 'lNONMMUG012984', 'lNONMMUG013851', 'lNONMMUG014034', 'lNONMMUG017321', 'lNONMMUG017372', 'lNONMMUG019692', 'lNONMMUG020560', 'lNONMMUG021010', 'lNONMMUG023106', 'lNONMMUG024809', 'lNONMMUG025805', 'lNONMMUG029789', 'lNONMMUG031524', 'lNONMMUG031860', 'lNONMMUG032531', 'lNONMMUG033434', 'lNONMMUG034060', 'lNONMMUG035589', 'lNONMMUG036314', 'lNONMMUG036495', 'lNONMMUG038170', 'lNONMMUG038692', 'lNONMMUG038718', 'lNONMMUG039825', 'lNONMMUG041948', 'lNONMMUG042190', 'lNONMMUG043393', 'lNONMMUG043843', 'lNONMMUG044302', 'lNONMMUG045259', 'lENSMUSG00000085908', 'lENSMUSG00000103692', 'lENSMUSG00000106828', 'lENSMUSG00000107766', 'lGm13291', 'lSnord11', 'lSnord67']","[0.0, 0.0, 0.0, 0.0, 0.0, 1.0, 0.0, 1.0, 1.0, 0.0, 0.0, 0.0, 0.0, 0.0, 0.0, 0.0, 0.0, 1.0, 0.0, 1.0, 1.0, 1.0, 1.0, 1.0, 1.0, 0.0, 1.0, 0.0, 1.0, 0.0, 1.0, 1.0, 1.0, 0.0, 1.0, 1.0, 0.0, 0.0, 1.0, 0.0, 0.0, 0.0, 0.0, 0.0, 0.0, 1.0, 0.0, 1.0, 0.0, 0.0, 1.0, 1.0, 0.0, 1.0, 0.0, 0.0, 0.0, 1.0, 0.0, 1.0, 1.0, 0.0, 0.0, 0.0, 0.0, 0.0, 1.0, 1.0, 1.0, 1.0, 1.0, 1.0, 1.0, 1.0, 1.0, 1.0, 1.0, 1.0, 1.0, 1.0, 1.0, 1.0, 0.0, 1.0, 0.0, 1.0, 0.0]",['lNONMMUG039685'],[0.0],[0.0],[0.1395420010526366]
17,"['lNONMMUG000508', 'lNONMMUG002215', 'lNONMMUG002239', 'lNONMMUG009962', 'lNONMMUG013211', 'lNONMMUG017485', 'lNONMMUG017913', 'lNONMMUG020673', 'lNONMMUG023454', 'lNONMMUG026355', 'lNONMMUG029813', 'lNONMMUG030202', 'lNONMMUG033401', 'lNONMMUG034886', 'lNONMMUG038355', 'lNONMMUG039685', 'lNONMMUG041781', 'lNONMMUG045568', 'lNONMMUG045569', 'lNONMMUG045574', 'lENSMUSG00000044471', 'lENSMUSG00000075277', 'lENSMUSG00000078190', 'lENSMUSG00000078247', 'lENSMUSG00000085354', 'lENSMUSG00000085715', 'lENSMUSG00000085873', 'lENSMUSG00000086035', 'lENSMUSG00000086141', 'lENSMUSG00000090063', 'lENSMUSG00000097336', 'lENSMUSG00000097571', 'lENSMUSG00000097767', 'lENSMUSG00000098439', 'lENSMUSG00000101609', 'lENSMUSG00000106519', 'l9030622O22Rik', 'lDlx6os1', 'lDnm3os', 'lGas5', 'lGm12610', 'lMiat', 'lNeat1', 'lNONMMUG002771', 'lNONMMUG004366', 'lNONMMUG007120', 'lNONMMUG008199', 'lNONMMUG009173', 'lNONMMUG009235', 'lNONMMUG010099', 'lNONMMUG012984', 'lNONMMUG013851', 'lNONMMUG014034', 'lNONMMUG017321', 'lNONMMUG017372', 'lNONMMUG019692', 'lNONMMUG020560', 'lNONMMUG021010', 'lNONMMUG023106', 'lNONMMUG024809', 'lNONMMUG025805', 'lNONMMUG029789', 'lNONMMUG031524', 'lNONMMUG031860', 'lNONMMUG032531', 'lNONMMUG033434', 'lNONMMUG034060', 'lNONMMUG035589', 'lNONMMUG036314', 'lNONMMUG036495', 'lNONMMUG038170', 'lNONMMUG038692', 'lNONMMUG038718', 'lNONMMUG039825', 'lNONMMUG041948', 'lNONMMUG042190', 'lNONMMUG043393', 'lNONMMUG043843', 'lNONMMUG044302', 'lNONMMUG045259', 'lENSMUSG00000085908', 'lENSMUSG00000103692', 'lENSMUSG00000106828', 'lENSMUSG00000107766', 'lGm13291', 'lSnord11', 'lSnord67']","[0.0, 0.0, 0.0, 0.0, 0.0, 1.0, 0.0, 1.0, 1.0, 0.0, 0.0, 0.0, 0.0, 0.0, 0.0, 0.0, 0.0, 1.0, 0.0, 1.0, 1.0, 1.0, 1.0, 1.0, 1.0, 0.0, 1.0, 0.0, 1.0, 0.0, 1.0, 1.0, 1.0, 0.0, 1.0, 1.0, 0.0, 0.0, 1.0, 0.0, 0.0, 0.0, 0.0, 0.0, 0.0, 1.0, 0.0, 1.0, 0.0, 0.0, 1.0, 1.0, 0.0, 1.0, 0.0, 0.0, 0.0, 1.0, 0.0, 1.0, 1.0, 0.0, 0.0, 0.0, 0.0, 0.0, 1.0, 1.0, 1.0, 1.0, 1.0, 1.0, 1.0, 1.0, 1.0, 1.0, 1.0, 1.0, 1.0, 1.0, 1.0, 1.0, 0.0, 1.0, 0.0, 1.0, 0.0]",['lNONMMUG041158'],[0.0],[1.0],[0.9999990954177367]
18,"['lNONMMUG000508', 'lNONMMUG002215', 'lNONMMUG002239', 'lNONMMUG009962', 'lNONMMUG013211', 'lNONMMUG017485', 'lNONMMUG017913', 'lNONMMUG020673', 'lNONMMUG023454', 'lNONMMUG026355', 'lNONMMUG029813', 'lNONMMUG030202', 'lNONMMUG033401', 'lNONMMUG034886', 'lNONMMUG038355', 'lNONMMUG039685', 'lNONMMUG041158', 'lNONMMUG045568', 'lNONMMUG045569', 'lNONMMUG045574', 'lENSMUSG00000044471', 'lENSMUSG00000075277', 'lENSMUSG00000078190', 'lENSMUSG00000078247', 'lENSMUSG00000085354', 'lENSMUSG00000085715', 'lENSMUSG00000085873', 'lENSMUSG00000086035', 'lENSMUSG00000086141', 'lENSMUSG00000090063', 'lENSMUSG00000097336', 'lENSMUSG00000097571', 'lENSMUSG00000097767', 'lENSMUSG00000098439', 'lENSMUSG00000101609', 'lENSMUSG00000106519', 'l9030622O22Rik', 'lDlx6os1', 'lDnm3os', 'lGas5', 'lGm12610', 'lMiat', 'lNeat1', 'lNONMMUG002771', 'lNONMMUG004366', 'lNONMMUG007120', 'lNONMMUG008199', 'lNONMMUG009173', 'lNONMMUG009235', 'lNONMMUG010099', 'lNONMMUG012984', 'lNONMMUG013851', 'lNONMMUG014034', 'lNONMMUG017321', 'lNONMMUG017372', 'lNONMMUG019692', 'lNONMMUG020560', 'lNONMMUG021010', 'lNONMMUG023106', 'lNONMMUG024809', 'lNONMMUG025805', 'lNONMMUG029789', 'lNONMMUG031524', 'lNONMMUG031860', 'lNONMMUG032531', 'lNONMMUG033434', 'lNONMMUG034060', 'lNONMMUG035589', 'lNONMMUG036314', 'lNONMMUG036495', 'lNONMMUG038170', 'lNONMMUG038692', 'lNONMMUG038718', 'lNONMMUG039825', 'lNONMMUG041948', 'lNONMMUG042190', 'lNONMMUG043393', 'lNONMMUG043843', 'lNONMMUG044302', 'lNONMMUG045259', 'lENSMUSG00000085908', 'lENSMUSG00000103692', 'lENSMUSG00000106828', 'lENSMUSG00000107766', 'lGm13291', 'lSnord11', 'lSnord67']","[0.0, 0.0, 0.0, 0.0, 0.0, 1.0, 0.0, 1.0, 1.0, 0.0, 0.0, 0.0, 0.0, 0.0, 0.0, 0.0, 0.0, 1.0, 0.0, 1.0, 1.0, 1.0, 1.0, 1.0, 1.0, 0.0, 1.0, 0.0, 1.0, 0.0, 1.0, 1.0, 1.0, 0.0, 1.0, 1.0, 0.0, 0.0, 1.0, 0.0, 0.0, 0.0, 0.0, 0.0, 0.0, 1.0, 0.0, 1.0, 0.0, 0.0, 1.0, 1.0, 0.0, 1.0, 0.0, 0.0, 0.0, 1.0, 0.0, 1.0, 1.0, 0.0, 0.0, 0.0, 0.0, 0.0, 1.0, 1.0, 1.0, 1.0, 1.0, 1.0, 1.0, 1.0, 1.0, 1.0, 1.0, 1.0, 1.0, 1.0, 1.0, 1.0, 0.0, 1.0, 0.0, 1.0, 0.0]",['lNONMMUG041781'],[0.0],[1.0],[0.9998355034390457]
19,"['lNONMMUG000508', 'lNONMMUG002215', 'lNONMMUG002239', 'lNONMMUG009962', 'lNONMMUG013211', 'lNONMMUG017485', 'lNONMMUG017913', 'lNONMMUG020673', 'lNONMMUG023454', 'lNONMMUG026355', 'lNONMMUG029813', 'lNONMMUG030202', 'lNONMMUG033401', 'lNONMMUG034886', 'lNONMMUG038355', 'lNONMMUG039685', 'lNONMMUG041158', 'lNONMMUG041781', 'lNONMMUG045569', 'lNONMMUG045574', 'lENSMUSG00000044471', 'lENSMUSG00000075277', 'lENSMUSG00000078190', 'lENSMUSG00000078247', 'lENSMUSG00000085354', 'lENSMUSG00000085715', 'lENSMUSG00000085873', 'lENSMUSG00000086035', 'lENSMUSG00000086141', 'lENSMUSG00000090063', 'lENSMUSG00000097336', 'lENSMUSG00000097571', 'lENSMUSG00000097767', 'lENSMUSG00000098439', 'lENSMUSG00000101609', 'lENSMUSG00000106519', 'l9030622O22Rik', 'lDlx6os1', 'lDnm3os', 'lGas5', 'lGm12610', 'lMiat', 'lNeat1', 'lNONMMUG002771', 'lNONMMUG004366', 'lNONMMUG007120', 'lNONMMUG008199', 'lNONMMUG009173', 'lNONMMUG009235', 'lNONMMUG010099', 'lNONMMUG012984', 'lNONMMUG013851', 'lNONMMUG014034', 'lNONMMUG017321', 'lNONMMUG017372', 'lNONMMUG019692', 'lNONMMUG020560', 'lNONMMUG021010', 'lNONMMUG023106', 'lNONMMUG024809', 'lNONMMUG025805', 'lNONMMUG029789', 'lNONMMUG031524', 'lNONMMUG031860', 'lNONMMUG032531', 'lNONMMUG033434', 'lNONMMUG034060', 'lNONMMUG035589', 'lNONMMUG036314', 'lNONMMUG036495', 'lNONMMUG038170', 'lNONMMUG038692', 'lNONMMUG038718', 'lNONMMUG039825', 'lNONMMUG041948', 'lNONMMUG042190', 'lNONMMUG043393', 'lNONMMUG043843', 'lNONMMUG044302', 'lNONMMUG045259', 'lENSMUSG00000085908', 'lENSMUSG00000103692', 'lENSMUSG00000106828', 'lENSMUSG00000107766', 'lGm13291', 'lSnord11', 'lSnord67']","[0.0, 0.0, 0.0, 0.0, 0.0, 1.0, 0.0, 1.0, 1.0, 0.0, 0.0, 0.0, 0.0, 0.0, 0.0, 0.0, 0.0, 0.0, 0.0, 1.0, 1.0, 1.0, 1.0, 1.0, 1.0, 0.0, 1.0, 0.0, 1.0, 0.0, 1.0, 1.0, 1.0, 0.0, 1.0, 1.0, 0.0, 0.0, 1.0, 0.0, 0.0, 0.0, 0.0, 0.0, 0.0, 1.0, 0.0, 1.0, 0.0, 0.0, 1.0, 1.0, 0.0, 1.0, 0.0, 0.0, 0.0, 1.0, 0.0, 1.0, 1.0, 0.0, 0.0, 0.0, 0.0, 0.0, 1.0, 1.0, 1.0, 1.0, 1.0, 1.0, 1.0, 1.0, 1.0, 1.0, 1.0, 1.0, 1.0, 1.0, 1.0, 1.0, 0.0, 1.0, 0.0, 1.0, 0.0]",['lNONMMUG045568'],[1.0],[0.0],[0.006200883597534905]
20,"['lNONMMUG000508', 'lNONMMUG002215', 'lNONMMUG002239', 'lNONMMUG009962', 'lNONMMUG013211', 'lNONMMUG017485', 'lNONMMUG017913', 'lNONMMUG020673', 'lNONMMUG023454', 'lNONMMUG026355', 'lNONMMUG029813', 'lNONMMUG030202', 'lNONMMUG033401', 'lNONMMUG034886', 'lNONMMUG038355', 'lNONMMUG039685', 'lNONMMUG041158', 'lNONMMUG041781', 'lNONMMUG045568', 'lNONMMUG045574', 'lENSMUSG00000044471', 'lENSMUSG00000075277', 'lENSMUSG00000078190', 'lENSMUSG00000078247', 'lENSMUSG00000085354', 'lENSMUSG00000085715', 'lENSMUSG00000085873', 'lENSMUSG00000086035', 'lENSMUSG00000086141', 'lENSMUSG00000090063', 'lENSMUSG00000097336', 'lENSMUSG00000097571', 'lENSMUSG00000097767', 'lENSMUSG00000098439', 'lENSMUSG00000101609', 'lENSMUSG00000106519', 'l9030622O22Rik', 'lDlx6os1', 'lDnm3os', 'lGas5', 'lGm12610', 'lMiat', 'lNeat1', 'lNONMMUG002771', 'lNONMMUG004366', 'lNONMMUG007120', 'lNONMMUG008199', 'lNONMMUG009173', 'lNONMMUG009235', 'lNONMMUG010099', 'lNONMMUG012984', 'lNONMMUG013851', 'lNONMMUG014034', 'lNONMMUG017321', 'lNONMMUG017372', 'lNONMMUG019692', 'lNONMMUG020560', 'lNONMMUG021010', 'lNONMMUG023106', 'lNONMMUG024809', 'lNONMMUG025805', 'lNONMMUG029789', 'lNONMMUG031524', 'lNONMMUG031860', 'lNONMMUG032531', 'lNONMMUG033434', 'lNONMMUG034060', 'lNONMMUG035589', 'lNONMMUG036314', 'lNONMMUG036495', 'lNONMMUG038170', 'lNONMMUG038692', 'lNONMMUG038718', 'lNONMMUG039825', 'lNONMMUG041948', 'lNONMMUG042190', 'lNONMMUG043393', 'lNONMMUG043843', 'lNONMMUG044302', 'lNONMMUG045259', 'lENSMUSG00000085908', 'lENSMUSG00000103692', 'lENSMUSG00000106828', 'lENSMUSG00000107766', 'lGm13291', 'lSnord11', 'lSnord67']","[0.0, 0.0, 0.0, 0.0, 0.0, 1.0, 0.0, 1.0, 1.0, 0.0, 0.0, 0.0, 0.0, 0.0, 0.0, 0.0, 0.0, 0.0, 1.0, 1.0, 1.0, 1.0, 1.0, 1.0, 1.0, 0.0, 1.0, 0.0, 1.0, 0.0, 1.0, 1.0, 1.0, 0.0, 1.0, 1.0, 0.0, 0.0, 1.0, 0.0, 0.0, 0.0, 0.0, 0.0, 0.0, 1.0, 0.0, 1.0, 0.0, 0.0, 1.0, 1.0, 0.0, 1.0, 0.0, 0.0, 0.0, 1.0, 0.0, 1.0, 1.0, 0.0, 0.0, 0.0, 0.0, 0.0, 1.0, 1.0, 1.0, 1.0, 1.0, 1.0, 1.0, 1.0, 1.0, 1.0, 1.0, 1.0, 1.0, 1.0, 1.0, 1.0, 0.0, 1.0, 0.0, 1.0, 0.0]",['lNONMMUG045569'],[0.0],[0.0],[0.02990396199838311]
21,"['lNONMMUG000508', 'lNONMMUG002215', 'lNONMMUG002239', 'lNONMMUG009962', 'lNONMMUG013211', 'lNONMMUG017485', 'lNONMMUG017913', 'lNONMMUG020673', 'lNONMMUG023454', 'lNONMMUG026355', 'lNONMMUG029813', 'lNONMMUG030202', 'lNONMMUG033401', 'lNONMMUG034886', 'lNONMMUG038355', 'lNONMMUG039685', 'lNONMMUG041158', 'lNONMMUG041781', 'lNONMMUG045568', 'lNONMMUG045569', 'lENSMUSG00000044471', 'lENSMUSG00000075277', 'lENSMUSG00000078190', 'lENSMUSG00000078247', 'lENSMUSG00000085354', 'lENSMUSG00000085715', 'lENSMUSG00000085873', 'lENSMUSG00000086035', 'lENSMUSG00000086141', 'lENSMUSG00000090063', 'lENSMUSG00000097336', 'lENSMUSG00000097571', 'lENSMUSG00000097767', 'lENSMUSG00000098439', 'lENSMUSG00000101609', 'lENSMUSG00000106519', 'l9030622O22Rik', 'lDlx6os1', 'lDnm3os', 'lGas5', 'lGm12610', 'lMiat', 'lNeat1', 'lNONMMUG002771', 'lNONMMUG004366', 'lNONMMUG007120', 'lNONMMUG008199', 'lNONMMUG009173', 'lNONMMUG009235', 'lNONMMUG010099', 'lNONMMUG012984', 'lNONMMUG013851', 'lNONMMUG014034', 'lNONMMUG017321', 'lNONMMUG017372', 'lNONMMUG019692', 'lNONMMUG020560', 'lNONMMUG021010', 'lNONMMUG023106', 'lNONMMUG024809', 'lNONMMUG025805', 'lNONMMUG029789', 'lNONMMUG031524', 'lNONMMUG031860', 'lNONMMUG032531', 'lNONMMUG033434', 'lNONMMUG034060', 'lNONMMUG035589', 'lNONMMUG036314', 'lNONMMUG036495', 'lNONMMUG038170', 'lNONMMUG038692', 'lNONMMUG038718', 'lNONMMUG039825', 'lNONMMUG041948', 'lNONMMUG042190', 'lNONMMUG043393', 'lNONMMUG043843', 'lNONMMUG044302', 'lNONMMUG045259', 'lENSMUSG00000085908', 'lENSMUSG00000103692', 'lENSMUSG00000106828', 'lENSMUSG00000107766', 'lGm13291', 'lSnord11', 'lSnord67']","[0.0, 0.0, 0.0, 0.0, 0.0, 1.0, 0.0, 1.0, 1.0, 0.0, 0.0, 0.0, 0.0, 0.0, 0.0, 0.0, 0.0, 0.0, 1.0, 0.0, 1.0, 1.0, 1.0, 1.0, 1.0, 0.0, 1.0, 0.0, 1.0, 0.0, 1.0, 1.0, 1.0, 0.0, 1.0, 1.0, 0.0, 0.0, 1.0, 0.0, 0.0, 0.0, 0.0, 0.0, 0.0, 1.0, 0.0, 1.0, 0.0, 0.0, 1.0, 1.0, 0.0, 1.0, 0.0, 0.0, 0.0, 1.0, 0.0, 1.0, 1.0, 0.0, 0.0, 0.0, 0.0, 0.0, 1.0, 1.0, 1.0, 1.0, 1.0, 1.0, 1.0, 1.0, 1.0, 1.0, 1.0, 1.0, 1.0, 1.0, 1.0, 1.0, 0.0, 1.0, 0.0, 1.0, 0.0]",['lNONMMUG045574'],[1.0],[0.0],[0.007046503962826478]
22,"['lNONMMUG000508', 'lNONMMUG002215', 'lNONMMUG002239', 'lNONMMUG009962', 'lNONMMUG013211', 'lNONMMUG017485', 'lNONMMUG017913', 'lNONMMUG020673', 'lNONMMUG023454', 'lNONMMUG026355', 'lNONMMUG029813', 'lNONMMUG030202', 'lNONMMUG033401', 'lNONMMUG034886', 'lNONMMUG038355', 'lNONMMUG039685', 'lNONMMUG041158', 'lNONMMUG041781', 'lNONMMUG045568', 'lNONMMUG045569', 'lNONMMUG045574', 'lENSMUSG00000075277', 'lENSMUSG00000078190', 'lENSMUSG00000078247', 'lENSMUSG00000085354', 'lENSMUSG00000085715', 'lENSMUSG00000085873', 'lENSMUSG00000086035', 'lENSMUSG00000086141', 'lENSMUSG00000090063', 'lENSMUSG00000097336', 'lENSMUSG00000097571', 'lENSMUSG00000097767', 'lENSMUSG00000098439', 'lENSMUSG00000101609', 'lENSMUSG00000106519', 'l9030622O22Rik', 'lDlx6os1', 'lDnm3os', 'lGas5', 'lGm12610', 'lMiat', 'lNeat1', 'lNONMMUG002771', 'lNONMMUG004366', 'lNONMMUG007120', 'lNONMMUG008199', 'lNONMMUG009173', 'lNONMMUG009235', 'lNONMMUG010099', 'lNONMMUG012984', 'lNONMMUG013851', 'lNONMMUG014034', 'lNONMMUG017321', 'lNONMMUG017372', 'lNONMMUG019692', 'lNONMMUG020560', 'lNONMMUG021010', 'lNONMMUG023106', 'lNONMMUG024809', 'lNONMMUG025805', 'lNONMMUG029789', 'lNONMMUG031524', 'lNONMMUG031860', 'lNONMMUG032531', 'lNONMMUG033434', 'lNONMMUG034060', 'lNONMMUG035589', 'lNONMMUG036314', 'lNONMMUG036495', 'lNONMMUG038170', 'lNONMMUG038692', 'lNONMMUG038718', 'lNONMMUG039825', 'lNONMMUG041948', 'lNONMMUG042190', 'lNONMMUG043393', 'lNONMMUG043843', 'lNONMMUG044302', 'lNONMMUG045259', 'lENSMUSG00000085908', 'lENSMUSG00000103692', 'lENSMUSG00000106828', 'lENSMUSG00000107766', 'lGm13291', 'lSnord11', 'lSnord67']","[0.0, 0.0, 0.0, 0.0, 0.0, 1.0, 0.0, 1.0, 1.0, 0.0, 0.0, 0.0, 0.0, 0.0, 0.0, 0.0, 0.0, 0.0, 1.0, 0.0, 1.0, 1.0, 1.0, 1.0, 1.0, 0.0, 1.0, 0.0, 1.0, 0.0, 1.0, 1.0, 1.0, 0.0, 1.0, 1.0, 0.0, 0.0, 1.0, 0.0, 0.0, 0.0, 0.0, 0.0, 0.0, 1.0, 0.0, 1.0, 0.0, 0.0, 1.0, 1.0, 0.0, 1.0, 0.0, 0.0, 0.0, 1.0, 0.0, 1.0, 1.0, 0.0, 0.0, 0.0, 0.0, 0.0, 1.0, 1.0, 1.0, 1.0, 1.0, 1.0, 1.0, 1.0, 1.0, 1.0, 1.0, 1.0, 1.0, 1.0, 1.0, 1.0, 0.0, 1.0, 0.0, 1.0, 0.0]",['lENSMUSG00000044471'],[1.0],[0.0],[0.0032471708724412804]
23,"['lNONMMUG000508', 'lNONMMUG002215', 'lNONMMUG002239', 'lNONMMUG009962', 'lNONMMUG013211', 'lNONMMUG017485', 'lNONMMUG017913', 'lNONMMUG020673', 'lNONMMUG023454', 'lNONMMUG026355', 'lNONMMUG029813', 'lNONMMUG030202', 'lNONMMUG033401', 'lNONMMUG034886', 'lNONMMUG038355', 'lNONMMUG039685', 'lNONMMUG041158', 'lNONMMUG041781', 'lNONMMUG045568', 'lNONMMUG045569', 'lNONMMUG045574', 'lENSMUSG00000044471', 'lENSMUSG00000078190', 'lENSMUSG00000078247', 'lENSMUSG00000085354', 'lENSMUSG00000085715', 'lENSMUSG00000085873', 'lENSMUSG00000086035', 'lENSMUSG00000086141', 'lENSMUSG00000090063', 'lENSMUSG00000097336', 'lENSMUSG00000097571', 'lENSMUSG00000097767', 'lENSMUSG00000098439', 'lENSMUSG00000101609', 'lENSMUSG00000106519', 'l9030622O22Rik', 'lDlx6os1', 'lDnm3os', 'lGas5', 'lGm12610', 'lMiat', 'lNeat1', 'lNONMMUG002771', 'lNONMMUG004366', 'lNONMMUG007120', 'lNONMMUG008199', 'lNONMMUG009173', 'lNONMMUG009235', 'lNONMMUG010099', 'lNONMMUG012984', 'lNONMMUG013851', 'lNONMMUG014034', 'lNONMMUG017321', 'lNONMMUG017372', 'lNONMMUG019692', 'lNONMMUG020560', 'lNONMMUG021010', 'lNONMMUG023106', 'lNONMMUG024809', 'lNONMMUG025805', 'lNONMMUG029789', 'lNONMMUG031524', 'lNONMMUG031860', 'lNONMMUG032531', 'lNONMMUG033434', 'lNONMMUG034060', 'lNONMMUG035589', 'lNONMMUG036314', 'lNONMMUG036495', 'lNONMMUG038170', 'lNONMMUG038692', 'lNONMMUG038718', 'lNONMMUG039825', 'lNONMMUG041948', 'lNONMMUG042190', 'lNONMMUG043393', 'lNONMMUG043843', 'lNONMMUG044302', 'lNONMMUG045259', 'lENSMUSG00000085908', 'lENSMUSG00000103692', 'lENSMUSG00000106828', 'lENSMUSG00000107766', 'lGm13291', 'lSnord11', 'lSnord67']","[0.0, 0.0, 0.0, 0.0, 0.0, 1.0, 0.0, 1.0, 1.0, 0.0, 0.0, 0.0, 0.0, 0.0, 0.0, 0.0, 0.0, 0.0, 1.0, 0.0, 1.0, 1.0, 1.0, 1.0, 1.0, 0.0, 1.0, 0.0, 1.0, 0.0, 1.0, 1.0, 1.0, 0.0, 1.0, 1.0, 0.0, 0.0, 1.0, 0.0, 0.0, 0.0, 0.0, 0.0, 0.0, 1.0, 0.0, 1.0, 0.0, 0.0, 1.0, 1.0, 0.0, 1.0, 0.0, 0.0, 0.0, 1.0, 0.0, 1.0, 1.0, 0.0, 0.0, 0.0, 0.0, 0.0, 1.0, 1.0, 1.0, 1.0, 1.0, 1.0, 1.0, 1.0, 1.0, 1.0, 1.0, 1.0, 1.0, 1.0, 1.0, 1.0, 0.0, 1.0, 0.0, 1.0, 0.0]",['lENSMUSG00000075277'],[1.0],[1.0],[0.9939728666977606]
24,"['lNONMMUG000508', 'lNONMMUG002215', 'lNONMMUG002239', 'lNONMMUG009962', 'lNONMMUG013211', 'lNONMMUG017485', 'lNONMMUG017913', 'lNONMMUG020673', 'lNONMMUG023454', 'lNONMMUG026355', 'lNONMMUG029813', 'lNONMMUG030202', 'lNONMMUG033401', 'lNONMMUG034886', 'lNONMMUG038355', 'lNONMMUG039685', 'lNONMMUG041158', 'lNONMMUG041781', 'lNONMMUG045568', 'lNONMMUG045569', 'lNONMMUG045574', 'lENSMUSG00000044471', 'lENSMUSG00000075277', 'lENSMUSG00000078247', 'lENSMUSG00000085354', 'lENSMUSG00000085715', 'lENSMUSG00000085873', 'lENSMUSG00000086035', 'lENSMUSG00000086141', 'lENSMUSG00000090063', 'lENSMUSG00000097336', 'lENSMUSG00000097571', 'lENSMUSG00000097767', 'lENSMUSG00000098439', 'lENSMUSG00000101609', 'lENSMUSG00000106519', 'l9030622O22Rik', 'lDlx6os1', 'lDnm3os', 'lGas5', 'lGm12610', 'lMiat', 'lNeat1', 'lNONMMUG002771', 'lNONMMUG004366', 'lNONMMUG007120', 'lNONMMUG008199', 'lNONMMUG009173', 'lNONMMUG009235', 'lNONMMUG010099', 'lNONMMUG012984', 'lNONMMUG013851', 'lNONMMUG014034', 'lNONMMUG017321', 'lNONMMUG017372', 'lNONMMUG019692', 'lNONMMUG020560', 'lNONMMUG021010', 'lNONMMUG023106', 'lNONMMUG024809', 'lNONMMUG025805', 'lNONMMUG029789', 'lNONMMUG031524', 'lNONMMUG031860', 'lNONMMUG032531', 'lNONMMUG033434', 'lNONMMUG034060', 'lNONMMUG035589', 'lNONMMUG036314', 'lNONMMUG036495', 'lNONMMUG038170', 'lNONMMUG038692', 'lNONMMUG038718', 'lNONMMUG039825', 'lNONMMUG041948', 'lNONMMUG042190', 'lNONMMUG043393', 'lNONMMUG043843', 'lNONMMUG044302', 'lNONMMUG045259', 'lENSMUSG00000085908', 'lENSMUSG00000103692', 'lENSMUSG00000106828', 'lENSMUSG00000107766', 'lGm13291', 'lSnord11', 'lSnord67']","[0.0, 0.0, 0.0, 0.0, 0.0, 1.0, 0.0, 1.0, 1.0, 0.0, 0.0, 0.0, 0.0, 0.0, 0.0, 0.0, 0.0, 0.0, 1.0, 0.0, 1.0, 1.0, 1.0, 1.0, 1.0, 0.0, 1.0, 0.0, 1.0, 0.0, 1.0, 1.0, 1.0, 0.0, 1.0, 1.0, 0.0, 0.0, 1.0, 0.0, 0.0, 0.0, 0.0, 0.0, 0.0, 1.0, 0.0, 1.0, 0.0, 0.0, 1.0, 1.0, 0.0, 1.0, 0.0, 0.0, 0.0, 1.0, 0.0, 1.0, 1.0, 0.0, 0.0, 0.0, 0.0, 0.0, 1.0, 1.0, 1.0, 1.0, 1.0, 1.0, 1.0, 1.0, 1.0, 1.0, 1.0, 1.0, 1.0, 1.0, 1.0, 1.0, 0.0, 1.0, 0.0, 1.0, 0.0]",['lENSMUSG00000078190'],[1.0],[1.0],[0.8954199740681298]
25,"['lNONMMUG000508', 'lNONMMUG002215', 'lNONMMUG002239', 'lNONMMUG009962', 'lNONMMUG013211', 'lNONMMUG017485', 'lNONMMUG017913', 'lNONMMUG020673', 'lNONMMUG023454', 'lNONMMUG026355', 'lNONMMUG029813', 'lNONMMUG030202', 'lNONMMUG033401', 'lNONMMUG034886', 'lNONMMUG038355', 'lNONMMUG039685', 'lNONMMUG041158', 'lNONMMUG041781', 'lNONMMUG045568', 'lNONMMUG045569', 'lNONMMUG045574', 'lENSMUSG00000044471', 'lENSMUSG00000075277', 'lENSMUSG00000078190', 'lENSMUSG00000085354', 'lENSMUSG00000085715', 'lENSMUSG00000085873', 'lENSMUSG00000086035', 'lENSMUSG00000086141', 'lENSMUSG00000090063', 'lENSMUSG00000097336', 'lENSMUSG00000097571', 'lENSMUSG00000097767', 'lENSMUSG00000098439', 'lENSMUSG00000101609', 'lENSMUSG00000106519', 'l9030622O22Rik', 'lDlx6os1', 'lDnm3os', 'lGas5', 'lGm12610', 'lMiat', 'lNeat1', 'lNONMMUG002771', 'lNONMMUG004366', 'lNONMMUG007120', 'lNONMMUG008199', 'lNONMMUG009173', 'lNONMMUG009235', 'lNONMMUG010099', 'lNONMMUG012984', 'lNONMMUG013851', 'lNONMMUG014034', 'lNONMMUG017321', 'lNONMMUG017372', 'lNONMMUG019692', 'lNONMMUG020560', 'lNONMMUG021010', 'lNONMMUG023106', 'lNONMMUG024809', 'lNONMMUG025805', 'lNONMMUG029789', 'lNONMMUG031524', 'lNONMMUG031860', 'lNONMMUG032531', 'lNONMMUG033434', 'lNONMMUG034060', 'lNONMMUG035589', 'lNONMMUG036314', 'lNONMMUG036495', 'lNONMMUG038170', 'lNONMMUG038692', 'lNONMMUG038718', 'lNONMMUG039825', 'lNONMMUG041948', 'lNONMMUG042190', 'lNONMMUG043393', 'lNONMMUG043843', 'lNONMMUG044302', 'lNONMMUG045259', 'lENSMUSG00000085908', 'lENSMUSG00000103692', 'lENSMUSG00000106828', 'lENSMUSG00000107766', 'lGm13291', 'lSnord11', 'lSnord67']","[0.0, 0.0, 0.0, 0.0, 0.0, 1.0, 0.0, 1.0, 1.0, 0.0, 0.0, 0.0, 0.0, 0.0, 0.0, 0.0, 0.0, 0.0, 1.0, 0.0, 1.0, 1.0, 1.0, 1.0, 1.0, 0.0, 1.0, 0.0, 1.0, 0.0, 1.0, 1.0, 1.0, 0.0, 1.0, 1.0, 0.0, 0.0, 1.0, 0.0, 0.0, 0.0, 0.0, 0.0, 0.0, 1.0, 0.0, 1.0, 0.0, 0.0, 1.0, 1.0, 0.0, 1.0, 0.0, 0.0, 0.0, 1.0, 0.0, 1.0, 1.0, 0.0, 0.0, 0.0, 0.0, 0.0, 1.0, 1.0, 1.0, 1.0, 1.0, 1.0, 1.0, 1.0, 1.0, 1.0, 1.0, 1.0, 1.0, 1.0, 1.0, 1.0, 0.0, 1.0, 0.0, 1.0, 0.0]",['lENSMUSG00000078247'],[1.0],[0.0],[9.409987784577562e-35]
26,"['lNONMMUG000508', 'lNONMMUG002215', 'lNONMMUG002239', 'lNONMMUG009962', 'lNONMMUG013211', 'lNONMMUG017485', 'lNONMMUG017913', 'lNONMMUG020673', 'lNONMMUG023454', 'lNONMMUG026355', 'lNONMMUG029813', 'lNONMMUG030202', 'lNONMMUG033401', 'lNONMMUG034886', 'lNONMMUG038355', 'lNONMMUG039685', 'lNONMMUG041158', 'lNONMMUG041781', 'lNONMMUG045568', 'lNONMMUG045569', 'lNONMMUG045574', 'lENSMUSG00000044471', 'lENSMUSG00000075277', 'lENSMUSG00000078190', 'lENSMUSG00000078247', 'lENSMUSG00000085715', 'lENSMUSG00000085873', 'lENSMUSG00000086035', 'lENSMUSG00000086141', 'lENSMUSG00000090063', 'lENSMUSG00000097336', 'lENSMUSG00000097571', 'lENSMUSG00000097767', 'lENSMUSG00000098439', 'lENSMUSG00000101609', 'lENSMUSG00000106519', 'l9030622O22Rik', 'lDlx6os1', 'lDnm3os', 'lGas5', 'lGm12610', 'lMiat', 'lNeat1', 'lNONMMUG002771', 'lNONMMUG004366', 'lNONMMUG007120', 'lNONMMUG008199', 'lNONMMUG009173', 'lNONMMUG009235', 'lNONMMUG010099', 'lNONMMUG012984', 'lNONMMUG013851', 'lNONMMUG014034', 'lNONMMUG017321', 'lNONMMUG017372', 'lNONMMUG019692', 'lNONMMUG020560', 'lNONMMUG021010', 'lNONMMUG023106', 'lNONMMUG024809', 'lNONMMUG025805', 'lNONMMUG029789', 'lNONMMUG031524', 'lNONMMUG031860', 'lNONMMUG032531', 'lNONMMUG033434', 'lNONMMUG034060', 'lNONMMUG035589', 'lNONMMUG036314', 'lNONMMUG036495', 'lNONMMUG038170', 'lNONMMUG038692', 'lNONMMUG038718', 'lNONMMUG039825', 'lNONMMUG041948', 'lNONMMUG042190', 'lNONMMUG043393', 'lNONMMUG043843', 'lNONMMUG044302', 'lNONMMUG045259', 'lENSMUSG00000085908', 'lENSMUSG00000103692', 'lENSMUSG00000106828', 'lENSMUSG00000107766', 'lGm13291', 'lSnord11', 'lSnord67']","[0.0, 0.0, 0.0, 0.0, 0.0, 1.0, 0.0, 1.0, 1.0, 0.0, 0.0, 0.0, 0.0, 0.0, 0.0, 0.0, 0.0, 0.0, 1.0, 0.0, 1.0, 1.0, 1.0, 1.0, 1.0, 0.0, 1.0, 0.0, 1.0, 0.0, 1.0, 1.0, 1.0, 0.0, 1.0, 1.0, 0.0, 0.0, 1.0, 0.0, 0.0, 0.0, 0.0, 0.0, 0.0, 1.0, 0.0, 1.0, 0.0, 0.0, 1.0, 1.0, 0.0, 1.0, 0.0, 0.0, 0.0, 1.0, 0.0, 1.0, 1.0, 0.0, 0.0, 0.0, 0.0, 0.0, 1.0, 1.0, 1.0, 1.0, 1.0, 1.0, 1.0, 1.0, 1.0, 1.0, 1.0, 1.0, 1.0, 1.0, 1.0, 1.0, 0.0, 1.0, 0.0, 1.0, 0.0]",['lENSMUSG00000085354'],[1.0],[1.0],[0.532953278694533]
27,"['lNONMMUG000508', 'lNONMMUG002215', 'lNONMMUG002239', 'lNONMMUG009962', 'lNONMMUG013211', 'lNONMMUG017485', 'lNONMMUG017913', 'lNONMMUG020673', 'lNONMMUG023454', 'lNONMMUG026355', 'lNONMMUG029813', 'lNONMMUG030202', 'lNONMMUG033401', 'lNONMMUG034886', 'lNONMMUG038355', 'lNONMMUG039685', 'lNONMMUG041158', 'lNONMMUG041781', 'lNONMMUG045568', 'lNONMMUG045569', 'lNONMMUG045574', 'lENSMUSG00000044471', 'lENSMUSG00000075277', 'lENSMUSG00000078190', 'lENSMUSG00000078247', 'lENSMUSG00000085354', 'lENSMUSG00000085873', 'lENSMUSG00000086035', 'lENSMUSG00000086141', 'lENSMUSG00000090063', 'lENSMUSG00000097336', 'lENSMUSG00000097571', 'lENSMUSG00000097767', 'lENSMUSG00000098439', 'lENSMUSG00000101609', 'lENSMUSG00000106519', 'l9030622O22Rik', 'lDlx6os1', 'lDnm3os', 'lGas5', 'lGm12610', 'lMiat', 'lNeat1', 'lNONMMUG002771', 'lNONMMUG004366', 'lNONMMUG007120', 'lNONMMUG008199', 'lNONMMUG009173', 'lNONMMUG009235', 'lNONMMUG010099', 'lNONMMUG012984', 'lNONMMUG013851', 'lNONMMUG014034', 'lNONMMUG017321', 'lNONMMUG017372', 'lNONMMUG019692', 'lNONMMUG020560', 'lNONMMUG021010', 'lNONMMUG023106', 'lNONMMUG024809', 'lNONMMUG025805', 'lNONMMUG029789', 'lNONMMUG031524', 'lNONMMUG031860', 'lNONMMUG032531', 'lNONMMUG033434', 'lNONMMUG034060', 'lNONMMUG035589', 'lNONMMUG036314', 'lNONMMUG036495', 'lNONMMUG038170', 'lNONMMUG038692', 'lNONMMUG038718', 'lNONMMUG039825', 'lNONMMUG041948', 'lNONMMUG042190', 'lNONMMUG043393', 'lNONMMUG043843', 'lNONMMUG044302', 'lNONMMUG045259', 'lENSMUSG00000085908', 'lENSMUSG00000103692', 'lENSMUSG00000106828', 'lENSMUSG00000107766', 'lGm13291', 'lSnord11', 'lSnord67']","[0.0, 0.0, 0.0, 0.0, 0.0, 1.0, 0.0, 1.0, 1.0, 0.0, 0.0, 0.0, 0.0, 0.0, 0.0, 0.0, 0.0, 0.0, 1.0, 0.0, 1.0, 1.0, 1.0, 1.0, 1.0, 1.0, 1.0, 0.0, 1.0, 0.0, 1.0, 1.0, 1.0, 0.0, 1.0, 1.0, 0.0, 0.0, 1.0, 0.0, 0.0, 0.0, 0.0, 0.0, 0.0, 1.0, 0.0, 1.0, 0.0, 0.0, 1.0, 1.0, 0.0, 1.0, 0.0, 0.0, 0.0, 1.0, 0.0, 1.0, 1.0, 0.0, 0.0, 0.0, 0.0, 0.0, 1.0, 1.0, 1.0, 1.0, 1.0, 1.0, 1.0, 1.0, 1.0, 1.0, 1.0, 1.0, 1.0, 1.0, 1.0, 1.0, 0.0, 1.0, 0.0, 1.0, 0.0]",['lENSMUSG00000085715'],[0.0],[0.0],[3.8446469081698246e-05]
28,"['lNONMMUG000508', 'lNONMMUG002215', 'lNONMMUG002239', 'lNONMMUG009962', 'lNONMMUG013211', 'lNONMMUG017485', 'lNONMMUG017913', 'lNONMMUG020673', 'lNONMMUG023454', 'lNONMMUG026355', 'lNONMMUG029813', 'lNONMMUG030202', 'lNONMMUG033401', 'lNONMMUG034886', 'lNONMMUG038355', 'lNONMMUG039685', 'lNONMMUG041158', 'lNONMMUG041781', 'lNONMMUG045568', 'lNONMMUG045569', 'lNONMMUG045574', 'lENSMUSG00000044471', 'lENSMUSG00000075277', 'lENSMUSG00000078190', 'lENSMUSG00000078247', 'lENSMUSG00000085354', 'lENSMUSG00000085715', 'lENSMUSG00000086035', 'lENSMUSG00000086141', 'lENSMUSG00000090063', 'lENSMUSG00000097336', 'lENSMUSG00000097571', 'lENSMUSG00000097767', 'lENSMUSG00000098439', 'lENSMUSG00000101609', 'lENSMUSG00000106519', 'l9030622O22Rik', 'lDlx6os1', 'lDnm3os', 'lGas5', 'lGm12610', 'lMiat', 'lNeat1', 'lNONMMUG002771', 'lNONMMUG004366', 'lNONMMUG007120', 'lNONMMUG008199', 'lNONMMUG009173', 'lNONMMUG009235', 'lNONMMUG010099', 'lNONMMUG012984', 'lNONMMUG013851', 'lNONMMUG014034', 'lNONMMUG017321', 'lNONMMUG017372', 'lNONMMUG019692', 'lNONMMUG020560', 'lNONMMUG021010', 'lNONMMUG023106', 'lNONMMUG024809', 'lNONMMUG025805', 'lNONMMUG029789', 'lNONMMUG031524', 'lNONMMUG031860', 'lNONMMUG032531', 'lNONMMUG033434', 'lNONMMUG034060', 'lNONMMUG035589', 'lNONMMUG036314', 'lNONMMUG036495', 'lNONMMUG038170', 'lNONMMUG038692', 'lNONMMUG038718', 'lNONMMUG039825', 'lNONMMUG041948', 'lNONMMUG042190', 'lNONMMUG043393', 'lNONMMUG043843', 'lNONMMUG044302', 'lNONMMUG045259', 'lENSMUSG00000085908', 'lENSMUSG00000103692', 'lENSMUSG00000106828', 'lENSMUSG00000107766', 'lGm13291', 'lSnord11', 'lSnord67']","[0.0, 0.0, 0.0, 0.0, 0.0, 1.0, 0.0, 1.0, 1.0, 0.0, 0.0, 0.0, 0.0, 0.0, 0.0, 0.0, 0.0, 0.0, 1.0, 0.0, 1.0, 1.0, 1.0, 1.0, 1.0, 1.0, 0.0, 0.0, 1.0, 0.0, 1.0, 1.0, 1.0, 0.0, 1.0, 1.0, 0.0, 0.0, 1.0, 0.0, 0.0, 0.0, 0.0, 0.0, 0.0, 1.0, 0.0, 1.0, 0.0, 0.0, 1.0, 1.0, 0.0, 1.0, 0.0, 0.0, 0.0, 1.0, 0.0, 1.0, 1.0, 0.0, 0.0, 0.0, 0.0, 0.0, 1.0, 1.0, 1.0, 1.0, 1.0, 1.0, 1.0, 1.0, 1.0, 1.0, 1.0, 1.0, 1.0, 1.0, 1.0, 1.0, 0.0, 1.0, 0.0, 1.0, 0.0]",['lENSMUSG00000085873'],[1.0],[0.0],[0.06051304000886258]
29,"['lNONMMUG000508', 'lNONMMUG002215', 'lNONMMUG002239', 'lNONMMUG009962', 'lNONMMUG013211', 'lNONMMUG017485', 'lNONMMUG017913', 'lNONMMUG020673', 'lNONMMUG023454', 'lNONMMUG026355', 'lNONMMUG029813', 'lNONMMUG030202', 'lNONMMUG033401', 'lNONMMUG034886', 'lNONMMUG038355', 'lNONMMUG039685', 'lNONMMUG041158', 'lNONMMUG041781', 'lNONMMUG045568', 'lNONMMUG045569', 'lNONMMUG045574', 'lENSMUSG00000044471', 'lENSMUSG00000075277', 'lENSMUSG00000078190', 'lENSMUSG00000078247', 'lENSMUSG00000085354', 'lENSMUSG00000085715', 'lENSMUSG00000085873', 'lENSMUSG00000086141', 'lENSMUSG00000090063', 'lENSMUSG00000097336', 'lENSMUSG00000097571', 'lENSMUSG00000097767', 'lENSMUSG00000098439', 'lENSMUSG00000101609', 'lENSMUSG00000106519', 'l9030622O22Rik', 'lDlx6os1', 'lDnm3os', 'lGas5', 'lGm12610', 'lMiat', 'lNeat1', 'lNONMMUG002771', 'lNONMMUG004366', 'lNONMMUG007120', 'lNONMMUG008199', 'lNONMMUG009173', 'lNONMMUG009235', 'lNONMMUG010099', 'lNONMMUG012984', 'lNONMMUG013851', 'lNONMMUG014034', 'lNONMMUG017321', 'lNONMMUG017372', 'lNONMMUG019692', 'lNONMMUG020560', 'lNONMMUG021010', 'lNONMMUG023106', 'lNONMMUG024809', 'lNONMMUG025805', 'lNONMMUG029789', 'lNONMMUG031524', 'lNONMMUG031860', 'lNONMMUG032531', 'lNONMMUG033434', 'lNONMMUG034060', 'lNONMMUG035589', 'lNONMMUG036314', 'lNONMMUG036495', 'lNONMMUG038170', 'lNONMMUG038692', 'lNONMMUG038718', 'lNONMMUG039825', 'lNONMMUG041948', 'lNONMMUG042190', 'lNONMMUG043393', 'lNONMMUG043843', 'lNONMMUG044302', 'lNONMMUG045259', 'lENSMUSG00000085908', 'lENSMUSG00000103692', 'lENSMUSG00000106828', 'lENSMUSG00000107766', 'lGm13291', 'lSnord11', 'lSnord67']","[0.0, 0.0, 0.0, 0.0, 0.0, 1.0, 0.0, 1.0, 1.0, 0.0, 0.0, 0.0, 0.0, 0.0, 0.0, 0.0, 0.0, 0.0, 1.0, 0.0, 1.0, 1.0, 1.0, 1.0, 1.0, 1.0, 0.0, 1.0, 1.0, 0.0, 1.0, 1.0, 1.0, 0.0, 1.0, 1.0, 0.0, 0.0, 1.0, 0.0, 0.0, 0.0, 0.0, 0.0, 0.0, 1.0, 0.0, 1.0, 0.0, 0.0, 1.0, 1.0, 0.0, 1.0, 0.0, 0.0, 0.0, 1.0, 0.0, 1.0, 1.0, 0.0, 0.0, 0.0, 0.0, 0.0, 1.0, 1.0, 1.0, 1.0, 1.0, 1.0, 1.0, 1.0, 1.0, 1.0, 1.0, 1.0, 1.0, 1.0, 1.0, 1.0, 0.0, 1.0, 0.0, 1.0, 0.0]",['lENSMUSG00000086035'],[0.0],[0.0],[0.45791009850427866]
30,"['lNONMMUG000508', 'lNONMMUG002215', 'lNONMMUG002239', 'lNONMMUG009962', 'lNONMMUG013211', 'lNONMMUG017485', 'lNONMMUG017913', 'lNONMMUG020673', 'lNONMMUG023454', 'lNONMMUG026355', 'lNONMMUG029813', 'lNONMMUG030202', 'lNONMMUG033401', 'lNONMMUG034886', 'lNONMMUG038355', 'lNONMMUG039685', 'lNONMMUG041158', 'lNONMMUG041781', 'lNONMMUG045568', 'lNONMMUG045569', 'lNONMMUG045574', 'lENSMUSG00000044471', 'lENSMUSG00000075277', 'lENSMUSG00000078190', 'lENSMUSG00000078247', 'lENSMUSG00000085354', 'lENSMUSG00000085715', 'lENSMUSG00000085873', 'lENSMUSG00000086035', 'lENSMUSG00000090063', 'lENSMUSG00000097336', 'lENSMUSG00000097571', 'lENSMUSG00000097767', 'lENSMUSG00000098439', 'lENSMUSG00000101609', 'lENSMUSG00000106519', 'l9030622O22Rik', 'lDlx6os1', 'lDnm3os', 'lGas5', 'lGm12610', 'lMiat', 'lNeat1', 'lNONMMUG002771', 'lNONMMUG004366', 'lNONMMUG007120', 'lNONMMUG008199', 'lNONMMUG009173', 'lNONMMUG009235', 'lNONMMUG010099', 'lNONMMUG012984', 'lNONMMUG013851', 'lNONMMUG014034', 'lNONMMUG017321', 'lNONMMUG017372', 'lNONMMUG019692', 'lNONMMUG020560', 'lNONMMUG021010', 'lNONMMUG023106', 'lNONMMUG024809', 'lNONMMUG025805', 'lNONMMUG029789', 'lNONMMUG031524', 'lNONMMUG031860', 'lNONMMUG032531', 'lNONMMUG033434', 'lNONMMUG034060', 'lNONMMUG035589', 'lNONMMUG036314', 'lNONMMUG036495', 'lNONMMUG038170', 'lNONMMUG038692', 'lNONMMUG038718', 'lNONMMUG039825', 'lNONMMUG041948', 'lNONMMUG042190', 'lNONMMUG043393', 'lNONMMUG043843', 'lNONMMUG044302', 'lNONMMUG045259', 'lENSMUSG00000085908', 'lENSMUSG00000103692', 'lENSMUSG00000106828', 'lENSMUSG00000107766', 'lGm13291', 'lSnord11', 'lSnord67']","[0.0, 0.0, 0.0, 0.0, 0.0, 1.0, 0.0, 1.0, 1.0, 0.0, 0.0, 0.0, 0.0, 0.0, 0.0, 0.0, 0.0, 0.0, 1.0, 0.0, 1.0, 1.0, 1.0, 1.0, 1.0, 1.0, 0.0, 1.0, 0.0, 0.0, 1.0, 1.0, 1.0, 0.0, 1.0, 1.0, 0.0, 0.0, 1.0, 0.0, 0.0, 0.0, 0.0, 0.0, 0.0, 1.0, 0.0, 1.0, 0.0, 0.0, 1.0, 1.0, 0.0, 1.0, 0.0, 0.0, 0.0, 1.0, 0.0, 1.0, 1.0, 0.0, 0.0, 0.0, 0.0, 0.0, 1.0, 1.0, 1.0, 1.0, 1.0, 1.0, 1.0, 1.0, 1.0, 1.0, 1.0, 1.0, 1.0, 1.0, 1.0, 1.0, 0.0, 1.0, 0.0, 1.0, 0.0]",['lENSMUSG00000086141'],[1.0],[0.0],[0.054766645014352584]
31,"['lNONMMUG000508', 'lNONMMUG002215', 'lNONMMUG002239', 'lNONMMUG009962', 'lNONMMUG013211', 'lNONMMUG017485', 'lNONMMUG017913', 'lNONMMUG020673', 'lNONMMUG023454', 'lNONMMUG026355', 'lNONMMUG029813', 'lNONMMUG030202', 'lNONMMUG033401', 'lNONMMUG034886', 'lNONMMUG038355', 'lNONMMUG039685', 'lNONMMUG041158', 'lNONMMUG041781', 'lNONMMUG045568', 'lNONMMUG045569', 'lNONMMUG045574', 'lENSMUSG00000044471', 'lENSMUSG00000075277', 'lENSMUSG00000078190', 'lENSMUSG00000078247', 'lENSMUSG00000085354', 'lENSMUSG00000085715', 'lENSMUSG00000085873', 'lENSMUSG00000086035', 'lENSMUSG00000086141', 'lENSMUSG00000097336', 'lENSMUSG00000097571', 'lENSMUSG00000097767', 'lENSMUSG00000098439', 'lENSMUSG00000101609', 'lENSMUSG00000106519', 'l9030622O22Rik', 'lDlx6os1', 'lDnm3os', 'lGas5', 'lGm12610', 'lMiat', 'lNeat1', 'lNONMMUG002771', 'lNONMMUG004366', 'lNONMMUG007120', 'lNONMMUG008199', 'lNONMMUG009173', 'lNONMMUG009235', 'lNONMMUG010099', 'lNONMMUG012984', 'lNONMMUG013851', 'lNONMMUG014034', 'lNONMMUG017321', 'lNONMMUG017372', 'lNONMMUG019692', 'lNONMMUG020560', 'lNONMMUG021010', 'lNONMMUG023106', 'lNONMMUG024809', 'lNONMMUG025805', 'lNONMMUG029789', 'lNONMMUG031524', 'lNONMMUG031860', 'lNONMMUG032531', 'lNONMMUG033434', 'lNONMMUG034060', 'lNONMMUG035589', 'lNONMMUG036314', 'lNONMMUG036495', 'lNONMMUG038170', 'lNONMMUG038692', 'lNONMMUG038718', 'lNONMMUG039825', 'lNONMMUG041948', 'lNONMMUG042190', 'lNONMMUG043393', 'lNONMMUG043843', 'lNONMMUG044302', 'lNONMMUG045259', 'lENSMUSG00000085908', 'lENSMUSG00000103692', 'lENSMUSG00000106828', 'lENSMUSG00000107766', 'lGm13291', 'lSnord11', 'lSnord67']","[0.0, 0.0, 0.0, 0.0, 0.0, 1.0, 0.0, 1.0, 1.0, 0.0, 0.0, 0.0, 0.0, 0.0, 0.0, 0.0, 0.0, 0.0, 1.0, 0.0, 1.0, 1.0, 1.0, 1.0, 1.0, 1.0, 0.0, 1.0, 0.0, 1.0, 1.0, 1.0, 1.0, 0.0, 1.0, 1.0, 0.0, 0.0, 1.0, 0.0, 0.0, 0.0, 0.0, 0.0, 0.0, 1.0, 0.0, 1.0, 0.0, 0.0, 1.0, 1.0, 0.0, 1.0, 0.0, 0.0, 0.0, 1.0, 0.0, 1.0, 1.0, 0.0, 0.0, 0.0, 0.0, 0.0, 1.0, 1.0, 1.0, 1.0, 1.0, 1.0, 1.0, 1.0, 1.0, 1.0, 1.0, 1.0, 1.0, 1.0, 1.0, 1.0, 0.0, 1.0, 0.0, 1.0, 0.0]",['lENSMUSG00000090063'],[0.0],[1.0],[0.9927902286887824]
32,"['lNONMMUG000508', 'lNONMMUG002215', 'lNONMMUG002239', 'lNONMMUG009962', 'lNONMMUG013211', 'lNONMMUG017485', 'lNONMMUG017913', 'lNONMMUG020673', 'lNONMMUG023454', 'lNONMMUG026355', 'lNONMMUG029813', 'lNONMMUG030202', 'lNONMMUG033401', 'lNONMMUG034886', 'lNONMMUG038355', 'lNONMMUG039685', 'lNONMMUG041158', 'lNONMMUG041781', 'lNONMMUG045568', 'lNONMMUG045569', 'lNONMMUG045574', 'lENSMUSG00000044471', 'lENSMUSG00000075277', 'lENSMUSG00000078190', 'lENSMUSG00000078247', 'lENSMUSG00000085354', 'lENSMUSG00000085715', 'lENSMUSG00000085873', 'lENSMUSG00000086035', 'lENSMUSG00000086141', 'lENSMUSG00000090063', 'lENSMUSG00000097571', 'lENSMUSG00000097767', 'lENSMUSG00000098439', 'lENSMUSG00000101609', 'lENSMUSG00000106519', 'l9030622O22Rik', 'lDlx6os1', 'lDnm3os', 'lGas5', 'lGm12610', 'lMiat', 'lNeat1', 'lNONMMUG002771', 'lNONMMUG004366', 'lNONMMUG007120', 'lNONMMUG008199', 'lNONMMUG009173', 'lNONMMUG009235', 'lNONMMUG010099', 'lNONMMUG012984', 'lNONMMUG013851', 'lNONMMUG014034', 'lNONMMUG017321', 'lNONMMUG017372', 'lNONMMUG019692', 'lNONMMUG020560', 'lNONMMUG021010', 'lNONMMUG023106', 'lNONMMUG024809', 'lNONMMUG025805', 'lNONMMUG029789', 'lNONMMUG031524', 'lNONMMUG031860', 'lNONMMUG032531', 'lNONMMUG033434', 'lNONMMUG034060', 'lNONMMUG035589', 'lNONMMUG036314', 'lNONMMUG036495', 'lNONMMUG038170', 'lNONMMUG038692', 'lNONMMUG038718', 'lNONMMUG039825', 'lNONMMUG041948', 'lNONMMUG042190', 'lNONMMUG043393', 'lNONMMUG043843', 'lNONMMUG044302', 'lNONMMUG045259', 'lENSMUSG00000085908', 'lENSMUSG00000103692', 'lENSMUSG00000106828', 'lENSMUSG00000107766', 'lGm13291', 'lSnord11', 'lSnord67']","[0.0, 0.0, 0.0, 0.0, 0.0, 1.0, 0.0, 1.0, 1.0, 0.0, 0.0, 0.0, 0.0, 0.0, 0.0, 0.0, 0.0, 0.0, 1.0, 0.0, 1.0, 1.0, 1.0, 1.0, 1.0, 1.0, 0.0, 1.0, 0.0, 1.0, 0.0, 1.0, 1.0, 0.0, 1.0, 1.0, 0.0, 0.0, 1.0, 0.0, 0.0, 0.0, 0.0, 0.0, 0.0, 1.0, 0.0, 1.0, 0.0, 0.0, 1.0, 1.0, 0.0, 1.0, 0.0, 0.0, 0.0, 1.0, 0.0, 1.0, 1.0, 0.0, 0.0, 0.0, 0.0, 0.0, 1.0, 1.0, 1.0, 1.0, 1.0, 1.0, 1.0, 1.0, 1.0, 1.0, 1.0, 1.0, 1.0, 1.0, 1.0, 1.0, 0.0, 1.0, 0.0, 1.0, 0.0]",['lENSMUSG00000097336'],[1.0],[1.0],[0.8554406092682223]
33,"['lNONMMUG000508', 'lNONMMUG002215', 'lNONMMUG002239', 'lNONMMUG009962', 'lNONMMUG013211', 'lNONMMUG017485', 'lNONMMUG017913', 'lNONMMUG020673', 'lNONMMUG023454', 'lNONMMUG026355', 'lNONMMUG029813', 'lNONMMUG030202', 'lNONMMUG033401', 'lNONMMUG034886', 'lNONMMUG038355', 'lNONMMUG039685', 'lNONMMUG041158', 'lNONMMUG041781', 'lNONMMUG045568', 'lNONMMUG045569', 'lNONMMUG045574', 'lENSMUSG00000044471', 'lENSMUSG00000075277', 'lENSMUSG00000078190', 'lENSMUSG00000078247', 'lENSMUSG00000085354', 'lENSMUSG00000085715', 'lENSMUSG00000085873', 'lENSMUSG00000086035', 'lENSMUSG00000086141', 'lENSMUSG00000090063', 'lENSMUSG00000097336', 'lENSMUSG00000097767', 'lENSMUSG00000098439', 'lENSMUSG00000101609', 'lENSMUSG00000106519', 'l9030622O22Rik', 'lDlx6os1', 'lDnm3os', 'lGas5', 'lGm12610', 'lMiat', 'lNeat1', 'lNONMMUG002771', 'lNONMMUG004366', 'lNONMMUG007120', 'lNONMMUG008199', 'lNONMMUG009173', 'lNONMMUG009235', 'lNONMMUG010099', 'lNONMMUG012984', 'lNONMMUG013851', 'lNONMMUG014034', 'lNONMMUG017321', 'lNONMMUG017372', 'lNONMMUG019692', 'lNONMMUG020560', 'lNONMMUG021010', 'lNONMMUG023106', 'lNONMMUG024809', 'lNONMMUG025805', 'lNONMMUG029789', 'lNONMMUG031524', 'lNONMMUG031860', 'lNONMMUG032531', 'lNONMMUG033434', 'lNONMMUG034060', 'lNONMMUG035589', 'lNONMMUG036314', 'lNONMMUG036495', 'lNONMMUG038170', 'lNONMMUG038692', 'lNONMMUG038718', 'lNONMMUG039825', 'lNONMMUG041948', 'lNONMMUG042190', 'lNONMMUG043393', 'lNONMMUG043843', 'lNONMMUG044302', 'lNONMMUG045259', 'lENSMUSG00000085908', 'lENSMUSG00000103692', 'lENSMUSG00000106828', 'lENSMUSG00000107766', 'lGm13291', 'lSnord11', 'lSnord67']","[0.0, 0.0, 0.0, 0.0, 0.0, 1.0, 0.0, 1.0, 1.0, 0.0, 0.0, 0.0, 0.0, 0.0, 0.0, 0.0, 0.0, 0.0, 1.0, 0.0, 1.0, 1.0, 1.0, 1.0, 1.0, 1.0, 0.0, 1.0, 0.0, 1.0, 0.0, 1.0, 1.0, 0.0, 1.0, 1.0, 0.0, 0.0, 1.0, 0.0, 0.0, 0.0, 0.0, 0.0, 0.0, 1.0, 0.0, 1.0, 0.0, 0.0, 1.0, 1.0, 0.0, 1.0, 0.0, 0.0, 0.0, 1.0, 0.0, 1.0, 1.0, 0.0, 0.0, 0.0, 0.0, 0.0, 1.0, 1.0, 1.0, 1.0, 1.0, 1.0, 1.0, 1.0, 1.0, 1.0, 1.0, 1.0, 1.0, 1.0, 1.0, 1.0, 0.0, 1.0, 0.0, 1.0, 0.0]",['lENSMUSG00000097571'],[1.0],[1.0],[0.9988618456145899]
34,"['lNONMMUG000508', 'lNONMMUG002215', 'lNONMMUG002239', 'lNONMMUG009962', 'lNONMMUG013211', 'lNONMMUG017485', 'lNONMMUG017913', 'lNONMMUG020673', 'lNONMMUG023454', 'lNONMMUG026355', 'lNONMMUG029813', 'lNONMMUG030202', 'lNONMMUG033401', 'lNONMMUG034886', 'lNONMMUG038355', 'lNONMMUG039685', 'lNONMMUG041158', 'lNONMMUG041781', 'lNONMMUG045568', 'lNONMMUG045569', 'lNONMMUG045574', 'lENSMUSG00000044471', 'lENSMUSG00000075277', 'lENSMUSG00000078190', 'lENSMUSG00000078247', 'lENSMUSG00000085354', 'lENSMUSG00000085715', 'lENSMUSG00000085873', 'lENSMUSG00000086035', 'lENSMUSG00000086141', 'lENSMUSG00000090063', 'lENSMUSG00000097336', 'lENSMUSG00000097571', 'lENSMUSG00000098439', 'lENSMUSG00000101609', 'lENSMUSG00000106519', 'l9030622O22Rik', 'lDlx6os1', 'lDnm3os', 'lGas5', 'lGm12610', 'lMiat', 'lNeat1', 'lNONMMUG002771', 'lNONMMUG004366', 'lNONMMUG007120', 'lNONMMUG008199', 'lNONMMUG009173', 'lNONMMUG009235', 'lNONMMUG010099', 'lNONMMUG012984', 'lNONMMUG013851', 'lNONMMUG014034', 'lNONMMUG017321', 'lNONMMUG017372', 'lNONMMUG019692', 'lNONMMUG020560', 'lNONMMUG021010', 'lNONMMUG023106', 'lNONMMUG024809', 'lNONMMUG025805', 'lNONMMUG029789', 'lNONMMUG031524', 'lNONMMUG031860', 'lNONMMUG032531', 'lNONMMUG033434', 'lNONMMUG034060', 'lNONMMUG035589', 'lNONMMUG036314', 'lNONMMUG036495', 'lNONMMUG038170', 'lNONMMUG038692', 'lNONMMUG038718', 'lNONMMUG039825', 'lNONMMUG041948', 'lNONMMUG042190', 'lNONMMUG043393', 'lNONMMUG043843', 'lNONMMUG044302', 'lNONMMUG045259', 'lENSMUSG00000085908', 'lENSMUSG00000103692', 'lENSMUSG00000106828', 'lENSMUSG00000107766', 'lGm13291', 'lSnord11', 'lSnord67']","[0.0, 0.0, 0.0, 0.0, 0.0, 1.0, 0.0, 1.0, 1.0, 0.0, 0.0, 0.0, 0.0, 0.0, 0.0, 0.0, 0.0, 0.0, 1.0, 0.0, 1.0, 1.0, 1.0, 1.0, 1.0, 1.0, 0.0, 1.0, 0.0, 1.0, 0.0, 1.0, 1.0, 0.0, 1.0, 1.0, 0.0, 0.0, 1.0, 0.0, 0.0, 0.0, 0.0, 0.0, 0.0, 1.0, 0.0, 1.0, 0.0, 0.0, 1.0, 1.0, 0.0, 1.0, 0.0, 0.0, 0.0, 1.0, 0.0, 1.0, 1.0, 0.0, 0.0, 0.0, 0.0, 0.0, 1.0, 1.0, 1.0, 1.0, 1.0, 1.0, 1.0, 1.0, 1.0, 1.0, 1.0, 1.0, 1.0, 1.0, 1.0, 1.0, 0.0, 1.0, 0.0, 1.0, 0.0]",['lENSMUSG00000097767'],[1.0],[0.0],[0.0006917182602790965]
35,"['lNONMMUG000508', 'lNONMMUG002215', 'lNONMMUG002239', 'lNONMMUG009962', 'lNONMMUG013211', 'lNONMMUG017485', 'lNONMMUG017913', 'lNONMMUG020673', 'lNONMMUG023454', 'lNONMMUG026355', 'lNONMMUG029813', 'lNONMMUG030202', 'lNONMMUG033401', 'lNONMMUG034886', 'lNONMMUG038355', 'lNONMMUG039685', 'lNONMMUG041158', 'lNONMMUG041781', 'lNONMMUG045568', 'lNONMMUG045569', 'lNONMMUG045574', 'lENSMUSG00000044471', 'lENSMUSG00000075277', 'lENSMUSG00000078190', 'lENSMUSG00000078247', 'lENSMUSG00000085354', 'lENSMUSG00000085715', 'lENSMUSG00000085873', 'lENSMUSG00000086035', 'lENSMUSG00000086141', 'lENSMUSG00000090063', 'lENSMUSG00000097336', 'lENSMUSG00000097571', 'lENSMUSG00000097767', 'lENSMUSG00000101609', 'lENSMUSG00000106519', 'l9030622O22Rik', 'lDlx6os1', 'lDnm3os', 'lGas5', 'lGm12610', 'lMiat', 'lNeat1', 'lNONMMUG002771', 'lNONMMUG004366', 'lNONMMUG007120', 'lNONMMUG008199', 'lNONMMUG009173', 'lNONMMUG009235', 'lNONMMUG010099', 'lNONMMUG012984', 'lNONMMUG013851', 'lNONMMUG014034', 'lNONMMUG017321', 'lNONMMUG017372', 'lNONMMUG019692', 'lNONMMUG020560', 'lNONMMUG021010', 'lNONMMUG023106', 'lNONMMUG024809', 'lNONMMUG025805', 'lNONMMUG029789', 'lNONMMUG031524', 'lNONMMUG031860', 'lNONMMUG032531', 'lNONMMUG033434', 'lNONMMUG034060', 'lNONMMUG035589', 'lNONMMUG036314', 'lNONMMUG036495', 'lNONMMUG038170', 'lNONMMUG038692', 'lNONMMUG038718', 'lNONMMUG039825', 'lNONMMUG041948', 'lNONMMUG042190', 'lNONMMUG043393', 'lNONMMUG043843', 'lNONMMUG044302', 'lNONMMUG045259', 'lENSMUSG00000085908', 'lENSMUSG00000103692', 'lENSMUSG00000106828', 'lENSMUSG00000107766', 'lGm13291', 'lSnord11', 'lSnord67']","[0.0, 0.0, 0.0, 0.0, 0.0, 1.0, 0.0, 1.0, 1.0, 0.0, 0.0, 0.0, 0.0, 0.0, 0.0, 0.0, 0.0, 0.0, 1.0, 0.0, 1.0, 1.0, 1.0, 1.0, 1.0, 1.0, 0.0, 1.0, 0.0, 1.0, 0.0, 1.0, 1.0, 1.0, 1.0, 1.0, 0.0, 0.0, 1.0, 0.0, 0.0, 0.0, 0.0, 0.0, 0.0, 1.0, 0.0, 1.0, 0.0, 0.0, 1.0, 1.0, 0.0, 1.0, 0.0, 0.0, 0.0, 1.0, 0.0, 1.0, 1.0, 0.0, 0.0, 0.0, 0.0, 0.0, 1.0, 1.0, 1.0, 1.0, 1.0, 1.0, 1.0, 1.0, 1.0, 1.0, 1.0, 1.0, 1.0, 1.0, 1.0, 1.0, 0.0, 1.0, 0.0, 1.0, 0.0]",['lENSMUSG00000098439'],[0.0],[0.0],[0.3939754696662826]
36,"['lNONMMUG000508', 'lNONMMUG002215', 'lNONMMUG002239', 'lNONMMUG009962', 'lNONMMUG013211', 'lNONMMUG017485', 'lNONMMUG017913', 'lNONMMUG020673', 'lNONMMUG023454', 'lNONMMUG026355', 'lNONMMUG029813', 'lNONMMUG030202', 'lNONMMUG033401', 'lNONMMUG034886', 'lNONMMUG038355', 'lNONMMUG039685', 'lNONMMUG041158', 'lNONMMUG041781', 'lNONMMUG045568', 'lNONMMUG045569', 'lNONMMUG045574', 'lENSMUSG00000044471', 'lENSMUSG00000075277', 'lENSMUSG00000078190', 'lENSMUSG00000078247', 'lENSMUSG00000085354', 'lENSMUSG00000085715', 'lENSMUSG00000085873', 'lENSMUSG00000086035', 'lENSMUSG00000086141', 'lENSMUSG00000090063', 'lENSMUSG00000097336', 'lENSMUSG00000097571', 'lENSMUSG00000097767', 'lENSMUSG00000098439', 'lENSMUSG00000106519', 'l9030622O22Rik', 'lDlx6os1', 'lDnm3os', 'lGas5', 'lGm12610', 'lMiat', 'lNeat1', 'lNONMMUG002771', 'lNONMMUG004366', 'lNONMMUG007120', 'lNONMMUG008199', 'lNONMMUG009173', 'lNONMMUG009235', 'lNONMMUG010099', 'lNONMMUG012984', 'lNONMMUG013851', 'lNONMMUG014034', 'lNONMMUG017321', 'lNONMMUG017372', 'lNONMMUG019692', 'lNONMMUG020560', 'lNONMMUG021010', 'lNONMMUG023106', 'lNONMMUG024809', 'lNONMMUG025805', 'lNONMMUG029789', 'lNONMMUG031524', 'lNONMMUG031860', 'lNONMMUG032531', 'lNONMMUG033434', 'lNONMMUG034060', 'lNONMMUG035589', 'lNONMMUG036314', 'lNONMMUG036495', 'lNONMMUG038170', 'lNONMMUG038692', 'lNONMMUG038718', 'lNONMMUG039825', 'lNONMMUG041948', 'lNONMMUG042190', 'lNONMMUG043393', 'lNONMMUG043843', 'lNONMMUG044302', 'lNONMMUG045259', 'lENSMUSG00000085908', 'lENSMUSG00000103692', 'lENSMUSG00000106828', 'lENSMUSG00000107766', 'lGm13291', 'lSnord11', 'lSnord67']","[0.0, 0.0, 0.0, 0.0, 0.0, 1.0, 0.0, 1.0, 1.0, 0.0, 0.0, 0.0, 0.0, 0.0, 0.0, 0.0, 0.0, 0.0, 1.0, 0.0, 1.0, 1.0, 1.0, 1.0, 1.0, 1.0, 0.0, 1.0, 0.0, 1.0, 0.0, 1.0, 1.0, 1.0, 0.0, 1.0, 0.0, 0.0, 1.0, 0.0, 0.0, 0.0, 0.0, 0.0, 0.0, 1.0, 0.0, 1.0, 0.0, 0.0, 1.0, 1.0, 0.0, 1.0, 0.0, 0.0, 0.0, 1.0, 0.0, 1.0, 1.0, 0.0, 0.0, 0.0, 0.0, 0.0, 1.0, 1.0, 1.0, 1.0, 1.0, 1.0, 1.0, 1.0, 1.0, 1.0, 1.0, 1.0, 1.0, 1.0, 1.0, 1.0, 0.0, 1.0, 0.0, 1.0, 0.0]",['lENSMUSG00000101609'],[1.0],[1.0],[0.9497363367855011]
37,"['lNONMMUG000508', 'lNONMMUG002215', 'lNONMMUG002239', 'lNONMMUG009962', 'lNONMMUG013211', 'lNONMMUG017485', 'lNONMMUG017913', 'lNONMMUG020673', 'lNONMMUG023454', 'lNONMMUG026355', 'lNONMMUG029813', 'lNONMMUG030202', 'lNONMMUG033401', 'lNONMMUG034886', 'lNONMMUG038355', 'lNONMMUG039685', 'lNONMMUG041158', 'lNONMMUG041781', 'lNONMMUG045568', 'lNONMMUG045569', 'lNONMMUG045574', 'lENSMUSG00000044471', 'lENSMUSG00000075277', 'lENSMUSG00000078190', 'lENSMUSG00000078247', 'lENSMUSG00000085354', 'lENSMUSG00000085715', 'lENSMUSG00000085873', 'lENSMUSG00000086035', 'lENSMUSG00000086141', 'lENSMUSG00000090063', 'lENSMUSG00000097336', 'lENSMUSG00000097571', 'lENSMUSG00000097767', 'lENSMUSG00000098439', 'lENSMUSG00000101609', 'l9030622O22Rik', 'lDlx6os1', 'lDnm3os', 'lGas5', 'lGm12610', 'lMiat', 'lNeat1', 'lNONMMUG002771', 'lNONMMUG004366', 'lNONMMUG007120', 'lNONMMUG008199', 'lNONMMUG009173', 'lNONMMUG009235', 'lNONMMUG010099', 'lNONMMUG012984', 'lNONMMUG013851', 'lNONMMUG014034', 'lNONMMUG017321', 'lNONMMUG017372', 'lNONMMUG019692', 'lNONMMUG020560', 'lNONMMUG021010', 'lNONMMUG023106', 'lNONMMUG024809', 'lNONMMUG025805', 'lNONMMUG029789', 'lNONMMUG031524', 'lNONMMUG031860', 'lNONMMUG032531', 'lNONMMUG033434', 'lNONMMUG034060', 'lNONMMUG035589', 'lNONMMUG036314', 'lNONMMUG036495', 'lNONMMUG038170', 'lNONMMUG038692', 'lNONMMUG038718', 'lNONMMUG039825', 'lNONMMUG041948', 'lNONMMUG042190', 'lNONMMUG043393', 'lNONMMUG043843', 'lNONMMUG044302', 'lNONMMUG045259', 'lENSMUSG00000085908', 'lENSMUSG00000103692', 'lENSMUSG00000106828', 'lENSMUSG00000107766', 'lGm13291', 'lSnord11', 'lSnord67']","[0.0, 0.0, 0.0, 0.0, 0.0, 1.0, 0.0, 1.0, 1.0, 0.0, 0.0, 0.0, 0.0, 0.0, 0.0, 0.0, 0.0, 0.0, 1.0, 0.0, 1.0, 1.0, 1.0, 1.0, 1.0, 1.0, 0.0, 1.0, 0.0, 1.0, 0.0, 1.0, 1.0, 1.0, 0.0, 1.0, 0.0, 0.0, 1.0, 0.0, 0.0, 0.0, 0.0, 0.0, 0.0, 1.0, 0.0, 1.0, 0.0, 0.0, 1.0, 1.0, 0.0, 1.0, 0.0, 0.0, 0.0, 1.0, 0.0, 1.0, 1.0, 0.0, 0.0, 0.0, 0.0, 0.0, 1.0, 1.0, 1.0, 1.0, 1.0, 1.0, 1.0, 1.0, 1.0, 1.0, 1.0, 1.0, 1.0, 1.0, 1.0, 1.0, 0.0, 1.0, 0.0, 1.0, 0.0]",['lENSMUSG00000106519'],[1.0],[0.0],[1.0541934211791159e-05]
38,"['lNONMMUG000508', 'lNONMMUG002215', 'lNONMMUG002239', 'lNONMMUG009962', 'lNONMMUG013211', 'lNONMMUG017485', 'lNONMMUG017913', 'lNONMMUG020673', 'lNONMMUG023454', 'lNONMMUG026355', 'lNONMMUG029813', 'lNONMMUG030202', 'lNONMMUG033401', 'lNONMMUG034886', 'lNONMMUG038355', 'lNONMMUG039685', 'lNONMMUG041158', 'lNONMMUG041781', 'lNONMMUG045568', 'lNONMMUG045569', 'lNONMMUG045574', 'lENSMUSG00000044471', 'lENSMUSG00000075277', 'lENSMUSG00000078190', 'lENSMUSG00000078247', 'lENSMUSG00000085354', 'lENSMUSG00000085715', 'lENSMUSG00000085873', 'lENSMUSG00000086035', 'lENSMUSG00000086141', 'lENSMUSG00000090063', 'lENSMUSG00000097336', 'lENSMUSG00000097571', 'lENSMUSG00000097767', 'lENSMUSG00000098439', 'lENSMUSG00000101609', 'lENSMUSG00000106519', 'lDlx6os1', 'lDnm3os', 'lGas5', 'lGm12610', 'lMiat', 'lNeat1', 'lNONMMUG002771', 'lNONMMUG004366', 'lNONMMUG007120', 'lNONMMUG008199', 'lNONMMUG009173', 'lNONMMUG009235', 'lNONMMUG010099', 'lNONMMUG012984', 'lNONMMUG013851', 'lNONMMUG014034', 'lNONMMUG017321', 'lNONMMUG017372', 'lNONMMUG019692', 'lNONMMUG020560', 'lNONMMUG021010', 'lNONMMUG023106', 'lNONMMUG024809', 'lNONMMUG025805', 'lNONMMUG029789', 'lNONMMUG031524', 'lNONMMUG031860', 'lNONMMUG032531', 'lNONMMUG033434', 'lNONMMUG034060', 'lNONMMUG035589', 'lNONMMUG036314', 'lNONMMUG036495', 'lNONMMUG038170', 'lNONMMUG038692', 'lNONMMUG038718', 'lNONMMUG039825', 'lNONMMUG041948', 'lNONMMUG042190', 'lNONMMUG043393', 'lNONMMUG043843', 'lNONMMUG044302', 'lNONMMUG045259', 'lENSMUSG00000085908', 'lENSMUSG00000103692', 'lENSMUSG00000106828', 'lENSMUSG00000107766', 'lGm13291', 'lSnord11', 'lSnord67']","[0.0, 0.0, 0.0, 0.0, 0.0, 1.0, 0.0, 1.0, 1.0, 0.0, 0.0, 0.0, 0.0, 0.0, 0.0, 0.0, 0.0, 0.0, 1.0, 0.0, 1.0, 1.0, 1.0, 1.0, 1.0, 1.0, 0.0, 1.0, 0.0, 1.0, 0.0, 1.0, 1.0, 1.0, 0.0, 1.0, 1.0, 0.0, 1.0, 0.0, 0.0, 0.0, 0.0, 0.0, 0.0, 1.0, 0.0, 1.0, 0.0, 0.0, 1.0, 1.0, 0.0, 1.0, 0.0, 0.0, 0.0, 1.0, 0.0, 1.0, 1.0, 0.0, 0.0, 0.0, 0.0, 0.0, 1.0, 1.0, 1.0, 1.0, 1.0, 1.0, 1.0, 1.0, 1.0, 1.0, 1.0, 1.0, 1.0, 1.0, 1.0, 1.0, 0.0, 1.0, 0.0, 1.0, 0.0]",['l9030622O22Rik'],[0.0],[0.0],[0.030973751361431313]
39,"['lNONMMUG000508', 'lNONMMUG002215', 'lNONMMUG002239', 'lNONMMUG009962', 'lNONMMUG013211', 'lNONMMUG017485', 'lNONMMUG017913', 'lNONMMUG020673', 'lNONMMUG023454', 'lNONMMUG026355', 'lNONMMUG029813', 'lNONMMUG030202', 'lNONMMUG033401', 'lNONMMUG034886', 'lNONMMUG038355', 'lNONMMUG039685', 'lNONMMUG041158', 'lNONMMUG041781', 'lNONMMUG045568', 'lNONMMUG045569', 'lNONMMUG045574', 'lENSMUSG00000044471', 'lENSMUSG00000075277', 'lENSMUSG00000078190', 'lENSMUSG00000078247', 'lENSMUSG00000085354', 'lENSMUSG00000085715', 'lENSMUSG00000085873', 'lENSMUSG00000086035', 'lENSMUSG00000086141', 'lENSMUSG00000090063', 'lENSMUSG00000097336', 'lENSMUSG00000097571', 'lENSMUSG00000097767', 'lENSMUSG00000098439', 'lENSMUSG00000101609', 'lENSMUSG00000106519', 'l9030622O22Rik', 'lDnm3os', 'lGas5', 'lGm12610', 'lMiat', 'lNeat1', 'lNONMMUG002771', 'lNONMMUG004366', 'lNONMMUG007120', 'lNONMMUG008199', 'lNONMMUG009173', 'lNONMMUG009235', 'lNONMMUG010099', 'lNONMMUG012984', 'lNONMMUG013851', 'lNONMMUG014034', 'lNONMMUG017321', 'lNONMMUG017372', 'lNONMMUG019692', 'lNONMMUG020560', 'lNONMMUG021010', 'lNONMMUG023106', 'lNONMMUG024809', 'lNONMMUG025805', 'lNONMMUG029789', 'lNONMMUG031524', 'lNONMMUG031860', 'lNONMMUG032531', 'lNONMMUG033434', 'lNONMMUG034060', 'lNONMMUG035589', 'lNONMMUG036314', 'lNONMMUG036495', 'lNONMMUG038170', 'lNONMMUG038692', 'lNONMMUG038718', 'lNONMMUG039825', 'lNONMMUG041948', 'lNONMMUG042190', 'lNONMMUG043393', 'lNONMMUG043843', 'lNONMMUG044302', 'lNONMMUG045259', 'lENSMUSG00000085908', 'lENSMUSG00000103692', 'lENSMUSG00000106828', 'lENSMUSG00000107766', 'lGm13291', 'lSnord11', 'lSnord67']","[0.0, 0.0, 0.0, 0.0, 0.0, 1.0, 0.0, 1.0, 1.0, 0.0, 0.0, 0.0, 0.0, 0.0, 0.0, 0.0, 0.0, 0.0, 1.0, 0.0, 1.0, 1.0, 1.0, 1.0, 1.0, 1.0, 0.0, 1.0, 0.0, 1.0, 0.0, 1.0, 1.0, 1.0, 0.0, 1.0, 1.0, 0.0, 1.0, 0.0, 0.0, 0.0, 0.0, 0.0, 0.0, 1.0, 0.0, 1.0, 0.0, 0.0, 1.0, 1.0, 0.0, 1.0, 0.0, 0.0, 0.0, 1.0, 0.0, 1.0, 1.0, 0.0, 0.0, 0.0, 0.0, 0.0, 1.0, 1.0, 1.0, 1.0, 1.0, 1.0, 1.0, 1.0, 1.0, 1.0, 1.0, 1.0, 1.0, 1.0, 1.0, 1.0, 0.0, 1.0, 0.0, 1.0, 0.0]",['lDlx6os1'],[0.0],[0.0],[0.20906608673088733]
40,"['lNONMMUG000508', 'lNONMMUG002215', 'lNONMMUG002239', 'lNONMMUG009962', 'lNONMMUG013211', 'lNONMMUG017485', 'lNONMMUG017913', 'lNONMMUG020673', 'lNONMMUG023454', 'lNONMMUG026355', 'lNONMMUG029813', 'lNONMMUG030202', 'lNONMMUG033401', 'lNONMMUG034886', 'lNONMMUG038355', 'lNONMMUG039685', 'lNONMMUG041158', 'lNONMMUG041781', 'lNONMMUG045568', 'lNONMMUG045569', 'lNONMMUG045574', 'lENSMUSG00000044471', 'lENSMUSG00000075277', 'lENSMUSG00000078190', 'lENSMUSG00000078247', 'lENSMUSG00000085354', 'lENSMUSG00000085715', 'lENSMUSG00000085873', 'lENSMUSG00000086035', 'lENSMUSG00000086141', 'lENSMUSG00000090063', 'lENSMUSG00000097336', 'lENSMUSG00000097571', 'lENSMUSG00000097767', 'lENSMUSG00000098439', 'lENSMUSG00000101609', 'lENSMUSG00000106519', 'l9030622O22Rik', 'lDlx6os1', 'lGas5', 'lGm12610', 'lMiat', 'lNeat1', 'lNONMMUG002771', 'lNONMMUG004366', 'lNONMMUG007120', 'lNONMMUG008199', 'lNONMMUG009173', 'lNONMMUG009235', 'lNONMMUG010099', 'lNONMMUG012984', 'lNONMMUG013851', 'lNONMMUG014034', 'lNONMMUG017321', 'lNONMMUG017372', 'lNONMMUG019692', 'lNONMMUG020560', 'lNONMMUG021010', 'lNONMMUG023106', 'lNONMMUG024809', 'lNONMMUG025805', 'lNONMMUG029789', 'lNONMMUG031524', 'lNONMMUG031860', 'lNONMMUG032531', 'lNONMMUG033434', 'lNONMMUG034060', 'lNONMMUG035589', 'lNONMMUG036314', 'lNONMMUG036495', 'lNONMMUG038170', 'lNONMMUG038692', 'lNONMMUG038718', 'lNONMMUG039825', 'lNONMMUG041948', 'lNONMMUG042190', 'lNONMMUG043393', 'lNONMMUG043843', 'lNONMMUG044302', 'lNONMMUG045259', 'lENSMUSG00000085908', 'lENSMUSG00000103692', 'lENSMUSG00000106828', 'lENSMUSG00000107766', 'lGm13291', 'lSnord11', 'lSnord67']","[0.0, 0.0, 0.0, 0.0, 0.0, 1.0, 0.0, 1.0, 1.0, 0.0, 0.0, 0.0, 0.0, 0.0, 0.0, 0.0, 0.0, 0.0, 1.0, 0.0, 1.0, 1.0, 1.0, 1.0, 1.0, 1.0, 0.0, 1.0, 0.0, 1.0, 0.0, 1.0, 1.0, 1.0, 0.0, 1.0, 1.0, 0.0, 0.0, 0.0, 0.0, 0.0, 0.0, 0.0, 0.0, 1.0, 0.0, 1.0, 0.0, 0.0, 1.0, 1.0, 0.0, 1.0, 0.0, 0.0, 0.0, 1.0, 0.0, 1.0, 1.0, 0.0, 0.0, 0.0, 0.0, 0.0, 1.0, 1.0, 1.0, 1.0, 1.0, 1.0, 1.0, 1.0, 1.0, 1.0, 1.0, 1.0, 1.0, 1.0, 1.0, 1.0, 0.0, 1.0, 0.0, 1.0, 0.0]",['lDnm3os'],[1.0],[0.0],[0.2470565587339326]
41,"['lNONMMUG000508', 'lNONMMUG002215', 'lNONMMUG002239', 'lNONMMUG009962', 'lNONMMUG013211', 'lNONMMUG017485', 'lNONMMUG017913', 'lNONMMUG020673', 'lNONMMUG023454', 'lNONMMUG026355', 'lNONMMUG029813', 'lNONMMUG030202', 'lNONMMUG033401', 'lNONMMUG034886', 'lNONMMUG038355', 'lNONMMUG039685', 'lNONMMUG041158', 'lNONMMUG041781', 'lNONMMUG045568', 'lNONMMUG045569', 'lNONMMUG045574', 'lENSMUSG00000044471', 'lENSMUSG00000075277', 'lENSMUSG00000078190', 'lENSMUSG00000078247', 'lENSMUSG00000085354', 'lENSMUSG00000085715', 'lENSMUSG00000085873', 'lENSMUSG00000086035', 'lENSMUSG00000086141', 'lENSMUSG00000090063', 'lENSMUSG00000097336', 'lENSMUSG00000097571', 'lENSMUSG00000097767', 'lENSMUSG00000098439', 'lENSMUSG00000101609', 'lENSMUSG00000106519', 'l9030622O22Rik', 'lDlx6os1', 'lDnm3os', 'lGm12610', 'lMiat', 'lNeat1', 'lNONMMUG002771', 'lNONMMUG004366', 'lNONMMUG007120', 'lNONMMUG008199', 'lNONMMUG009173', 'lNONMMUG009235', 'lNONMMUG010099', 'lNONMMUG012984', 'lNONMMUG013851', 'lNONMMUG014034', 'lNONMMUG017321', 'lNONMMUG017372', 'lNONMMUG019692', 'lNONMMUG020560', 'lNONMMUG021010', 'lNONMMUG023106', 'lNONMMUG024809', 'lNONMMUG025805', 'lNONMMUG029789', 'lNONMMUG031524', 'lNONMMUG031860', 'lNONMMUG032531', 'lNONMMUG033434', 'lNONMMUG034060', 'lNONMMUG035589', 'lNONMMUG036314', 'lNONMMUG036495', 'lNONMMUG038170', 'lNONMMUG038692', 'lNONMMUG038718', 'lNONMMUG039825', 'lNONMMUG041948', 'lNONMMUG042190', 'lNONMMUG043393', 'lNONMMUG043843', 'lNONMMUG044302', 'lNONMMUG045259', 'lENSMUSG00000085908', 'lENSMUSG00000103692', 'lENSMUSG00000106828', 'lENSMUSG00000107766', 'lGm13291', 'lSnord11', 'lSnord67']","[0.0, 0.0, 0.0, 0.0, 0.0, 1.0, 0.0, 1.0, 1.0, 0.0, 0.0, 0.0, 0.0, 0.0, 0.0, 0.0, 0.0, 0.0, 1.0, 0.0, 1.0, 1.0, 1.0, 1.0, 1.0, 1.0, 0.0, 1.0, 0.0, 1.0, 0.0, 1.0, 1.0, 1.0, 0.0, 1.0, 1.0, 0.0, 0.0, 1.0, 0.0, 0.0, 0.0, 0.0, 0.0, 1.0, 0.0, 1.0, 0.0, 0.0, 1.0, 1.0, 0.0, 1.0, 0.0, 0.0, 0.0, 1.0, 0.0, 1.0, 1.0, 0.0, 0.0, 0.0, 0.0, 0.0, 1.0, 1.0, 1.0, 1.0, 1.0, 1.0, 1.0, 1.0, 1.0, 1.0, 1.0, 1.0, 1.0, 1.0, 1.0, 1.0, 0.0, 1.0, 0.0, 1.0, 0.0]",['lGas5'],[0.0],[1.0],[0.9992032693637731]
42,"['lNONMMUG000508', 'lNONMMUG002215', 'lNONMMUG002239', 'lNONMMUG009962', 'lNONMMUG013211', 'lNONMMUG017485', 'lNONMMUG017913', 'lNONMMUG020673', 'lNONMMUG023454', 'lNONMMUG026355', 'lNONMMUG029813', 'lNONMMUG030202', 'lNONMMUG033401', 'lNONMMUG034886', 'lNONMMUG038355', 'lNONMMUG039685', 'lNONMMUG041158', 'lNONMMUG041781', 'lNONMMUG045568', 'lNONMMUG045569', 'lNONMMUG045574', 'lENSMUSG00000044471', 'lENSMUSG00000075277', 'lENSMUSG00000078190', 'lENSMUSG00000078247', 'lENSMUSG00000085354', 'lENSMUSG00000085715', 'lENSMUSG00000085873', 'lENSMUSG00000086035', 'lENSMUSG00000086141', 'lENSMUSG00000090063', 'lENSMUSG00000097336', 'lENSMUSG00000097571', 'lENSMUSG00000097767', 'lENSMUSG00000098439', 'lENSMUSG00000101609', 'lENSMUSG00000106519', 'l9030622O22Rik', 'lDlx6os1', 'lDnm3os', 'lGas5', 'lMiat', 'lNeat1', 'lNONMMUG002771', 'lNONMMUG004366', 'lNONMMUG007120', 'lNONMMUG008199', 'lNONMMUG009173', 'lNONMMUG009235', 'lNONMMUG010099', 'lNONMMUG012984', 'lNONMMUG013851', 'lNONMMUG014034', 'lNONMMUG017321', 'lNONMMUG017372', 'lNONMMUG019692', 'lNONMMUG020560', 'lNONMMUG021010', 'lNONMMUG023106', 'lNONMMUG024809', 'lNONMMUG025805', 'lNONMMUG029789', 'lNONMMUG031524', 'lNONMMUG031860', 'lNONMMUG032531', 'lNONMMUG033434', 'lNONMMUG034060', 'lNONMMUG035589', 'lNONMMUG036314', 'lNONMMUG036495', 'lNONMMUG038170', 'lNONMMUG038692', 'lNONMMUG038718', 'lNONMMUG039825', 'lNONMMUG041948', 'lNONMMUG042190', 'lNONMMUG043393', 'lNONMMUG043843', 'lNONMMUG044302', 'lNONMMUG045259', 'lENSMUSG00000085908', 'lENSMUSG00000103692', 'lENSMUSG00000106828', 'lENSMUSG00000107766', 'lGm13291', 'lSnord11', 'lSnord67']","[0.0, 0.0, 0.0, 0.0, 0.0, 1.0, 0.0, 1.0, 1.0, 0.0, 0.0, 0.0, 0.0, 0.0, 0.0, 0.0, 0.0, 0.0, 1.0, 0.0, 1.0, 1.0, 1.0, 1.0, 1.0, 1.0, 0.0, 1.0, 0.0, 1.0, 0.0, 1.0, 1.0, 1.0, 0.0, 1.0, 1.0, 0.0, 0.0, 1.0, 0.0, 0.0, 0.0, 0.0, 0.0, 1.0, 0.0, 1.0, 0.0, 0.0, 1.0, 1.0, 0.0, 1.0, 0.0, 0.0, 0.0, 1.0, 0.0, 1.0, 1.0, 0.0, 0.0, 0.0, 0.0, 0.0, 1.0, 1.0, 1.0, 1.0, 1.0, 1.0, 1.0, 1.0, 1.0, 1.0, 1.0, 1.0, 1.0, 1.0, 1.0, 1.0, 0.0, 1.0, 0.0, 1.0, 0.0]",['lGm12610'],[0.0],[1.0],[0.9946107937522908]
43,"['lNONMMUG000508', 'lNONMMUG002215', 'lNONMMUG002239', 'lNONMMUG009962', 'lNONMMUG013211', 'lNONMMUG017485', 'lNONMMUG017913', 'lNONMMUG020673', 'lNONMMUG023454', 'lNONMMUG026355', 'lNONMMUG029813', 'lNONMMUG030202', 'lNONMMUG033401', 'lNONMMUG034886', 'lNONMMUG038355', 'lNONMMUG039685', 'lNONMMUG041158', 'lNONMMUG041781', 'lNONMMUG045568', 'lNONMMUG045569', 'lNONMMUG045574', 'lENSMUSG00000044471', 'lENSMUSG00000075277', 'lENSMUSG00000078190', 'lENSMUSG00000078247', 'lENSMUSG00000085354', 'lENSMUSG00000085715', 'lENSMUSG00000085873', 'lENSMUSG00000086035', 'lENSMUSG00000086141', 'lENSMUSG00000090063', 'lENSMUSG00000097336', 'lENSMUSG00000097571', 'lENSMUSG00000097767', 'lENSMUSG00000098439', 'lENSMUSG00000101609', 'lENSMUSG00000106519', 'l9030622O22Rik', 'lDlx6os1', 'lDnm3os', 'lGas5', 'lGm12610', 'lNeat1', 'lNONMMUG002771', 'lNONMMUG004366', 'lNONMMUG007120', 'lNONMMUG008199', 'lNONMMUG009173', 'lNONMMUG009235', 'lNONMMUG010099', 'lNONMMUG012984', 'lNONMMUG013851', 'lNONMMUG014034', 'lNONMMUG017321', 'lNONMMUG017372', 'lNONMMUG019692', 'lNONMMUG020560', 'lNONMMUG021010', 'lNONMMUG023106', 'lNONMMUG024809', 'lNONMMUG025805', 'lNONMMUG029789', 'lNONMMUG031524', 'lNONMMUG031860', 'lNONMMUG032531', 'lNONMMUG033434', 'lNONMMUG034060', 'lNONMMUG035589', 'lNONMMUG036314', 'lNONMMUG036495', 'lNONMMUG038170', 'lNONMMUG038692', 'lNONMMUG038718', 'lNONMMUG039825', 'lNONMMUG041948', 'lNONMMUG042190', 'lNONMMUG043393', 'lNONMMUG043843', 'lNONMMUG044302', 'lNONMMUG045259', 'lENSMUSG00000085908', 'lENSMUSG00000103692', 'lENSMUSG00000106828', 'lENSMUSG00000107766', 'lGm13291', 'lSnord11', 'lSnord67']","[0.0, 0.0, 0.0, 0.0, 0.0, 1.0, 0.0, 1.0, 1.0, 0.0, 0.0, 0.0, 0.0, 0.0, 0.0, 0.0, 0.0, 0.0, 1.0, 0.0, 1.0, 1.0, 1.0, 1.0, 1.0, 1.0, 0.0, 1.0, 0.0, 1.0, 0.0, 1.0, 1.0, 1.0, 0.0, 1.0, 1.0, 0.0, 0.0, 1.0, 0.0, 0.0, 0.0, 0.0, 0.0, 1.0, 0.0, 1.0, 0.0, 0.0, 1.0, 1.0, 0.0, 1.0, 0.0, 0.0, 0.0, 1.0, 0.0, 1.0, 1.0, 0.0, 0.0, 0.0, 0.0, 0.0, 1.0, 1.0, 1.0, 1.0, 1.0, 1.0, 1.0, 1.0, 1.0, 1.0, 1.0, 1.0, 1.0, 1.0, 1.0, 1.0, 0.0, 1.0, 0.0, 1.0, 0.0]",['lMiat'],[0.0],[1.0],[0.9351035136227306]
44,"['lNONMMUG000508', 'lNONMMUG002215', 'lNONMMUG002239', 'lNONMMUG009962', 'lNONMMUG013211', 'lNONMMUG017485', 'lNONMMUG017913', 'lNONMMUG020673', 'lNONMMUG023454', 'lNONMMUG026355', 'lNONMMUG029813', 'lNONMMUG030202', 'lNONMMUG033401', 'lNONMMUG034886', 'lNONMMUG038355', 'lNONMMUG039685', 'lNONMMUG041158', 'lNONMMUG041781', 'lNONMMUG045568', 'lNONMMUG045569', 'lNONMMUG045574', 'lENSMUSG00000044471', 'lENSMUSG00000075277', 'lENSMUSG00000078190', 'lENSMUSG00000078247', 'lENSMUSG00000085354', 'lENSMUSG00000085715', 'lENSMUSG00000085873', 'lENSMUSG00000086035', 'lENSMUSG00000086141', 'lENSMUSG00000090063', 'lENSMUSG00000097336', 'lENSMUSG00000097571', 'lENSMUSG00000097767', 'lENSMUSG00000098439', 'lENSMUSG00000101609', 'lENSMUSG00000106519', 'l9030622O22Rik', 'lDlx6os1', 'lDnm3os', 'lGas5', 'lGm12610', 'lMiat', 'lNONMMUG002771', 'lNONMMUG004366', 'lNONMMUG007120', 'lNONMMUG008199', 'lNONMMUG009173', 'lNONMMUG009235', 'lNONMMUG010099', 'lNONMMUG012984', 'lNONMMUG013851', 'lNONMMUG014034', 'lNONMMUG017321', 'lNONMMUG017372', 'lNONMMUG019692', 'lNONMMUG020560', 'lNONMMUG021010', 'lNONMMUG023106', 'lNONMMUG024809', 'lNONMMUG025805', 'lNONMMUG029789', 'lNONMMUG031524', 'lNONMMUG031860', 'lNONMMUG032531', 'lNONMMUG033434', 'lNONMMUG034060', 'lNONMMUG035589', 'lNONMMUG036314', 'lNONMMUG036495', 'lNONMMUG038170', 'lNONMMUG038692', 'lNONMMUG038718', 'lNONMMUG039825', 'lNONMMUG041948', 'lNONMMUG042190', 'lNONMMUG043393', 'lNONMMUG043843', 'lNONMMUG044302', 'lNONMMUG045259', 'lENSMUSG00000085908', 'lENSMUSG00000103692', 'lENSMUSG00000106828', 'lENSMUSG00000107766', 'lGm13291', 'lSnord11', 'lSnord67']","[0.0, 0.0, 0.0, 0.0, 0.0, 1.0, 0.0, 1.0, 1.0, 0.0, 0.0, 0.0, 0.0, 0.0, 0.0, 0.0, 0.0, 0.0, 1.0, 0.0, 1.0, 1.0, 1.0, 1.0, 1.0, 1.0, 0.0, 1.0, 0.0, 1.0, 0.0, 1.0, 1.0, 1.0, 0.0, 1.0, 1.0, 0.0, 0.0, 1.0, 0.0, 0.0, 0.0, 0.0, 0.0, 1.0, 0.0, 1.0, 0.0, 0.0, 1.0, 1.0, 0.0, 1.0, 0.0, 0.0, 0.0, 1.0, 0.0, 1.0, 1.0, 0.0, 0.0, 0.0, 0.0, 0.0, 1.0, 1.0, 1.0, 1.0, 1.0, 1.0, 1.0, 1.0, 1.0, 1.0, 1.0, 1.0, 1.0, 1.0, 1.0, 1.0, 0.0, 1.0, 0.0, 1.0, 0.0]",['lNeat1'],[0.0],[1.0],[0.9940007565501969]
45,"['lNONMMUG000508', 'lNONMMUG002215', 'lNONMMUG002239', 'lNONMMUG009962', 'lNONMMUG013211', 'lNONMMUG017485', 'lNONMMUG017913', 'lNONMMUG020673', 'lNONMMUG023454', 'lNONMMUG026355', 'lNONMMUG029813', 'lNONMMUG030202', 'lNONMMUG033401', 'lNONMMUG034886', 'lNONMMUG038355', 'lNONMMUG039685', 'lNONMMUG041158', 'lNONMMUG041781', 'lNONMMUG045568', 'lNONMMUG045569', 'lNONMMUG045574', 'lENSMUSG00000044471', 'lENSMUSG00000075277', 'lENSMUSG00000078190', 'lENSMUSG00000078247', 'lENSMUSG00000085354', 'lENSMUSG00000085715', 'lENSMUSG00000085873', 'lENSMUSG00000086035', 'lENSMUSG00000086141', 'lENSMUSG00000090063', 'lENSMUSG00000097336', 'lENSMUSG00000097571', 'lENSMUSG00000097767', 'lENSMUSG00000098439', 'lENSMUSG00000101609', 'lENSMUSG00000106519', 'l9030622O22Rik', 'lDlx6os1', 'lDnm3os', 'lGas5', 'lGm12610', 'lMiat', 'lNeat1', 'lNONMMUG004366', 'lNONMMUG007120', 'lNONMMUG008199', 'lNONMMUG009173', 'lNONMMUG009235', 'lNONMMUG010099', 'lNONMMUG012984', 'lNONMMUG013851', 'lNONMMUG014034', 'lNONMMUG017321', 'lNONMMUG017372', 'lNONMMUG019692', 'lNONMMUG020560', 'lNONMMUG021010', 'lNONMMUG023106', 'lNONMMUG024809', 'lNONMMUG025805', 'lNONMMUG029789', 'lNONMMUG031524', 'lNONMMUG031860', 'lNONMMUG032531', 'lNONMMUG033434', 'lNONMMUG034060', 'lNONMMUG035589', 'lNONMMUG036314', 'lNONMMUG036495', 'lNONMMUG038170', 'lNONMMUG038692', 'lNONMMUG038718', 'lNONMMUG039825', 'lNONMMUG041948', 'lNONMMUG042190', 'lNONMMUG043393', 'lNONMMUG043843', 'lNONMMUG044302', 'lNONMMUG045259', 'lENSMUSG00000085908', 'lENSMUSG00000103692', 'lENSMUSG00000106828', 'lENSMUSG00000107766', 'lGm13291', 'lSnord11', 'lSnord67']","[0.0, 0.0, 0.0, 0.0, 0.0, 1.0, 0.0, 1.0, 1.0, 0.0, 0.0, 0.0, 0.0, 0.0, 0.0, 0.0, 0.0, 0.0, 1.0, 0.0, 1.0, 1.0, 1.0, 1.0, 1.0, 1.0, 0.0, 1.0, 0.0, 1.0, 0.0, 1.0, 1.0, 1.0, 0.0, 1.0, 1.0, 0.0, 0.0, 1.0, 0.0, 0.0, 0.0, 0.0, 0.0, 1.0, 0.0, 1.0, 0.0, 0.0, 1.0, 1.0, 0.0, 1.0, 0.0, 0.0, 0.0, 1.0, 0.0, 1.0, 1.0, 0.0, 0.0, 0.0, 0.0, 0.0, 1.0, 1.0, 1.0, 1.0, 1.0, 1.0, 1.0, 1.0, 1.0, 1.0, 1.0, 1.0, 1.0, 1.0, 1.0, 1.0, 0.0, 1.0, 0.0, 1.0, 0.0]",['lNONMMUG002771'],[0.0],[1.0],[0.999934225943067]
46,"['lNONMMUG000508', 'lNONMMUG002215', 'lNONMMUG002239', 'lNONMMUG009962', 'lNONMMUG013211', 'lNONMMUG017485', 'lNONMMUG017913', 'lNONMMUG020673', 'lNONMMUG023454', 'lNONMMUG026355', 'lNONMMUG029813', 'lNONMMUG030202', 'lNONMMUG033401', 'lNONMMUG034886', 'lNONMMUG038355', 'lNONMMUG039685', 'lNONMMUG041158', 'lNONMMUG041781', 'lNONMMUG045568', 'lNONMMUG045569', 'lNONMMUG045574', 'lENSMUSG00000044471', 'lENSMUSG00000075277', 'lENSMUSG00000078190', 'lENSMUSG00000078247', 'lENSMUSG00000085354', 'lENSMUSG00000085715', 'lENSMUSG00000085873', 'lENSMUSG00000086035', 'lENSMUSG00000086141', 'lENSMUSG00000090063', 'lENSMUSG00000097336', 'lENSMUSG00000097571', 'lENSMUSG00000097767', 'lENSMUSG00000098439', 'lENSMUSG00000101609', 'lENSMUSG00000106519', 'l9030622O22Rik', 'lDlx6os1', 'lDnm3os', 'lGas5', 'lGm12610', 'lMiat', 'lNeat1', 'lNONMMUG002771', 'lNONMMUG007120', 'lNONMMUG008199', 'lNONMMUG009173', 'lNONMMUG009235', 'lNONMMUG010099', 'lNONMMUG012984', 'lNONMMUG013851', 'lNONMMUG014034', 'lNONMMUG017321', 'lNONMMUG017372', 'lNONMMUG019692', 'lNONMMUG020560', 'lNONMMUG021010', 'lNONMMUG023106', 'lNONMMUG024809', 'lNONMMUG025805', 'lNONMMUG029789', 'lNONMMUG031524', 'lNONMMUG031860', 'lNONMMUG032531', 'lNONMMUG033434', 'lNONMMUG034060', 'lNONMMUG035589', 'lNONMMUG036314', 'lNONMMUG036495', 'lNONMMUG038170', 'lNONMMUG038692', 'lNONMMUG038718', 'lNONMMUG039825', 'lNONMMUG041948', 'lNONMMUG042190', 'lNONMMUG043393', 'lNONMMUG043843', 'lNONMMUG044302', 'lNONMMUG045259', 'lENSMUSG00000085908', 'lENSMUSG00000103692', 'lENSMUSG00000106828', 'lENSMUSG00000107766', 'lGm13291', 'lSnord11', 'lSnord67']","[0.0, 0.0, 0.0, 0.0, 0.0, 1.0, 0.0, 1.0, 1.0, 0.0, 0.0, 0.0, 0.0, 0.0, 0.0, 0.0, 0.0, 0.0, 1.0, 0.0, 1.0, 1.0, 1.0, 1.0, 1.0, 1.0, 0.0, 1.0, 0.0, 1.0, 0.0, 1.0, 1.0, 1.0, 0.0, 1.0, 1.0, 0.0, 0.0, 1.0, 0.0, 0.0, 0.0, 0.0, 0.0, 1.0, 0.0, 1.0, 0.0, 0.0, 1.0, 1.0, 0.0, 1.0, 0.0, 0.0, 0.0, 1.0, 0.0, 1.0, 1.0, 0.0, 0.0, 0.0, 0.0, 0.0, 1.0, 1.0, 1.0, 1.0, 1.0, 1.0, 1.0, 1.0, 1.0, 1.0, 1.0, 1.0, 1.0, 1.0, 1.0, 1.0, 0.0, 1.0, 0.0, 1.0, 0.0]",['lNONMMUG004366'],[0.0],[1.0],[0.9653386688513789]
47,"['lNONMMUG000508', 'lNONMMUG002215', 'lNONMMUG002239', 'lNONMMUG009962', 'lNONMMUG013211', 'lNONMMUG017485', 'lNONMMUG017913', 'lNONMMUG020673', 'lNONMMUG023454', 'lNONMMUG026355', 'lNONMMUG029813', 'lNONMMUG030202', 'lNONMMUG033401', 'lNONMMUG034886', 'lNONMMUG038355', 'lNONMMUG039685', 'lNONMMUG041158', 'lNONMMUG041781', 'lNONMMUG045568', 'lNONMMUG045569', 'lNONMMUG045574', 'lENSMUSG00000044471', 'lENSMUSG00000075277', 'lENSMUSG00000078190', 'lENSMUSG00000078247', 'lENSMUSG00000085354', 'lENSMUSG00000085715', 'lENSMUSG00000085873', 'lENSMUSG00000086035', 'lENSMUSG00000086141', 'lENSMUSG00000090063', 'lENSMUSG00000097336', 'lENSMUSG00000097571', 'lENSMUSG00000097767', 'lENSMUSG00000098439', 'lENSMUSG00000101609', 'lENSMUSG00000106519', 'l9030622O22Rik', 'lDlx6os1', 'lDnm3os', 'lGas5', 'lGm12610', 'lMiat', 'lNeat1', 'lNONMMUG002771', 'lNONMMUG004366', 'lNONMMUG008199', 'lNONMMUG009173', 'lNONMMUG009235', 'lNONMMUG010099', 'lNONMMUG012984', 'lNONMMUG013851', 'lNONMMUG014034', 'lNONMMUG017321', 'lNONMMUG017372', 'lNONMMUG019692', 'lNONMMUG020560', 'lNONMMUG021010', 'lNONMMUG023106', 'lNONMMUG024809', 'lNONMMUG025805', 'lNONMMUG029789', 'lNONMMUG031524', 'lNONMMUG031860', 'lNONMMUG032531', 'lNONMMUG033434', 'lNONMMUG034060', 'lNONMMUG035589', 'lNONMMUG036314', 'lNONMMUG036495', 'lNONMMUG038170', 'lNONMMUG038692', 'lNONMMUG038718', 'lNONMMUG039825', 'lNONMMUG041948', 'lNONMMUG042190', 'lNONMMUG043393', 'lNONMMUG043843', 'lNONMMUG044302', 'lNONMMUG045259', 'lENSMUSG00000085908', 'lENSMUSG00000103692', 'lENSMUSG00000106828', 'lENSMUSG00000107766', 'lGm13291', 'lSnord11', 'lSnord67']","[0.0, 0.0, 0.0, 0.0, 0.0, 1.0, 0.0, 1.0, 1.0, 0.0, 0.0, 0.0, 0.0, 0.0, 0.0, 0.0, 0.0, 0.0, 1.0, 0.0, 1.0, 1.0, 1.0, 1.0, 1.0, 1.0, 0.0, 1.0, 0.0, 1.0, 0.0, 1.0, 1.0, 1.0, 0.0, 1.0, 1.0, 0.0, 0.0, 1.0, 0.0, 0.0, 0.0, 0.0, 0.0, 0.0, 0.0, 1.0, 0.0, 0.0, 1.0, 1.0, 0.0, 1.0, 0.0, 0.0, 0.0, 1.0, 0.0, 1.0, 1.0, 0.0, 0.0, 0.0, 0.0, 0.0, 1.0, 1.0, 1.0, 1.0, 1.0, 1.0, 1.0, 1.0, 1.0, 1.0, 1.0, 1.0, 1.0, 1.0, 1.0, 1.0, 0.0, 1.0, 0.0, 1.0, 0.0]",['lNONMMUG007120'],[1.0],[0.0],[0.19600714338113556]
48,"['lNONMMUG000508', 'lNONMMUG002215', 'lNONMMUG002239', 'lNONMMUG009962', 'lNONMMUG013211', 'lNONMMUG017485', 'lNONMMUG017913', 'lNONMMUG020673', 'lNONMMUG023454', 'lNONMMUG026355', 'lNONMMUG029813', 'lNONMMUG030202', 'lNONMMUG033401', 'lNONMMUG034886', 'lNONMMUG038355', 'lNONMMUG039685', 'lNONMMUG041158', 'lNONMMUG041781', 'lNONMMUG045568', 'lNONMMUG045569', 'lNONMMUG045574', 'lENSMUSG00000044471', 'lENSMUSG00000075277', 'lENSMUSG00000078190', 'lENSMUSG00000078247', 'lENSMUSG00000085354', 'lENSMUSG00000085715', 'lENSMUSG00000085873', 'lENSMUSG00000086035', 'lENSMUSG00000086141', 'lENSMUSG00000090063', 'lENSMUSG00000097336', 'lENSMUSG00000097571', 'lENSMUSG00000097767', 'lENSMUSG00000098439', 'lENSMUSG00000101609', 'lENSMUSG00000106519', 'l9030622O22Rik', 'lDlx6os1', 'lDnm3os', 'lGas5', 'lGm12610', 'lMiat', 'lNeat1', 'lNONMMUG002771', 'lNONMMUG004366', 'lNONMMUG007120', 'lNONMMUG009173', 'lNONMMUG009235', 'lNONMMUG010099', 'lNONMMUG012984', 'lNONMMUG013851', 'lNONMMUG014034', 'lNONMMUG017321', 'lNONMMUG017372', 'lNONMMUG019692', 'lNONMMUG020560', 'lNONMMUG021010', 'lNONMMUG023106', 'lNONMMUG024809', 'lNONMMUG025805', 'lNONMMUG029789', 'lNONMMUG031524', 'lNONMMUG031860', 'lNONMMUG032531', 'lNONMMUG033434', 'lNONMMUG034060', 'lNONMMUG035589', 'lNONMMUG036314', 'lNONMMUG036495', 'lNONMMUG038170', 'lNONMMUG038692', 'lNONMMUG038718', 'lNONMMUG039825', 'lNONMMUG041948', 'lNONMMUG042190', 'lNONMMUG043393', 'lNONMMUG043843', 'lNONMMUG044302', 'lNONMMUG045259', 'lENSMUSG00000085908', 'lENSMUSG00000103692', 'lENSMUSG00000106828', 'lENSMUSG00000107766', 'lGm13291', 'lSnord11', 'lSnord67']","[0.0, 0.0, 0.0, 0.0, 0.0, 1.0, 0.0, 1.0, 1.0, 0.0, 0.0, 0.0, 0.0, 0.0, 0.0, 0.0, 0.0, 0.0, 1.0, 0.0, 1.0, 1.0, 1.0, 1.0, 1.0, 1.0, 0.0, 1.0, 0.0, 1.0, 0.0, 1.0, 1.0, 1.0, 0.0, 1.0, 1.0, 0.0, 0.0, 1.0, 0.0, 0.0, 0.0, 0.0, 0.0, 0.0, 1.0, 1.0, 0.0, 0.0, 1.0, 1.0, 0.0, 1.0, 0.0, 0.0, 0.0, 1.0, 0.0, 1.0, 1.0, 0.0, 0.0, 0.0, 0.0, 0.0, 1.0, 1.0, 1.0, 1.0, 1.0, 1.0, 1.0, 1.0, 1.0, 1.0, 1.0, 1.0, 1.0, 1.0, 1.0, 1.0, 0.0, 1.0, 0.0, 1.0, 0.0]",['lNONMMUG008199'],[0.0],[0.0],[0.011834621234762737]
49,"['lNONMMUG000508', 'lNONMMUG002215', 'lNONMMUG002239', 'lNONMMUG009962', 'lNONMMUG013211', 'lNONMMUG017485', 'lNONMMUG017913', 'lNONMMUG020673', 'lNONMMUG023454', 'lNONMMUG026355', 'lNONMMUG029813', 'lNONMMUG030202', 'lNONMMUG033401', 'lNONMMUG034886', 'lNONMMUG038355', 'lNONMMUG039685', 'lNONMMUG041158', 'lNONMMUG041781', 'lNONMMUG045568', 'lNONMMUG045569', 'lNONMMUG045574', 'lENSMUSG00000044471', 'lENSMUSG00000075277', 'lENSMUSG00000078190', 'lENSMUSG00000078247', 'lENSMUSG00000085354', 'lENSMUSG00000085715', 'lENSMUSG00000085873', 'lENSMUSG00000086035', 'lENSMUSG00000086141', 'lENSMUSG00000090063', 'lENSMUSG00000097336', 'lENSMUSG00000097571', 'lENSMUSG00000097767', 'lENSMUSG00000098439', 'lENSMUSG00000101609', 'lENSMUSG00000106519', 'l9030622O22Rik', 'lDlx6os1', 'lDnm3os', 'lGas5', 'lGm12610', 'lMiat', 'lNeat1', 'lNONMMUG002771', 'lNONMMUG004366', 'lNONMMUG007120', 'lNONMMUG008199', 'lNONMMUG009235', 'lNONMMUG010099', 'lNONMMUG012984', 'lNONMMUG013851', 'lNONMMUG014034', 'lNONMMUG017321', 'lNONMMUG017372', 'lNONMMUG019692', 'lNONMMUG020560', 'lNONMMUG021010', 'lNONMMUG023106', 'lNONMMUG024809', 'lNONMMUG025805', 'lNONMMUG029789', 'lNONMMUG031524', 'lNONMMUG031860', 'lNONMMUG032531', 'lNONMMUG033434', 'lNONMMUG034060', 'lNONMMUG035589', 'lNONMMUG036314', 'lNONMMUG036495', 'lNONMMUG038170', 'lNONMMUG038692', 'lNONMMUG038718', 'lNONMMUG039825', 'lNONMMUG041948', 'lNONMMUG042190', 'lNONMMUG043393', 'lNONMMUG043843', 'lNONMMUG044302', 'lNONMMUG045259', 'lENSMUSG00000085908', 'lENSMUSG00000103692', 'lENSMUSG00000106828', 'lENSMUSG00000107766', 'lGm13291', 'lSnord11', 'lSnord67']","[0.0, 0.0, 0.0, 0.0, 0.0, 1.0, 0.0, 1.0, 1.0, 0.0, 0.0, 0.0, 0.0, 0.0, 0.0, 0.0, 0.0, 0.0, 1.0, 0.0, 1.0, 1.0, 1.0, 1.0, 1.0, 1.0, 0.0, 1.0, 0.0, 1.0, 0.0, 1.0, 1.0, 1.0, 0.0, 1.0, 1.0, 0.0, 0.0, 1.0, 0.0, 0.0, 0.0, 0.0, 0.0, 0.0, 1.0, 0.0, 0.0, 0.0, 1.0, 1.0, 0.0, 1.0, 0.0, 0.0, 0.0, 1.0, 0.0, 1.0, 1.0, 0.0, 0.0, 0.0, 0.0, 0.0, 1.0, 1.0, 1.0, 1.0, 1.0, 1.0, 1.0, 1.0, 1.0, 1.0, 1.0, 1.0, 1.0, 1.0, 1.0, 1.0, 0.0, 1.0, 0.0, 1.0, 0.0]",['lNONMMUG009173'],[1.0],[1.0],[0.9763326937704158]
50,"['lNONMMUG000508', 'lNONMMUG002215', 'lNONMMUG002239', 'lNONMMUG009962', 'lNONMMUG013211', 'lNONMMUG017485', 'lNONMMUG017913', 'lNONMMUG020673', 'lNONMMUG023454', 'lNONMMUG026355', 'lNONMMUG029813', 'lNONMMUG030202', 'lNONMMUG033401', 'lNONMMUG034886', 'lNONMMUG038355', 'lNONMMUG039685', 'lNONMMUG041158', 'lNONMMUG041781', 'lNONMMUG045568', 'lNONMMUG045569', 'lNONMMUG045574', 'lENSMUSG00000044471', 'lENSMUSG00000075277', 'lENSMUSG00000078190', 'lENSMUSG00000078247', 'lENSMUSG00000085354', 'lENSMUSG00000085715', 'lENSMUSG00000085873', 'lENSMUSG00000086035', 'lENSMUSG00000086141', 'lENSMUSG00000090063', 'lENSMUSG00000097336', 'lENSMUSG00000097571', 'lENSMUSG00000097767', 'lENSMUSG00000098439', 'lENSMUSG00000101609', 'lENSMUSG00000106519', 'l9030622O22Rik', 'lDlx6os1', 'lDnm3os', 'lGas5', 'lGm12610', 'lMiat', 'lNeat1', 'lNONMMUG002771', 'lNONMMUG004366', 'lNONMMUG007120', 'lNONMMUG008199', 'lNONMMUG009173', 'lNONMMUG010099', 'lNONMMUG012984', 'lNONMMUG013851', 'lNONMMUG014034', 'lNONMMUG017321', 'lNONMMUG017372', 'lNONMMUG019692', 'lNONMMUG020560', 'lNONMMUG021010', 'lNONMMUG023106', 'lNONMMUG024809', 'lNONMMUG025805', 'lNONMMUG029789', 'lNONMMUG031524', 'lNONMMUG031860', 'lNONMMUG032531', 'lNONMMUG033434', 'lNONMMUG034060', 'lNONMMUG035589', 'lNONMMUG036314', 'lNONMMUG036495', 'lNONMMUG038170', 'lNONMMUG038692', 'lNONMMUG038718', 'lNONMMUG039825', 'lNONMMUG041948', 'lNONMMUG042190', 'lNONMMUG043393', 'lNONMMUG043843', 'lNONMMUG044302', 'lNONMMUG045259', 'lENSMUSG00000085908', 'lENSMUSG00000103692', 'lENSMUSG00000106828', 'lENSMUSG00000107766', 'lGm13291', 'lSnord11', 'lSnord67']","[0.0, 0.0, 0.0, 0.0, 0.0, 1.0, 0.0, 1.0, 1.0, 0.0, 0.0, 0.0, 0.0, 0.0, 0.0, 0.0, 0.0, 0.0, 1.0, 0.0, 1.0, 1.0, 1.0, 1.0, 1.0, 1.0, 0.0, 1.0, 0.0, 1.0, 0.0, 1.0, 1.0, 1.0, 0.0, 1.0, 1.0, 0.0, 0.0, 1.0, 0.0, 0.0, 0.0, 0.0, 0.0, 0.0, 1.0, 0.0, 1.0, 0.0, 1.0, 1.0, 0.0, 1.0, 0.0, 0.0, 0.0, 1.0, 0.0, 1.0, 1.0, 0.0, 0.0, 0.0, 0.0, 0.0, 1.0, 1.0, 1.0, 1.0, 1.0, 1.0, 1.0, 1.0, 1.0, 1.0, 1.0, 1.0, 1.0, 1.0, 1.0, 1.0, 0.0, 1.0, 0.0, 1.0, 0.0]",['lNONMMUG009235'],[0.0],[1.0],[0.9995562614518015]
51,"['lNONMMUG000508', 'lNONMMUG002215', 'lNONMMUG002239', 'lNONMMUG009962', 'lNONMMUG013211', 'lNONMMUG017485', 'lNONMMUG017913', 'lNONMMUG020673', 'lNONMMUG023454', 'lNONMMUG026355', 'lNONMMUG029813', 'lNONMMUG030202', 'lNONMMUG033401', 'lNONMMUG034886', 'lNONMMUG038355', 'lNONMMUG039685', 'lNONMMUG041158', 'lNONMMUG041781', 'lNONMMUG045568', 'lNONMMUG045569', 'lNONMMUG045574', 'lENSMUSG00000044471', 'lENSMUSG00000075277', 'lENSMUSG00000078190', 'lENSMUSG00000078247', 'lENSMUSG00000085354', 'lENSMUSG00000085715', 'lENSMUSG00000085873', 'lENSMUSG00000086035', 'lENSMUSG00000086141', 'lENSMUSG00000090063', 'lENSMUSG00000097336', 'lENSMUSG00000097571', 'lENSMUSG00000097767', 'lENSMUSG00000098439', 'lENSMUSG00000101609', 'lENSMUSG00000106519', 'l9030622O22Rik', 'lDlx6os1', 'lDnm3os', 'lGas5', 'lGm12610', 'lMiat', 'lNeat1', 'lNONMMUG002771', 'lNONMMUG004366', 'lNONMMUG007120', 'lNONMMUG008199', 'lNONMMUG009173', 'lNONMMUG009235', 'lNONMMUG012984', 'lNONMMUG013851', 'lNONMMUG014034', 'lNONMMUG017321', 'lNONMMUG017372', 'lNONMMUG019692', 'lNONMMUG020560', 'lNONMMUG021010', 'lNONMMUG023106', 'lNONMMUG024809', 'lNONMMUG025805', 'lNONMMUG029789', 'lNONMMUG031524', 'lNONMMUG031860', 'lNONMMUG032531', 'lNONMMUG033434', 'lNONMMUG034060', 'lNONMMUG035589', 'lNONMMUG036314', 'lNONMMUG036495', 'lNONMMUG038170', 'lNONMMUG038692', 'lNONMMUG038718', 'lNONMMUG039825', 'lNONMMUG041948', 'lNONMMUG042190', 'lNONMMUG043393', 'lNONMMUG043843', 'lNONMMUG044302', 'lNONMMUG045259', 'lENSMUSG00000085908', 'lENSMUSG00000103692', 'lENSMUSG00000106828', 'lENSMUSG00000107766', 'lGm13291', 'lSnord11', 'lSnord67']","[0.0, 0.0, 0.0, 0.0, 0.0, 1.0, 0.0, 1.0, 1.0, 0.0, 0.0, 0.0, 0.0, 0.0, 0.0, 0.0, 0.0, 0.0, 1.0, 0.0, 1.0, 1.0, 1.0, 1.0, 1.0, 1.0, 0.0, 1.0, 0.0, 1.0, 0.0, 1.0, 1.0, 1.0, 0.0, 1.0, 1.0, 0.0, 0.0, 1.0, 0.0, 0.0, 0.0, 0.0, 0.0, 0.0, 1.0, 0.0, 1.0, 0.0, 1.0, 1.0, 0.0, 1.0, 0.0, 0.0, 0.0, 1.0, 0.0, 1.0, 1.0, 0.0, 0.0, 0.0, 0.0, 0.0, 1.0, 1.0, 1.0, 1.0, 1.0, 1.0, 1.0, 1.0, 1.0, 1.0, 1.0, 1.0, 1.0, 1.0, 1.0, 1.0, 0.0, 1.0, 0.0, 1.0, 0.0]",['lNONMMUG010099'],[0.0],[1.0],[0.9999263510871124]
52,"['lNONMMUG000508', 'lNONMMUG002215', 'lNONMMUG002239', 'lNONMMUG009962', 'lNONMMUG013211', 'lNONMMUG017485', 'lNONMMUG017913', 'lNONMMUG020673', 'lNONMMUG023454', 'lNONMMUG026355', 'lNONMMUG029813', 'lNONMMUG030202', 'lNONMMUG033401', 'lNONMMUG034886', 'lNONMMUG038355', 'lNONMMUG039685', 'lNONMMUG041158', 'lNONMMUG041781', 'lNONMMUG045568', 'lNONMMUG045569', 'lNONMMUG045574', 'lENSMUSG00000044471', 'lENSMUSG00000075277', 'lENSMUSG00000078190', 'lENSMUSG00000078247', 'lENSMUSG00000085354', 'lENSMUSG00000085715', 'lENSMUSG00000085873', 'lENSMUSG00000086035', 'lENSMUSG00000086141', 'lENSMUSG00000090063', 'lENSMUSG00000097336', 'lENSMUSG00000097571', 'lENSMUSG00000097767', 'lENSMUSG00000098439', 'lENSMUSG00000101609', 'lENSMUSG00000106519', 'l9030622O22Rik', 'lDlx6os1', 'lDnm3os', 'lGas5', 'lGm12610', 'lMiat', 'lNeat1', 'lNONMMUG002771', 'lNONMMUG004366', 'lNONMMUG007120', 'lNONMMUG008199', 'lNONMMUG009173', 'lNONMMUG009235', 'lNONMMUG010099', 'lNONMMUG013851', 'lNONMMUG014034', 'lNONMMUG017321', 'lNONMMUG017372', 'lNONMMUG019692', 'lNONMMUG020560', 'lNONMMUG021010', 'lNONMMUG023106', 'lNONMMUG024809', 'lNONMMUG025805', 'lNONMMUG029789', 'lNONMMUG031524', 'lNONMMUG031860', 'lNONMMUG032531', 'lNONMMUG033434', 'lNONMMUG034060', 'lNONMMUG035589', 'lNONMMUG036314', 'lNONMMUG036495', 'lNONMMUG038170', 'lNONMMUG038692', 'lNONMMUG038718', 'lNONMMUG039825', 'lNONMMUG041948', 'lNONMMUG042190', 'lNONMMUG043393', 'lNONMMUG043843', 'lNONMMUG044302', 'lNONMMUG045259', 'lENSMUSG00000085908', 'lENSMUSG00000103692', 'lENSMUSG00000106828', 'lENSMUSG00000107766', 'lGm13291', 'lSnord11', 'lSnord67']","[0.0, 0.0, 0.0, 0.0, 0.0, 1.0, 0.0, 1.0, 1.0, 0.0, 0.0, 0.0, 0.0, 0.0, 0.0, 0.0, 0.0, 0.0, 1.0, 0.0, 1.0, 1.0, 1.0, 1.0, 1.0, 1.0, 0.0, 1.0, 0.0, 1.0, 0.0, 1.0, 1.0, 1.0, 0.0, 1.0, 1.0, 0.0, 0.0, 1.0, 0.0, 0.0, 0.0, 0.0, 0.0, 0.0, 1.0, 0.0, 1.0, 0.0, 0.0, 1.0, 0.0, 1.0, 0.0, 0.0, 0.0, 1.0, 0.0, 1.0, 1.0, 0.0, 0.0, 0.0, 0.0, 0.0, 1.0, 1.0, 1.0, 1.0, 1.0, 1.0, 1.0, 1.0, 1.0, 1.0, 1.0, 1.0, 1.0, 1.0, 1.0, 1.0, 0.0, 1.0, 0.0, 1.0, 0.0]",['lNONMMUG012984'],[1.0],[0.0],[0.0408318421952798]
53,"['lNONMMUG000508', 'lNONMMUG002215', 'lNONMMUG002239', 'lNONMMUG009962', 'lNONMMUG013211', 'lNONMMUG017485', 'lNONMMUG017913', 'lNONMMUG020673', 'lNONMMUG023454', 'lNONMMUG026355', 'lNONMMUG029813', 'lNONMMUG030202', 'lNONMMUG033401', 'lNONMMUG034886', 'lNONMMUG038355', 'lNONMMUG039685', 'lNONMMUG041158', 'lNONMMUG041781', 'lNONMMUG045568', 'lNONMMUG045569', 'lNONMMUG045574', 'lENSMUSG00000044471', 'lENSMUSG00000075277', 'lENSMUSG00000078190', 'lENSMUSG00000078247', 'lENSMUSG00000085354', 'lENSMUSG00000085715', 'lENSMUSG00000085873', 'lENSMUSG00000086035', 'lENSMUSG00000086141', 'lENSMUSG00000090063', 'lENSMUSG00000097336', 'lENSMUSG00000097571', 'lENSMUSG00000097767', 'lENSMUSG00000098439', 'lENSMUSG00000101609', 'lENSMUSG00000106519', 'l9030622O22Rik', 'lDlx6os1', 'lDnm3os', 'lGas5', 'lGm12610', 'lMiat', 'lNeat1', 'lNONMMUG002771', 'lNONMMUG004366', 'lNONMMUG007120', 'lNONMMUG008199', 'lNONMMUG009173', 'lNONMMUG009235', 'lNONMMUG010099', 'lNONMMUG012984', 'lNONMMUG014034', 'lNONMMUG017321', 'lNONMMUG017372', 'lNONMMUG019692', 'lNONMMUG020560', 'lNONMMUG021010', 'lNONMMUG023106', 'lNONMMUG024809', 'lNONMMUG025805', 'lNONMMUG029789', 'lNONMMUG031524', 'lNONMMUG031860', 'lNONMMUG032531', 'lNONMMUG033434', 'lNONMMUG034060', 'lNONMMUG035589', 'lNONMMUG036314', 'lNONMMUG036495', 'lNONMMUG038170', 'lNONMMUG038692', 'lNONMMUG038718', 'lNONMMUG039825', 'lNONMMUG041948', 'lNONMMUG042190', 'lNONMMUG043393', 'lNONMMUG043843', 'lNONMMUG044302', 'lNONMMUG045259', 'lENSMUSG00000085908', 'lENSMUSG00000103692', 'lENSMUSG00000106828', 'lENSMUSG00000107766', 'lGm13291', 'lSnord11', 'lSnord67']","[0.0, 0.0, 0.0, 0.0, 0.0, 1.0, 0.0, 1.0, 1.0, 0.0, 0.0, 0.0, 0.0, 0.0, 0.0, 0.0, 0.0, 0.0, 1.0, 0.0, 1.0, 1.0, 1.0, 1.0, 1.0, 1.0, 0.0, 1.0, 0.0, 1.0, 0.0, 1.0, 1.0, 1.0, 0.0, 1.0, 1.0, 0.0, 0.0, 1.0, 0.0, 0.0, 0.0, 0.0, 0.0, 0.0, 1.0, 0.0, 1.0, 0.0, 0.0, 1.0, 0.0, 1.0, 0.0, 0.0, 0.0, 1.0, 0.0, 1.0, 1.0, 0.0, 0.0, 0.0, 0.0, 0.0, 1.0, 1.0, 1.0, 1.0, 1.0, 1.0, 1.0, 1.0, 1.0, 1.0, 1.0, 1.0, 1.0, 1.0, 1.0, 1.0, 0.0, 1.0, 0.0, 1.0, 0.0]",['lNONMMUG013851'],[1.0],[0.0],[0.03331832976680616]
54,"['lNONMMUG000508', 'lNONMMUG002215', 'lNONMMUG002239', 'lNONMMUG009962', 'lNONMMUG013211', 'lNONMMUG017485', 'lNONMMUG017913', 'lNONMMUG020673', 'lNONMMUG023454', 'lNONMMUG026355', 'lNONMMUG029813', 'lNONMMUG030202', 'lNONMMUG033401', 'lNONMMUG034886', 'lNONMMUG038355', 'lNONMMUG039685', 'lNONMMUG041158', 'lNONMMUG041781', 'lNONMMUG045568', 'lNONMMUG045569', 'lNONMMUG045574', 'lENSMUSG00000044471', 'lENSMUSG00000075277', 'lENSMUSG00000078190', 'lENSMUSG00000078247', 'lENSMUSG00000085354', 'lENSMUSG00000085715', 'lENSMUSG00000085873', 'lENSMUSG00000086035', 'lENSMUSG00000086141', 'lENSMUSG00000090063', 'lENSMUSG00000097336', 'lENSMUSG00000097571', 'lENSMUSG00000097767', 'lENSMUSG00000098439', 'lENSMUSG00000101609', 'lENSMUSG00000106519', 'l9030622O22Rik', 'lDlx6os1', 'lDnm3os', 'lGas5', 'lGm12610', 'lMiat', 'lNeat1', 'lNONMMUG002771', 'lNONMMUG004366', 'lNONMMUG007120', 'lNONMMUG008199', 'lNONMMUG009173', 'lNONMMUG009235', 'lNONMMUG010099', 'lNONMMUG012984', 'lNONMMUG013851', 'lNONMMUG017321', 'lNONMMUG017372', 'lNONMMUG019692', 'lNONMMUG020560', 'lNONMMUG021010', 'lNONMMUG023106', 'lNONMMUG024809', 'lNONMMUG025805', 'lNONMMUG029789', 'lNONMMUG031524', 'lNONMMUG031860', 'lNONMMUG032531', 'lNONMMUG033434', 'lNONMMUG034060', 'lNONMMUG035589', 'lNONMMUG036314', 'lNONMMUG036495', 'lNONMMUG038170', 'lNONMMUG038692', 'lNONMMUG038718', 'lNONMMUG039825', 'lNONMMUG041948', 'lNONMMUG042190', 'lNONMMUG043393', 'lNONMMUG043843', 'lNONMMUG044302', 'lNONMMUG045259', 'lENSMUSG00000085908', 'lENSMUSG00000103692', 'lENSMUSG00000106828', 'lENSMUSG00000107766', 'lGm13291', 'lSnord11', 'lSnord67']","[0.0, 0.0, 0.0, 0.0, 0.0, 1.0, 0.0, 1.0, 1.0, 0.0, 0.0, 0.0, 0.0, 0.0, 0.0, 0.0, 0.0, 0.0, 1.0, 0.0, 1.0, 1.0, 1.0, 1.0, 1.0, 1.0, 0.0, 1.0, 0.0, 1.0, 0.0, 1.0, 1.0, 1.0, 0.0, 1.0, 1.0, 0.0, 0.0, 1.0, 0.0, 0.0, 0.0, 0.0, 0.0, 0.0, 1.0, 0.0, 1.0, 0.0, 0.0, 1.0, 1.0, 1.0, 0.0, 0.0, 0.0, 1.0, 0.0, 1.0, 1.0, 0.0, 0.0, 0.0, 0.0, 0.0, 1.0, 1.0, 1.0, 1.0, 1.0, 1.0, 1.0, 1.0, 1.0, 1.0, 1.0, 1.0, 1.0, 1.0, 1.0, 1.0, 0.0, 1.0, 0.0, 1.0, 0.0]",['lNONMMUG014034'],[0.0],[1.0],[0.9999008704617647]
55,"['lNONMMUG000508', 'lNONMMUG002215', 'lNONMMUG002239', 'lNONMMUG009962', 'lNONMMUG013211', 'lNONMMUG017485', 'lNONMMUG017913', 'lNONMMUG020673', 'lNONMMUG023454', 'lNONMMUG026355', 'lNONMMUG029813', 'lNONMMUG030202', 'lNONMMUG033401', 'lNONMMUG034886', 'lNONMMUG038355', 'lNONMMUG039685', 'lNONMMUG041158', 'lNONMMUG041781', 'lNONMMUG045568', 'lNONMMUG045569', 'lNONMMUG045574', 'lENSMUSG00000044471', 'lENSMUSG00000075277', 'lENSMUSG00000078190', 'lENSMUSG00000078247', 'lENSMUSG00000085354', 'lENSMUSG00000085715', 'lENSMUSG00000085873', 'lENSMUSG00000086035', 'lENSMUSG00000086141', 'lENSMUSG00000090063', 'lENSMUSG00000097336', 'lENSMUSG00000097571', 'lENSMUSG00000097767', 'lENSMUSG00000098439', 'lENSMUSG00000101609', 'lENSMUSG00000106519', 'l9030622O22Rik', 'lDlx6os1', 'lDnm3os', 'lGas5', 'lGm12610', 'lMiat', 'lNeat1', 'lNONMMUG002771', 'lNONMMUG004366', 'lNONMMUG007120', 'lNONMMUG008199', 'lNONMMUG009173', 'lNONMMUG009235', 'lNONMMUG010099', 'lNONMMUG012984', 'lNONMMUG013851', 'lNONMMUG014034', 'lNONMMUG017372', 'lNONMMUG019692', 'lNONMMUG020560', 'lNONMMUG021010', 'lNONMMUG023106', 'lNONMMUG024809', 'lNONMMUG025805', 'lNONMMUG029789', 'lNONMMUG031524', 'lNONMMUG031860', 'lNONMMUG032531', 'lNONMMUG033434', 'lNONMMUG034060', 'lNONMMUG035589', 'lNONMMUG036314', 'lNONMMUG036495', 'lNONMMUG038170', 'lNONMMUG038692', 'lNONMMUG038718', 'lNONMMUG039825', 'lNONMMUG041948', 'lNONMMUG042190', 'lNONMMUG043393', 'lNONMMUG043843', 'lNONMMUG044302', 'lNONMMUG045259', 'lENSMUSG00000085908', 'lENSMUSG00000103692', 'lENSMUSG00000106828', 'lENSMUSG00000107766', 'lGm13291', 'lSnord11', 'lSnord67']","[0.0, 0.0, 0.0, 0.0, 0.0, 1.0, 0.0, 1.0, 1.0, 0.0, 0.0, 0.0, 0.0, 0.0, 0.0, 0.0, 0.0, 0.0, 1.0, 0.0, 1.0, 1.0, 1.0, 1.0, 1.0, 1.0, 0.0, 1.0, 0.0, 1.0, 0.0, 1.0, 1.0, 1.0, 0.0, 1.0, 1.0, 0.0, 0.0, 1.0, 0.0, 0.0, 0.0, 0.0, 0.0, 0.0, 1.0, 0.0, 1.0, 0.0, 0.0, 1.0, 1.0, 0.0, 0.0, 0.0, 0.0, 1.0, 0.0, 1.0, 1.0, 0.0, 0.0, 0.0, 0.0, 0.0, 1.0, 1.0, 1.0, 1.0, 1.0, 1.0, 1.0, 1.0, 1.0, 1.0, 1.0, 1.0, 1.0, 1.0, 1.0, 1.0, 0.0, 1.0, 0.0, 1.0, 0.0]",['lNONMMUG017321'],[1.0],[0.0],[0.08840260454515718]
56,"['lNONMMUG000508', 'lNONMMUG002215', 'lNONMMUG002239', 'lNONMMUG009962', 'lNONMMUG013211', 'lNONMMUG017485', 'lNONMMUG017913', 'lNONMMUG020673', 'lNONMMUG023454', 'lNONMMUG026355', 'lNONMMUG029813', 'lNONMMUG030202', 'lNONMMUG033401', 'lNONMMUG034886', 'lNONMMUG038355', 'lNONMMUG039685', 'lNONMMUG041158', 'lNONMMUG041781', 'lNONMMUG045568', 'lNONMMUG045569', 'lNONMMUG045574', 'lENSMUSG00000044471', 'lENSMUSG00000075277', 'lENSMUSG00000078190', 'lENSMUSG00000078247', 'lENSMUSG00000085354', 'lENSMUSG00000085715', 'lENSMUSG00000085873', 'lENSMUSG00000086035', 'lENSMUSG00000086141', 'lENSMUSG00000090063', 'lENSMUSG00000097336', 'lENSMUSG00000097571', 'lENSMUSG00000097767', 'lENSMUSG00000098439', 'lENSMUSG00000101609', 'lENSMUSG00000106519', 'l9030622O22Rik', 'lDlx6os1', 'lDnm3os', 'lGas5', 'lGm12610', 'lMiat', 'lNeat1', 'lNONMMUG002771', 'lNONMMUG004366', 'lNONMMUG007120', 'lNONMMUG008199', 'lNONMMUG009173', 'lNONMMUG009235', 'lNONMMUG010099', 'lNONMMUG012984', 'lNONMMUG013851', 'lNONMMUG014034', 'lNONMMUG017321', 'lNONMMUG019692', 'lNONMMUG020560', 'lNONMMUG021010', 'lNONMMUG023106', 'lNONMMUG024809', 'lNONMMUG025805', 'lNONMMUG029789', 'lNONMMUG031524', 'lNONMMUG031860', 'lNONMMUG032531', 'lNONMMUG033434', 'lNONMMUG034060', 'lNONMMUG035589', 'lNONMMUG036314', 'lNONMMUG036495', 'lNONMMUG038170', 'lNONMMUG038692', 'lNONMMUG038718', 'lNONMMUG039825', 'lNONMMUG041948', 'lNONMMUG042190', 'lNONMMUG043393', 'lNONMMUG043843', 'lNONMMUG044302', 'lNONMMUG045259', 'lENSMUSG00000085908', 'lENSMUSG00000103692', 'lENSMUSG00000106828', 'lENSMUSG00000107766', 'lGm13291', 'lSnord11', 'lSnord67']","[0.0, 0.0, 0.0, 0.0, 0.0, 1.0, 0.0, 1.0, 1.0, 0.0, 0.0, 0.0, 0.0, 0.0, 0.0, 0.0, 0.0, 0.0, 1.0, 0.0, 1.0, 1.0, 1.0, 1.0, 1.0, 1.0, 0.0, 1.0, 0.0, 1.0, 0.0, 1.0, 1.0, 1.0, 0.0, 1.0, 1.0, 0.0, 0.0, 1.0, 0.0, 0.0, 0.0, 0.0, 0.0, 0.0, 1.0, 0.0, 1.0, 0.0, 0.0, 1.0, 1.0, 0.0, 1.0, 0.0, 0.0, 1.0, 0.0, 1.0, 1.0, 0.0, 0.0, 0.0, 0.0, 0.0, 1.0, 1.0, 1.0, 1.0, 1.0, 1.0, 1.0, 1.0, 1.0, 1.0, 1.0, 1.0, 1.0, 1.0, 1.0, 1.0, 0.0, 1.0, 0.0, 1.0, 0.0]",['lNONMMUG017372'],[0.0],[0.0],[0.008704803917813345]
57,"['lNONMMUG000508', 'lNONMMUG002215', 'lNONMMUG002239', 'lNONMMUG009962', 'lNONMMUG013211', 'lNONMMUG017485', 'lNONMMUG017913', 'lNONMMUG020673', 'lNONMMUG023454', 'lNONMMUG026355', 'lNONMMUG029813', 'lNONMMUG030202', 'lNONMMUG033401', 'lNONMMUG034886', 'lNONMMUG038355', 'lNONMMUG039685', 'lNONMMUG041158', 'lNONMMUG041781', 'lNONMMUG045568', 'lNONMMUG045569', 'lNONMMUG045574', 'lENSMUSG00000044471', 'lENSMUSG00000075277', 'lENSMUSG00000078190', 'lENSMUSG00000078247', 'lENSMUSG00000085354', 'lENSMUSG00000085715', 'lENSMUSG00000085873', 'lENSMUSG00000086035', 'lENSMUSG00000086141', 'lENSMUSG00000090063', 'lENSMUSG00000097336', 'lENSMUSG00000097571', 'lENSMUSG00000097767', 'lENSMUSG00000098439', 'lENSMUSG00000101609', 'lENSMUSG00000106519', 'l9030622O22Rik', 'lDlx6os1', 'lDnm3os', 'lGas5', 'lGm12610', 'lMiat', 'lNeat1', 'lNONMMUG002771', 'lNONMMUG004366', 'lNONMMUG007120', 'lNONMMUG008199', 'lNONMMUG009173', 'lNONMMUG009235', 'lNONMMUG010099', 'lNONMMUG012984', 'lNONMMUG013851', 'lNONMMUG014034', 'lNONMMUG017321', 'lNONMMUG017372', 'lNONMMUG020560', 'lNONMMUG021010', 'lNONMMUG023106', 'lNONMMUG024809', 'lNONMMUG025805', 'lNONMMUG029789', 'lNONMMUG031524', 'lNONMMUG031860', 'lNONMMUG032531', 'lNONMMUG033434', 'lNONMMUG034060', 'lNONMMUG035589', 'lNONMMUG036314', 'lNONMMUG036495', 'lNONMMUG038170', 'lNONMMUG038692', 'lNONMMUG038718', 'lNONMMUG039825', 'lNONMMUG041948', 'lNONMMUG042190', 'lNONMMUG043393', 'lNONMMUG043843', 'lNONMMUG044302', 'lNONMMUG045259', 'lENSMUSG00000085908', 'lENSMUSG00000103692', 'lENSMUSG00000106828', 'lENSMUSG00000107766', 'lGm13291', 'lSnord11', 'lSnord67']","[0.0, 0.0, 0.0, 0.0, 0.0, 1.0, 0.0, 1.0, 1.0, 0.0, 0.0, 0.0, 0.0, 0.0, 0.0, 0.0, 0.0, 0.0, 1.0, 0.0, 1.0, 1.0, 1.0, 1.0, 1.0, 1.0, 0.0, 1.0, 0.0, 1.0, 0.0, 1.0, 1.0, 1.0, 0.0, 1.0, 1.0, 0.0, 0.0, 1.0, 0.0, 0.0, 0.0, 0.0, 0.0, 0.0, 1.0, 0.0, 1.0, 0.0, 0.0, 1.0, 1.0, 0.0, 1.0, 0.0, 0.0, 1.0, 0.0, 1.0, 1.0, 0.0, 0.0, 0.0, 0.0, 0.0, 1.0, 1.0, 1.0, 1.0, 1.0, 1.0, 1.0, 1.0, 1.0, 1.0, 1.0, 1.0, 1.0, 1.0, 1.0, 1.0, 0.0, 1.0, 0.0, 1.0, 0.0]",['lNONMMUG019692'],[0.0],[0.0],[0.33584188016756267]
58,"['lNONMMUG000508', 'lNONMMUG002215', 'lNONMMUG002239', 'lNONMMUG009962', 'lNONMMUG013211', 'lNONMMUG017485', 'lNONMMUG017913', 'lNONMMUG020673', 'lNONMMUG023454', 'lNONMMUG026355', 'lNONMMUG029813', 'lNONMMUG030202', 'lNONMMUG033401', 'lNONMMUG034886', 'lNONMMUG038355', 'lNONMMUG039685', 'lNONMMUG041158', 'lNONMMUG041781', 'lNONMMUG045568', 'lNONMMUG045569', 'lNONMMUG045574', 'lENSMUSG00000044471', 'lENSMUSG00000075277', 'lENSMUSG00000078190', 'lENSMUSG00000078247', 'lENSMUSG00000085354', 'lENSMUSG00000085715', 'lENSMUSG00000085873', 'lENSMUSG00000086035', 'lENSMUSG00000086141', 'lENSMUSG00000090063', 'lENSMUSG00000097336', 'lENSMUSG00000097571', 'lENSMUSG00000097767', 'lENSMUSG00000098439', 'lENSMUSG00000101609', 'lENSMUSG00000106519', 'l9030622O22Rik', 'lDlx6os1', 'lDnm3os', 'lGas5', 'lGm12610', 'lMiat', 'lNeat1', 'lNONMMUG002771', 'lNONMMUG004366', 'lNONMMUG007120', 'lNONMMUG008199', 'lNONMMUG009173', 'lNONMMUG009235', 'lNONMMUG010099', 'lNONMMUG012984', 'lNONMMUG013851', 'lNONMMUG014034', 'lNONMMUG017321', 'lNONMMUG017372', 'lNONMMUG019692', 'lNONMMUG021010', 'lNONMMUG023106', 'lNONMMUG024809', 'lNONMMUG025805', 'lNONMMUG029789', 'lNONMMUG031524', 'lNONMMUG031860', 'lNONMMUG032531', 'lNONMMUG033434', 'lNONMMUG034060', 'lNONMMUG035589', 'lNONMMUG036314', 'lNONMMUG036495', 'lNONMMUG038170', 'lNONMMUG038692', 'lNONMMUG038718', 'lNONMMUG039825', 'lNONMMUG041948', 'lNONMMUG042190', 'lNONMMUG043393', 'lNONMMUG043843', 'lNONMMUG044302', 'lNONMMUG045259', 'lENSMUSG00000085908', 'lENSMUSG00000103692', 'lENSMUSG00000106828', 'lENSMUSG00000107766', 'lGm13291', 'lSnord11', 'lSnord67']","[0.0, 0.0, 0.0, 0.0, 0.0, 1.0, 0.0, 1.0, 1.0, 0.0, 0.0, 0.0, 0.0, 0.0, 0.0, 0.0, 0.0, 0.0, 1.0, 0.0, 1.0, 1.0, 1.0, 1.0, 1.0, 1.0, 0.0, 1.0, 0.0, 1.0, 0.0, 1.0, 1.0, 1.0, 0.0, 1.0, 1.0, 0.0, 0.0, 1.0, 0.0, 0.0, 0.0, 0.0, 0.0, 0.0, 1.0, 0.0, 1.0, 0.0, 0.0, 1.0, 1.0, 0.0, 1.0, 0.0, 0.0, 1.0, 0.0, 1.0, 1.0, 0.0, 0.0, 0.0, 0.0, 0.0, 1.0, 1.0, 1.0, 1.0, 1.0, 1.0, 1.0, 1.0, 1.0, 1.0, 1.0, 1.0, 1.0, 1.0, 1.0, 1.0, 0.0, 1.0, 0.0, 1.0, 0.0]",['lNONMMUG020560'],[0.0],[0.0],[0.0018097631791591379]
59,"['lNONMMUG000508', 'lNONMMUG002215', 'lNONMMUG002239', 'lNONMMUG009962', 'lNONMMUG013211', 'lNONMMUG017485', 'lNONMMUG017913', 'lNONMMUG020673', 'lNONMMUG023454', 'lNONMMUG026355', 'lNONMMUG029813', 'lNONMMUG030202', 'lNONMMUG033401', 'lNONMMUG034886', 'lNONMMUG038355', 'lNONMMUG039685', 'lNONMMUG041158', 'lNONMMUG041781', 'lNONMMUG045568', 'lNONMMUG045569', 'lNONMMUG045574', 'lENSMUSG00000044471', 'lENSMUSG00000075277', 'lENSMUSG00000078190', 'lENSMUSG00000078247', 'lENSMUSG00000085354', 'lENSMUSG00000085715', 'lENSMUSG00000085873', 'lENSMUSG00000086035', 'lENSMUSG00000086141', 'lENSMUSG00000090063', 'lENSMUSG00000097336', 'lENSMUSG00000097571', 'lENSMUSG00000097767', 'lENSMUSG00000098439', 'lENSMUSG00000101609', 'lENSMUSG00000106519', 'l9030622O22Rik', 'lDlx6os1', 'lDnm3os', 'lGas5', 'lGm12610', 'lMiat', 'lNeat1', 'lNONMMUG002771', 'lNONMMUG004366', 'lNONMMUG007120', 'lNONMMUG008199', 'lNONMMUG009173', 'lNONMMUG009235', 'lNONMMUG010099', 'lNONMMUG012984', 'lNONMMUG013851', 'lNONMMUG014034', 'lNONMMUG017321', 'lNONMMUG017372', 'lNONMMUG019692', 'lNONMMUG020560', 'lNONMMUG023106', 'lNONMMUG024809', 'lNONMMUG025805', 'lNONMMUG029789', 'lNONMMUG031524', 'lNONMMUG031860', 'lNONMMUG032531', 'lNONMMUG033434', 'lNONMMUG034060', 'lNONMMUG035589', 'lNONMMUG036314', 'lNONMMUG036495', 'lNONMMUG038170', 'lNONMMUG038692', 'lNONMMUG038718', 'lNONMMUG039825', 'lNONMMUG041948', 'lNONMMUG042190', 'lNONMMUG043393', 'lNONMMUG043843', 'lNONMMUG044302', 'lNONMMUG045259', 'lENSMUSG00000085908', 'lENSMUSG00000103692', 'lENSMUSG00000106828', 'lENSMUSG00000107766', 'lGm13291', 'lSnord11', 'lSnord67']","[0.0, 0.0, 0.0, 0.0, 0.0, 1.0, 0.0, 1.0, 1.0, 0.0, 0.0, 0.0, 0.0, 0.0, 0.0, 0.0, 0.0, 0.0, 1.0, 0.0, 1.0, 1.0, 1.0, 1.0, 1.0, 1.0, 0.0, 1.0, 0.0, 1.0, 0.0, 1.0, 1.0, 1.0, 0.0, 1.0, 1.0, 0.0, 0.0, 1.0, 0.0, 0.0, 0.0, 0.0, 0.0, 0.0, 1.0, 0.0, 1.0, 0.0, 0.0, 1.0, 1.0, 0.0, 1.0, 0.0, 0.0, 0.0, 0.0, 1.0, 1.0, 0.0, 0.0, 0.0, 0.0, 0.0, 1.0, 1.0, 1.0, 1.0, 1.0, 1.0, 1.0, 1.0, 1.0, 1.0, 1.0, 1.0, 1.0, 1.0, 1.0, 1.0, 0.0, 1.0, 0.0, 1.0, 0.0]",['lNONMMUG021010'],[1.0],[1.0],[0.9999928513739128]
60,"['lNONMMUG000508', 'lNONMMUG002215', 'lNONMMUG002239', 'lNONMMUG009962', 'lNONMMUG013211', 'lNONMMUG017485', 'lNONMMUG017913', 'lNONMMUG020673', 'lNONMMUG023454', 'lNONMMUG026355', 'lNONMMUG029813', 'lNONMMUG030202', 'lNONMMUG033401', 'lNONMMUG034886', 'lNONMMUG038355', 'lNONMMUG039685', 'lNONMMUG041158', 'lNONMMUG041781', 'lNONMMUG045568', 'lNONMMUG045569', 'lNONMMUG045574', 'lENSMUSG00000044471', 'lENSMUSG00000075277', 'lENSMUSG00000078190', 'lENSMUSG00000078247', 'lENSMUSG00000085354', 'lENSMUSG00000085715', 'lENSMUSG00000085873', 'lENSMUSG00000086035', 'lENSMUSG00000086141', 'lENSMUSG00000090063', 'lENSMUSG00000097336', 'lENSMUSG00000097571', 'lENSMUSG00000097767', 'lENSMUSG00000098439', 'lENSMUSG00000101609', 'lENSMUSG00000106519', 'l9030622O22Rik', 'lDlx6os1', 'lDnm3os', 'lGas5', 'lGm12610', 'lMiat', 'lNeat1', 'lNONMMUG002771', 'lNONMMUG004366', 'lNONMMUG007120', 'lNONMMUG008199', 'lNONMMUG009173', 'lNONMMUG009235', 'lNONMMUG010099', 'lNONMMUG012984', 'lNONMMUG013851', 'lNONMMUG014034', 'lNONMMUG017321', 'lNONMMUG017372', 'lNONMMUG019692', 'lNONMMUG020560', 'lNONMMUG021010', 'lNONMMUG024809', 'lNONMMUG025805', 'lNONMMUG029789', 'lNONMMUG031524', 'lNONMMUG031860', 'lNONMMUG032531', 'lNONMMUG033434', 'lNONMMUG034060', 'lNONMMUG035589', 'lNONMMUG036314', 'lNONMMUG036495', 'lNONMMUG038170', 'lNONMMUG038692', 'lNONMMUG038718', 'lNONMMUG039825', 'lNONMMUG041948', 'lNONMMUG042190', 'lNONMMUG043393', 'lNONMMUG043843', 'lNONMMUG044302', 'lNONMMUG045259', 'lENSMUSG00000085908', 'lENSMUSG00000103692', 'lENSMUSG00000106828', 'lENSMUSG00000107766', 'lGm13291', 'lSnord11', 'lSnord67']","[0.0, 0.0, 0.0, 0.0, 0.0, 1.0, 0.0, 1.0, 1.0, 0.0, 0.0, 0.0, 0.0, 0.0, 0.0, 0.0, 0.0, 0.0, 1.0, 0.0, 1.0, 1.0, 1.0, 1.0, 1.0, 1.0, 0.0, 1.0, 0.0, 1.0, 0.0, 1.0, 1.0, 1.0, 0.0, 1.0, 1.0, 0.0, 0.0, 1.0, 0.0, 0.0, 0.0, 0.0, 0.0, 0.0, 1.0, 0.0, 1.0, 0.0, 0.0, 1.0, 1.0, 0.0, 1.0, 0.0, 0.0, 0.0, 1.0, 1.0, 1.0, 0.0, 0.0, 0.0, 0.0, 0.0, 1.0, 1.0, 1.0, 1.0, 1.0, 1.0, 1.0, 1.0, 1.0, 1.0, 1.0, 1.0, 1.0, 1.0, 1.0, 1.0, 0.0, 1.0, 0.0, 1.0, 0.0]",['lNONMMUG023106'],[0.0],[1.0],[0.9997259646178963]
61,"['lNONMMUG000508', 'lNONMMUG002215', 'lNONMMUG002239', 'lNONMMUG009962', 'lNONMMUG013211', 'lNONMMUG017485', 'lNONMMUG017913', 'lNONMMUG020673', 'lNONMMUG023454', 'lNONMMUG026355', 'lNONMMUG029813', 'lNONMMUG030202', 'lNONMMUG033401', 'lNONMMUG034886', 'lNONMMUG038355', 'lNONMMUG039685', 'lNONMMUG041158', 'lNONMMUG041781', 'lNONMMUG045568', 'lNONMMUG045569', 'lNONMMUG045574', 'lENSMUSG00000044471', 'lENSMUSG00000075277', 'lENSMUSG00000078190', 'lENSMUSG00000078247', 'lENSMUSG00000085354', 'lENSMUSG00000085715', 'lENSMUSG00000085873', 'lENSMUSG00000086035', 'lENSMUSG00000086141', 'lENSMUSG00000090063', 'lENSMUSG00000097336', 'lENSMUSG00000097571', 'lENSMUSG00000097767', 'lENSMUSG00000098439', 'lENSMUSG00000101609', 'lENSMUSG00000106519', 'l9030622O22Rik', 'lDlx6os1', 'lDnm3os', 'lGas5', 'lGm12610', 'lMiat', 'lNeat1', 'lNONMMUG002771', 'lNONMMUG004366', 'lNONMMUG007120', 'lNONMMUG008199', 'lNONMMUG009173', 'lNONMMUG009235', 'lNONMMUG010099', 'lNONMMUG012984', 'lNONMMUG013851', 'lNONMMUG014034', 'lNONMMUG017321', 'lNONMMUG017372', 'lNONMMUG019692', 'lNONMMUG020560', 'lNONMMUG021010', 'lNONMMUG023106', 'lNONMMUG025805', 'lNONMMUG029789', 'lNONMMUG031524', 'lNONMMUG031860', 'lNONMMUG032531', 'lNONMMUG033434', 'lNONMMUG034060', 'lNONMMUG035589', 'lNONMMUG036314', 'lNONMMUG036495', 'lNONMMUG038170', 'lNONMMUG038692', 'lNONMMUG038718', 'lNONMMUG039825', 'lNONMMUG041948', 'lNONMMUG042190', 'lNONMMUG043393', 'lNONMMUG043843', 'lNONMMUG044302', 'lNONMMUG045259', 'lENSMUSG00000085908', 'lENSMUSG00000103692', 'lENSMUSG00000106828', 'lENSMUSG00000107766', 'lGm13291', 'lSnord11', 'lSnord67']","[0.0, 0.0, 0.0, 0.0, 0.0, 1.0, 0.0, 1.0, 1.0, 0.0, 0.0, 0.0, 0.0, 0.0, 0.0, 0.0, 0.0, 0.0, 1.0, 0.0, 1.0, 1.0, 1.0, 1.0, 1.0, 1.0, 0.0, 1.0, 0.0, 1.0, 0.0, 1.0, 1.0, 1.0, 0.0, 1.0, 1.0, 0.0, 0.0, 1.0, 0.0, 0.0, 0.0, 0.0, 0.0, 0.0, 1.0, 0.0, 1.0, 0.0, 0.0, 1.0, 1.0, 0.0, 1.0, 0.0, 0.0, 0.0, 1.0, 0.0, 1.0, 0.0, 0.0, 0.0, 0.0, 0.0, 1.0, 1.0, 1.0, 1.0, 1.0, 1.0, 1.0, 1.0, 1.0, 1.0, 1.0, 1.0, 1.0, 1.0, 1.0, 1.0, 0.0, 1.0, 0.0, 1.0, 0.0]",['lNONMMUG024809'],[1.0],[0.0],[0.19807503918080205]
62,"['lNONMMUG000508', 'lNONMMUG002215', 'lNONMMUG002239', 'lNONMMUG009962', 'lNONMMUG013211', 'lNONMMUG017485', 'lNONMMUG017913', 'lNONMMUG020673', 'lNONMMUG023454', 'lNONMMUG026355', 'lNONMMUG029813', 'lNONMMUG030202', 'lNONMMUG033401', 'lNONMMUG034886', 'lNONMMUG038355', 'lNONMMUG039685', 'lNONMMUG041158', 'lNONMMUG041781', 'lNONMMUG045568', 'lNONMMUG045569', 'lNONMMUG045574', 'lENSMUSG00000044471', 'lENSMUSG00000075277', 'lENSMUSG00000078190', 'lENSMUSG00000078247', 'lENSMUSG00000085354', 'lENSMUSG00000085715', 'lENSMUSG00000085873', 'lENSMUSG00000086035', 'lENSMUSG00000086141', 'lENSMUSG00000090063', 'lENSMUSG00000097336', 'lENSMUSG00000097571', 'lENSMUSG00000097767', 'lENSMUSG00000098439', 'lENSMUSG00000101609', 'lENSMUSG00000106519', 'l9030622O22Rik', 'lDlx6os1', 'lDnm3os', 'lGas5', 'lGm12610', 'lMiat', 'lNeat1', 'lNONMMUG002771', 'lNONMMUG004366', 'lNONMMUG007120', 'lNONMMUG008199', 'lNONMMUG009173', 'lNONMMUG009235', 'lNONMMUG010099', 'lNONMMUG012984', 'lNONMMUG013851', 'lNONMMUG014034', 'lNONMMUG017321', 'lNONMMUG017372', 'lNONMMUG019692', 'lNONMMUG020560', 'lNONMMUG021010', 'lNONMMUG023106', 'lNONMMUG024809', 'lNONMMUG029789', 'lNONMMUG031524', 'lNONMMUG031860', 'lNONMMUG032531', 'lNONMMUG033434', 'lNONMMUG034060', 'lNONMMUG035589', 'lNONMMUG036314', 'lNONMMUG036495', 'lNONMMUG038170', 'lNONMMUG038692', 'lNONMMUG038718', 'lNONMMUG039825', 'lNONMMUG041948', 'lNONMMUG042190', 'lNONMMUG043393', 'lNONMMUG043843', 'lNONMMUG044302', 'lNONMMUG045259', 'lENSMUSG00000085908', 'lENSMUSG00000103692', 'lENSMUSG00000106828', 'lENSMUSG00000107766', 'lGm13291', 'lSnord11', 'lSnord67']","[0.0, 0.0, 0.0, 0.0, 0.0, 1.0, 0.0, 1.0, 1.0, 0.0, 0.0, 0.0, 0.0, 0.0, 0.0, 0.0, 0.0, 0.0, 1.0, 0.0, 1.0, 1.0, 1.0, 1.0, 1.0, 1.0, 0.0, 1.0, 0.0, 1.0, 0.0, 1.0, 1.0, 1.0, 0.0, 1.0, 1.0, 0.0, 0.0, 1.0, 0.0, 0.0, 0.0, 0.0, 0.0, 0.0, 1.0, 0.0, 1.0, 0.0, 0.0, 1.0, 1.0, 0.0, 1.0, 0.0, 0.0, 0.0, 1.0, 0.0, 1.0, 0.0, 0.0, 0.0, 0.0, 0.0, 1.0, 1.0, 1.0, 1.0, 1.0, 1.0, 1.0, 1.0, 1.0, 1.0, 1.0, 1.0, 1.0, 1.0, 1.0, 1.0, 0.0, 1.0, 0.0, 1.0, 0.0]",['lNONMMUG025805'],[1.0],[0.0],[0.014750690695340322]
63,"['lNONMMUG000508', 'lNONMMUG002215', 'lNONMMUG002239', 'lNONMMUG009962', 'lNONMMUG013211', 'lNONMMUG017485', 'lNONMMUG017913', 'lNONMMUG020673', 'lNONMMUG023454', 'lNONMMUG026355', 'lNONMMUG029813', 'lNONMMUG030202', 'lNONMMUG033401', 'lNONMMUG034886', 'lNONMMUG038355', 'lNONMMUG039685', 'lNONMMUG041158', 'lNONMMUG041781', 'lNONMMUG045568', 'lNONMMUG045569', 'lNONMMUG045574', 'lENSMUSG00000044471', 'lENSMUSG00000075277', 'lENSMUSG00000078190', 'lENSMUSG00000078247', 'lENSMUSG00000085354', 'lENSMUSG00000085715', 'lENSMUSG00000085873', 'lENSMUSG00000086035', 'lENSMUSG00000086141', 'lENSMUSG00000090063', 'lENSMUSG00000097336', 'lENSMUSG00000097571', 'lENSMUSG00000097767', 'lENSMUSG00000098439', 'lENSMUSG00000101609', 'lENSMUSG00000106519', 'l9030622O22Rik', 'lDlx6os1', 'lDnm3os', 'lGas5', 'lGm12610', 'lMiat', 'lNeat1', 'lNONMMUG002771', 'lNONMMUG004366', 'lNONMMUG007120', 'lNONMMUG008199', 'lNONMMUG009173', 'lNONMMUG009235', 'lNONMMUG010099', 'lNONMMUG012984', 'lNONMMUG013851', 'lNONMMUG014034', 'lNONMMUG017321', 'lNONMMUG017372', 'lNONMMUG019692', 'lNONMMUG020560', 'lNONMMUG021010', 'lNONMMUG023106', 'lNONMMUG024809', 'lNONMMUG025805', 'lNONMMUG031524', 'lNONMMUG031860', 'lNONMMUG032531', 'lNONMMUG033434', 'lNONMMUG034060', 'lNONMMUG035589', 'lNONMMUG036314', 'lNONMMUG036495', 'lNONMMUG038170', 'lNONMMUG038692', 'lNONMMUG038718', 'lNONMMUG039825', 'lNONMMUG041948', 'lNONMMUG042190', 'lNONMMUG043393', 'lNONMMUG043843', 'lNONMMUG044302', 'lNONMMUG045259', 'lENSMUSG00000085908', 'lENSMUSG00000103692', 'lENSMUSG00000106828', 'lENSMUSG00000107766', 'lGm13291', 'lSnord11', 'lSnord67']","[0.0, 0.0, 0.0, 0.0, 0.0, 1.0, 0.0, 1.0, 1.0, 0.0, 0.0, 0.0, 0.0, 0.0, 0.0, 0.0, 0.0, 0.0, 1.0, 0.0, 1.0, 1.0, 1.0, 1.0, 1.0, 1.0, 0.0, 1.0, 0.0, 1.0, 0.0, 1.0, 1.0, 1.0, 0.0, 1.0, 1.0, 0.0, 0.0, 1.0, 0.0, 0.0, 0.0, 0.0, 0.0, 0.0, 1.0, 0.0, 1.0, 0.0, 0.0, 1.0, 1.0, 0.0, 1.0, 0.0, 0.0, 0.0, 1.0, 0.0, 1.0, 1.0, 0.0, 0.0, 0.0, 0.0, 1.0, 1.0, 1.0, 1.0, 1.0, 1.0, 1.0, 1.0, 1.0, 1.0, 1.0, 1.0, 1.0, 1.0, 1.0, 1.0, 0.0, 1.0, 0.0, 1.0, 0.0]",['lNONMMUG029789'],[0.0],[1.0],[0.9785116413052526]
64,"['lNONMMUG000508', 'lNONMMUG002215', 'lNONMMUG002239', 'lNONMMUG009962', 'lNONMMUG013211', 'lNONMMUG017485', 'lNONMMUG017913', 'lNONMMUG020673', 'lNONMMUG023454', 'lNONMMUG026355', 'lNONMMUG029813', 'lNONMMUG030202', 'lNONMMUG033401', 'lNONMMUG034886', 'lNONMMUG038355', 'lNONMMUG039685', 'lNONMMUG041158', 'lNONMMUG041781', 'lNONMMUG045568', 'lNONMMUG045569', 'lNONMMUG045574', 'lENSMUSG00000044471', 'lENSMUSG00000075277', 'lENSMUSG00000078190', 'lENSMUSG00000078247', 'lENSMUSG00000085354', 'lENSMUSG00000085715', 'lENSMUSG00000085873', 'lENSMUSG00000086035', 'lENSMUSG00000086141', 'lENSMUSG00000090063', 'lENSMUSG00000097336', 'lENSMUSG00000097571', 'lENSMUSG00000097767', 'lENSMUSG00000098439', 'lENSMUSG00000101609', 'lENSMUSG00000106519', 'l9030622O22Rik', 'lDlx6os1', 'lDnm3os', 'lGas5', 'lGm12610', 'lMiat', 'lNeat1', 'lNONMMUG002771', 'lNONMMUG004366', 'lNONMMUG007120', 'lNONMMUG008199', 'lNONMMUG009173', 'lNONMMUG009235', 'lNONMMUG010099', 'lNONMMUG012984', 'lNONMMUG013851', 'lNONMMUG014034', 'lNONMMUG017321', 'lNONMMUG017372', 'lNONMMUG019692', 'lNONMMUG020560', 'lNONMMUG021010', 'lNONMMUG023106', 'lNONMMUG024809', 'lNONMMUG025805', 'lNONMMUG029789', 'lNONMMUG031860', 'lNONMMUG032531', 'lNONMMUG033434', 'lNONMMUG034060', 'lNONMMUG035589', 'lNONMMUG036314', 'lNONMMUG036495', 'lNONMMUG038170', 'lNONMMUG038692', 'lNONMMUG038718', 'lNONMMUG039825', 'lNONMMUG041948', 'lNONMMUG042190', 'lNONMMUG043393', 'lNONMMUG043843', 'lNONMMUG044302', 'lNONMMUG045259', 'lENSMUSG00000085908', 'lENSMUSG00000103692', 'lENSMUSG00000106828', 'lENSMUSG00000107766', 'lGm13291', 'lSnord11', 'lSnord67']","[0.0, 0.0, 0.0, 0.0, 0.0, 1.0, 0.0, 1.0, 1.0, 0.0, 0.0, 0.0, 0.0, 0.0, 0.0, 0.0, 0.0, 0.0, 1.0, 0.0, 1.0, 1.0, 1.0, 1.0, 1.0, 1.0, 0.0, 1.0, 0.0, 1.0, 0.0, 1.0, 1.0, 1.0, 0.0, 1.0, 1.0, 0.0, 0.0, 1.0, 0.0, 0.0, 0.0, 0.0, 0.0, 0.0, 1.0, 0.0, 1.0, 0.0, 0.0, 1.0, 1.0, 0.0, 1.0, 0.0, 0.0, 0.0, 1.0, 0.0, 1.0, 1.0, 0.0, 0.0, 0.0, 0.0, 1.0, 1.0, 1.0, 1.0, 1.0, 1.0, 1.0, 1.0, 1.0, 1.0, 1.0, 1.0, 1.0, 1.0, 1.0, 1.0, 0.0, 1.0, 0.0, 1.0, 0.0]",['lNONMMUG031524'],[0.0],[1.0],[0.8659429876753408]
65,"['lNONMMUG000508', 'lNONMMUG002215', 'lNONMMUG002239', 'lNONMMUG009962', 'lNONMMUG013211', 'lNONMMUG017485', 'lNONMMUG017913', 'lNONMMUG020673', 'lNONMMUG023454', 'lNONMMUG026355', 'lNONMMUG029813', 'lNONMMUG030202', 'lNONMMUG033401', 'lNONMMUG034886', 'lNONMMUG038355', 'lNONMMUG039685', 'lNONMMUG041158', 'lNONMMUG041781', 'lNONMMUG045568', 'lNONMMUG045569', 'lNONMMUG045574', 'lENSMUSG00000044471', 'lENSMUSG00000075277', 'lENSMUSG00000078190', 'lENSMUSG00000078247', 'lENSMUSG00000085354', 'lENSMUSG00000085715', 'lENSMUSG00000085873', 'lENSMUSG00000086035', 'lENSMUSG00000086141', 'lENSMUSG00000090063', 'lENSMUSG00000097336', 'lENSMUSG00000097571', 'lENSMUSG00000097767', 'lENSMUSG00000098439', 'lENSMUSG00000101609', 'lENSMUSG00000106519', 'l9030622O22Rik', 'lDlx6os1', 'lDnm3os', 'lGas5', 'lGm12610', 'lMiat', 'lNeat1', 'lNONMMUG002771', 'lNONMMUG004366', 'lNONMMUG007120', 'lNONMMUG008199', 'lNONMMUG009173', 'lNONMMUG009235', 'lNONMMUG010099', 'lNONMMUG012984', 'lNONMMUG013851', 'lNONMMUG014034', 'lNONMMUG017321', 'lNONMMUG017372', 'lNONMMUG019692', 'lNONMMUG020560', 'lNONMMUG021010', 'lNONMMUG023106', 'lNONMMUG024809', 'lNONMMUG025805', 'lNONMMUG029789', 'lNONMMUG031524', 'lNONMMUG032531', 'lNONMMUG033434', 'lNONMMUG034060', 'lNONMMUG035589', 'lNONMMUG036314', 'lNONMMUG036495', 'lNONMMUG038170', 'lNONMMUG038692', 'lNONMMUG038718', 'lNONMMUG039825', 'lNONMMUG041948', 'lNONMMUG042190', 'lNONMMUG043393', 'lNONMMUG043843', 'lNONMMUG044302', 'lNONMMUG045259', 'lENSMUSG00000085908', 'lENSMUSG00000103692', 'lENSMUSG00000106828', 'lENSMUSG00000107766', 'lGm13291', 'lSnord11', 'lSnord67']","[0.0, 0.0, 0.0, 0.0, 0.0, 1.0, 0.0, 1.0, 1.0, 0.0, 0.0, 0.0, 0.0, 0.0, 0.0, 0.0, 0.0, 0.0, 1.0, 0.0, 1.0, 1.0, 1.0, 1.0, 1.0, 1.0, 0.0, 1.0, 0.0, 1.0, 0.0, 1.0, 1.0, 1.0, 0.0, 1.0, 1.0, 0.0, 0.0, 1.0, 0.0, 0.0, 0.0, 0.0, 0.0, 0.0, 1.0, 0.0, 1.0, 0.0, 0.0, 1.0, 1.0, 0.0, 1.0, 0.0, 0.0, 0.0, 1.0, 0.0, 1.0, 1.0, 0.0, 0.0, 0.0, 0.0, 1.0, 1.0, 1.0, 1.0, 1.0, 1.0, 1.0, 1.0, 1.0, 1.0, 1.0, 1.0, 1.0, 1.0, 1.0, 1.0, 0.0, 1.0, 0.0, 1.0, 0.0]",['lNONMMUG031860'],[0.0],[0.0],[0.10610622428582957]
66,"['lNONMMUG000508', 'lNONMMUG002215', 'lNONMMUG002239', 'lNONMMUG009962', 'lNONMMUG013211', 'lNONMMUG017485', 'lNONMMUG017913', 'lNONMMUG020673', 'lNONMMUG023454', 'lNONMMUG026355', 'lNONMMUG029813', 'lNONMMUG030202', 'lNONMMUG033401', 'lNONMMUG034886', 'lNONMMUG038355', 'lNONMMUG039685', 'lNONMMUG041158', 'lNONMMUG041781', 'lNONMMUG045568', 'lNONMMUG045569', 'lNONMMUG045574', 'lENSMUSG00000044471', 'lENSMUSG00000075277', 'lENSMUSG00000078190', 'lENSMUSG00000078247', 'lENSMUSG00000085354', 'lENSMUSG00000085715', 'lENSMUSG00000085873', 'lENSMUSG00000086035', 'lENSMUSG00000086141', 'lENSMUSG00000090063', 'lENSMUSG00000097336', 'lENSMUSG00000097571', 'lENSMUSG00000097767', 'lENSMUSG00000098439', 'lENSMUSG00000101609', 'lENSMUSG00000106519', 'l9030622O22Rik', 'lDlx6os1', 'lDnm3os', 'lGas5', 'lGm12610', 'lMiat', 'lNeat1', 'lNONMMUG002771', 'lNONMMUG004366', 'lNONMMUG007120', 'lNONMMUG008199', 'lNONMMUG009173', 'lNONMMUG009235', 'lNONMMUG010099', 'lNONMMUG012984', 'lNONMMUG013851', 'lNONMMUG014034', 'lNONMMUG017321', 'lNONMMUG017372', 'lNONMMUG019692', 'lNONMMUG020560', 'lNONMMUG021010', 'lNONMMUG023106', 'lNONMMUG024809', 'lNONMMUG025805', 'lNONMMUG029789', 'lNONMMUG031524', 'lNONMMUG031860', 'lNONMMUG033434', 'lNONMMUG034060', 'lNONMMUG035589', 'lNONMMUG036314', 'lNONMMUG036495', 'lNONMMUG038170', 'lNONMMUG038692', 'lNONMMUG038718', 'lNONMMUG039825', 'lNONMMUG041948', 'lNONMMUG042190', 'lNONMMUG043393', 'lNONMMUG043843', 'lNONMMUG044302', 'lNONMMUG045259', 'lENSMUSG00000085908', 'lENSMUSG00000103692', 'lENSMUSG00000106828', 'lENSMUSG00000107766', 'lGm13291', 'lSnord11', 'lSnord67']","[0.0, 0.0, 0.0, 0.0, 0.0, 1.0, 0.0, 1.0, 1.0, 0.0, 0.0, 0.0, 0.0, 0.0, 0.0, 0.0, 0.0, 0.0, 1.0, 0.0, 1.0, 1.0, 1.0, 1.0, 1.0, 1.0, 0.0, 1.0, 0.0, 1.0, 0.0, 1.0, 1.0, 1.0, 0.0, 1.0, 1.0, 0.0, 0.0, 1.0, 0.0, 0.0, 0.0, 0.0, 0.0, 0.0, 1.0, 0.0, 1.0, 0.0, 0.0, 1.0, 1.0, 0.0, 1.0, 0.0, 0.0, 0.0, 1.0, 0.0, 1.0, 1.0, 0.0, 0.0, 0.0, 0.0, 1.0, 1.0, 1.0, 1.0, 1.0, 1.0, 1.0, 1.0, 1.0, 1.0, 1.0, 1.0, 1.0, 1.0, 1.0, 1.0, 0.0, 1.0, 0.0, 1.0, 0.0]",['lNONMMUG032531'],[0.0],[1.0],[0.9145730170024767]
67,"['lNONMMUG000508', 'lNONMMUG002215', 'lNONMMUG002239', 'lNONMMUG009962', 'lNONMMUG013211', 'lNONMMUG017485', 'lNONMMUG017913', 'lNONMMUG020673', 'lNONMMUG023454', 'lNONMMUG026355', 'lNONMMUG029813', 'lNONMMUG030202', 'lNONMMUG033401', 'lNONMMUG034886', 'lNONMMUG038355', 'lNONMMUG039685', 'lNONMMUG041158', 'lNONMMUG041781', 'lNONMMUG045568', 'lNONMMUG045569', 'lNONMMUG045574', 'lENSMUSG00000044471', 'lENSMUSG00000075277', 'lENSMUSG00000078190', 'lENSMUSG00000078247', 'lENSMUSG00000085354', 'lENSMUSG00000085715', 'lENSMUSG00000085873', 'lENSMUSG00000086035', 'lENSMUSG00000086141', 'lENSMUSG00000090063', 'lENSMUSG00000097336', 'lENSMUSG00000097571', 'lENSMUSG00000097767', 'lENSMUSG00000098439', 'lENSMUSG00000101609', 'lENSMUSG00000106519', 'l9030622O22Rik', 'lDlx6os1', 'lDnm3os', 'lGas5', 'lGm12610', 'lMiat', 'lNeat1', 'lNONMMUG002771', 'lNONMMUG004366', 'lNONMMUG007120', 'lNONMMUG008199', 'lNONMMUG009173', 'lNONMMUG009235', 'lNONMMUG010099', 'lNONMMUG012984', 'lNONMMUG013851', 'lNONMMUG014034', 'lNONMMUG017321', 'lNONMMUG017372', 'lNONMMUG019692', 'lNONMMUG020560', 'lNONMMUG021010', 'lNONMMUG023106', 'lNONMMUG024809', 'lNONMMUG025805', 'lNONMMUG029789', 'lNONMMUG031524', 'lNONMMUG031860', 'lNONMMUG032531', 'lNONMMUG034060', 'lNONMMUG035589', 'lNONMMUG036314', 'lNONMMUG036495', 'lNONMMUG038170', 'lNONMMUG038692', 'lNONMMUG038718', 'lNONMMUG039825', 'lNONMMUG041948', 'lNONMMUG042190', 'lNONMMUG043393', 'lNONMMUG043843', 'lNONMMUG044302', 'lNONMMUG045259', 'lENSMUSG00000085908', 'lENSMUSG00000103692', 'lENSMUSG00000106828', 'lENSMUSG00000107766', 'lGm13291', 'lSnord11', 'lSnord67']","[0.0, 0.0, 0.0, 0.0, 0.0, 1.0, 0.0, 1.0, 1.0, 0.0, 0.0, 0.0, 0.0, 0.0, 0.0, 0.0, 0.0, 0.0, 1.0, 0.0, 1.0, 1.0, 1.0, 1.0, 1.0, 1.0, 0.0, 1.0, 0.0, 1.0, 0.0, 1.0, 1.0, 1.0, 0.0, 1.0, 1.0, 0.0, 0.0, 1.0, 0.0, 0.0, 0.0, 0.0, 0.0, 0.0, 1.0, 0.0, 1.0, 0.0, 0.0, 1.0, 1.0, 0.0, 1.0, 0.0, 0.0, 0.0, 1.0, 0.0, 1.0, 1.0, 0.0, 0.0, 0.0, 0.0, 1.0, 1.0, 1.0, 1.0, 1.0, 1.0, 1.0, 1.0, 1.0, 1.0, 1.0, 1.0, 1.0, 1.0, 1.0, 1.0, 0.0, 1.0, 0.0, 1.0, 0.0]",['lNONMMUG033434'],[0.0],[1.0],[0.9937432188024002]
68,"['lNONMMUG000508', 'lNONMMUG002215', 'lNONMMUG002239', 'lNONMMUG009962', 'lNONMMUG013211', 'lNONMMUG017485', 'lNONMMUG017913', 'lNONMMUG020673', 'lNONMMUG023454', 'lNONMMUG026355', 'lNONMMUG029813', 'lNONMMUG030202', 'lNONMMUG033401', 'lNONMMUG034886', 'lNONMMUG038355', 'lNONMMUG039685', 'lNONMMUG041158', 'lNONMMUG041781', 'lNONMMUG045568', 'lNONMMUG045569', 'lNONMMUG045574', 'lENSMUSG00000044471', 'lENSMUSG00000075277', 'lENSMUSG00000078190', 'lENSMUSG00000078247', 'lENSMUSG00000085354', 'lENSMUSG00000085715', 'lENSMUSG00000085873', 'lENSMUSG00000086035', 'lENSMUSG00000086141', 'lENSMUSG00000090063', 'lENSMUSG00000097336', 'lENSMUSG00000097571', 'lENSMUSG00000097767', 'lENSMUSG00000098439', 'lENSMUSG00000101609', 'lENSMUSG00000106519', 'l9030622O22Rik', 'lDlx6os1', 'lDnm3os', 'lGas5', 'lGm12610', 'lMiat', 'lNeat1', 'lNONMMUG002771', 'lNONMMUG004366', 'lNONMMUG007120', 'lNONMMUG008199', 'lNONMMUG009173', 'lNONMMUG009235', 'lNONMMUG010099', 'lNONMMUG012984', 'lNONMMUG013851', 'lNONMMUG014034', 'lNONMMUG017321', 'lNONMMUG017372', 'lNONMMUG019692', 'lNONMMUG020560', 'lNONMMUG021010', 'lNONMMUG023106', 'lNONMMUG024809', 'lNONMMUG025805', 'lNONMMUG029789', 'lNONMMUG031524', 'lNONMMUG031860', 'lNONMMUG032531', 'lNONMMUG033434', 'lNONMMUG035589', 'lNONMMUG036314', 'lNONMMUG036495', 'lNONMMUG038170', 'lNONMMUG038692', 'lNONMMUG038718', 'lNONMMUG039825', 'lNONMMUG041948', 'lNONMMUG042190', 'lNONMMUG043393', 'lNONMMUG043843', 'lNONMMUG044302', 'lNONMMUG045259', 'lENSMUSG00000085908', 'lENSMUSG00000103692', 'lENSMUSG00000106828', 'lENSMUSG00000107766', 'lGm13291', 'lSnord11', 'lSnord67']","[0.0, 0.0, 0.0, 0.0, 0.0, 1.0, 0.0, 1.0, 1.0, 0.0, 0.0, 0.0, 0.0, 0.0, 0.0, 0.0, 0.0, 0.0, 1.0, 0.0, 1.0, 1.0, 1.0, 1.0, 1.0, 1.0, 0.0, 1.0, 0.0, 1.0, 0.0, 1.0, 1.0, 1.0, 0.0, 1.0, 1.0, 0.0, 0.0, 1.0, 0.0, 0.0, 0.0, 0.0, 0.0, 0.0, 1.0, 0.0, 1.0, 0.0, 0.0, 1.0, 1.0, 0.0, 1.0, 0.0, 0.0, 0.0, 1.0, 0.0, 1.0, 1.0, 0.0, 0.0, 0.0, 0.0, 0.0, 1.0, 1.0, 1.0, 1.0, 1.0, 1.0, 1.0, 1.0, 1.0, 1.0, 1.0, 1.0, 1.0, 1.0, 1.0, 0.0, 1.0, 0.0, 1.0, 0.0]",['lNONMMUG034060'],[1.0],[0.0],[7.300571086252826e-06]
69,"['lNONMMUG000508', 'lNONMMUG002215', 'lNONMMUG002239', 'lNONMMUG009962', 'lNONMMUG013211', 'lNONMMUG017485', 'lNONMMUG017913', 'lNONMMUG020673', 'lNONMMUG023454', 'lNONMMUG026355', 'lNONMMUG029813', 'lNONMMUG030202', 'lNONMMUG033401', 'lNONMMUG034886', 'lNONMMUG038355', 'lNONMMUG039685', 'lNONMMUG041158', 'lNONMMUG041781', 'lNONMMUG045568', 'lNONMMUG045569', 'lNONMMUG045574', 'lENSMUSG00000044471', 'lENSMUSG00000075277', 'lENSMUSG00000078190', 'lENSMUSG00000078247', 'lENSMUSG00000085354', 'lENSMUSG00000085715', 'lENSMUSG00000085873', 'lENSMUSG00000086035', 'lENSMUSG00000086141', 'lENSMUSG00000090063', 'lENSMUSG00000097336', 'lENSMUSG00000097571', 'lENSMUSG00000097767', 'lENSMUSG00000098439', 'lENSMUSG00000101609', 'lENSMUSG00000106519', 'l9030622O22Rik', 'lDlx6os1', 'lDnm3os', 'lGas5', 'lGm12610', 'lMiat', 'lNeat1', 'lNONMMUG002771', 'lNONMMUG004366', 'lNONMMUG007120', 'lNONMMUG008199', 'lNONMMUG009173', 'lNONMMUG009235', 'lNONMMUG010099', 'lNONMMUG012984', 'lNONMMUG013851', 'lNONMMUG014034', 'lNONMMUG017321', 'lNONMMUG017372', 'lNONMMUG019692', 'lNONMMUG020560', 'lNONMMUG021010', 'lNONMMUG023106', 'lNONMMUG024809', 'lNONMMUG025805', 'lNONMMUG029789', 'lNONMMUG031524', 'lNONMMUG031860', 'lNONMMUG032531', 'lNONMMUG033434', 'lNONMMUG034060', 'lNONMMUG036314', 'lNONMMUG036495', 'lNONMMUG038170', 'lNONMMUG038692', 'lNONMMUG038718', 'lNONMMUG039825', 'lNONMMUG041948', 'lNONMMUG042190', 'lNONMMUG043393', 'lNONMMUG043843', 'lNONMMUG044302', 'lNONMMUG045259', 'lENSMUSG00000085908', 'lENSMUSG00000103692', 'lENSMUSG00000106828', 'lENSMUSG00000107766', 'lGm13291', 'lSnord11', 'lSnord67']","[0.0, 0.0, 0.0, 0.0, 0.0, 1.0, 0.0, 1.0, 1.0, 0.0, 0.0, 0.0, 0.0, 0.0, 0.0, 0.0, 0.0, 0.0, 1.0, 0.0, 1.0, 1.0, 1.0, 1.0, 1.0, 1.0, 0.0, 1.0, 0.0, 1.0, 0.0, 1.0, 1.0, 1.0, 0.0, 1.0, 1.0, 0.0, 0.0, 1.0, 0.0, 0.0, 0.0, 0.0, 0.0, 0.0, 1.0, 0.0, 1.0, 0.0, 0.0, 1.0, 1.0, 0.0, 1.0, 0.0, 0.0, 0.0, 1.0, 0.0, 1.0, 1.0, 0.0, 0.0, 0.0, 0.0, 0.0, 1.0, 1.0, 1.0, 1.0, 1.0, 1.0, 1.0, 1.0, 1.0, 1.0, 1.0, 1.0, 1.0, 1.0, 1.0, 0.0, 1.0, 0.0, 1.0, 0.0]",['lNONMMUG035589'],[1.0],[0.0],[0.14575637134448943]
70,"['lNONMMUG000508', 'lNONMMUG002215', 'lNONMMUG002239', 'lNONMMUG009962', 'lNONMMUG013211', 'lNONMMUG017485', 'lNONMMUG017913', 'lNONMMUG020673', 'lNONMMUG023454', 'lNONMMUG026355', 'lNONMMUG029813', 'lNONMMUG030202', 'lNONMMUG033401', 'lNONMMUG034886', 'lNONMMUG038355', 'lNONMMUG039685', 'lNONMMUG041158', 'lNONMMUG041781', 'lNONMMUG045568', 'lNONMMUG045569', 'lNONMMUG045574', 'lENSMUSG00000044471', 'lENSMUSG00000075277', 'lENSMUSG00000078190', 'lENSMUSG00000078247', 'lENSMUSG00000085354', 'lENSMUSG00000085715', 'lENSMUSG00000085873', 'lENSMUSG00000086035', 'lENSMUSG00000086141', 'lENSMUSG00000090063', 'lENSMUSG00000097336', 'lENSMUSG00000097571', 'lENSMUSG00000097767', 'lENSMUSG00000098439', 'lENSMUSG00000101609', 'lENSMUSG00000106519', 'l9030622O22Rik', 'lDlx6os1', 'lDnm3os', 'lGas5', 'lGm12610', 'lMiat', 'lNeat1', 'lNONMMUG002771', 'lNONMMUG004366', 'lNONMMUG007120', 'lNONMMUG008199', 'lNONMMUG009173', 'lNONMMUG009235', 'lNONMMUG010099', 'lNONMMUG012984', 'lNONMMUG013851', 'lNONMMUG014034', 'lNONMMUG017321', 'lNONMMUG017372', 'lNONMMUG019692', 'lNONMMUG020560', 'lNONMMUG021010', 'lNONMMUG023106', 'lNONMMUG024809', 'lNONMMUG025805', 'lNONMMUG029789', 'lNONMMUG031524', 'lNONMMUG031860', 'lNONMMUG032531', 'lNONMMUG033434', 'lNONMMUG034060', 'lNONMMUG035589', 'lNONMMUG036495', 'lNONMMUG038170', 'lNONMMUG038692', 'lNONMMUG038718', 'lNONMMUG039825', 'lNONMMUG041948', 'lNONMMUG042190', 'lNONMMUG043393', 'lNONMMUG043843', 'lNONMMUG044302', 'lNONMMUG045259', 'lENSMUSG00000085908', 'lENSMUSG00000103692', 'lENSMUSG00000106828', 'lENSMUSG00000107766', 'lGm13291', 'lSnord11', 'lSnord67']","[0.0, 0.0, 0.0, 0.0, 0.0, 1.0, 0.0, 1.0, 1.0, 0.0, 0.0, 0.0, 0.0, 0.0, 0.0, 0.0, 0.0, 0.0, 1.0, 0.0, 1.0, 1.0, 1.0, 1.0, 1.0, 1.0, 0.0, 1.0, 0.0, 1.0, 0.0, 1.0, 1.0, 1.0, 0.0, 1.0, 1.0, 0.0, 0.0, 1.0, 0.0, 0.0, 0.0, 0.0, 0.0, 0.0, 1.0, 0.0, 1.0, 0.0, 0.0, 1.0, 1.0, 0.0, 1.0, 0.0, 0.0, 0.0, 1.0, 0.0, 1.0, 1.0, 0.0, 0.0, 0.0, 0.0, 0.0, 1.0, 1.0, 1.0, 1.0, 1.0, 1.0, 1.0, 1.0, 1.0, 1.0, 1.0, 1.0, 1.0, 1.0, 1.0, 0.0, 1.0, 0.0, 1.0, 0.0]",['lNONMMUG036314'],[1.0],[0.0],[2.6554420349104666e-05]
71,"['lNONMMUG000508', 'lNONMMUG002215', 'lNONMMUG002239', 'lNONMMUG009962', 'lNONMMUG013211', 'lNONMMUG017485', 'lNONMMUG017913', 'lNONMMUG020673', 'lNONMMUG023454', 'lNONMMUG026355', 'lNONMMUG029813', 'lNONMMUG030202', 'lNONMMUG033401', 'lNONMMUG034886', 'lNONMMUG038355', 'lNONMMUG039685', 'lNONMMUG041158', 'lNONMMUG041781', 'lNONMMUG045568', 'lNONMMUG045569', 'lNONMMUG045574', 'lENSMUSG00000044471', 'lENSMUSG00000075277', 'lENSMUSG00000078190', 'lENSMUSG00000078247', 'lENSMUSG00000085354', 'lENSMUSG00000085715', 'lENSMUSG00000085873', 'lENSMUSG00000086035', 'lENSMUSG00000086141', 'lENSMUSG00000090063', 'lENSMUSG00000097336', 'lENSMUSG00000097571', 'lENSMUSG00000097767', 'lENSMUSG00000098439', 'lENSMUSG00000101609', 'lENSMUSG00000106519', 'l9030622O22Rik', 'lDlx6os1', 'lDnm3os', 'lGas5', 'lGm12610', 'lMiat', 'lNeat1', 'lNONMMUG002771', 'lNONMMUG004366', 'lNONMMUG007120', 'lNONMMUG008199', 'lNONMMUG009173', 'lNONMMUG009235', 'lNONMMUG010099', 'lNONMMUG012984', 'lNONMMUG013851', 'lNONMMUG014034', 'lNONMMUG017321', 'lNONMMUG017372', 'lNONMMUG019692', 'lNONMMUG020560', 'lNONMMUG021010', 'lNONMMUG023106', 'lNONMMUG024809', 'lNONMMUG025805', 'lNONMMUG029789', 'lNONMMUG031524', 'lNONMMUG031860', 'lNONMMUG032531', 'lNONMMUG033434', 'lNONMMUG034060', 'lNONMMUG035589', 'lNONMMUG036314', 'lNONMMUG038170', 'lNONMMUG038692', 'lNONMMUG038718', 'lNONMMUG039825', 'lNONMMUG041948', 'lNONMMUG042190', 'lNONMMUG043393', 'lNONMMUG043843', 'lNONMMUG044302', 'lNONMMUG045259', 'lENSMUSG00000085908', 'lENSMUSG00000103692', 'lENSMUSG00000106828', 'lENSMUSG00000107766', 'lGm13291', 'lSnord11', 'lSnord67']","[0.0, 0.0, 0.0, 0.0, 0.0, 1.0, 0.0, 1.0, 1.0, 0.0, 0.0, 0.0, 0.0, 0.0, 0.0, 0.0, 0.0, 0.0, 1.0, 0.0, 1.0, 1.0, 1.0, 1.0, 1.0, 1.0, 0.0, 1.0, 0.0, 1.0, 0.0, 1.0, 1.0, 1.0, 0.0, 1.0, 1.0, 0.0, 0.0, 1.0, 0.0, 0.0, 0.0, 0.0, 0.0, 0.0, 1.0, 0.0, 1.0, 0.0, 0.0, 1.0, 1.0, 0.0, 1.0, 0.0, 0.0, 0.0, 1.0, 0.0, 1.0, 1.0, 0.0, 0.0, 0.0, 0.0, 0.0, 1.0, 1.0, 1.0, 1.0, 1.0, 1.0, 1.0, 1.0, 1.0, 1.0, 1.0, 1.0, 1.0, 1.0, 1.0, 0.0, 1.0, 0.0, 1.0, 0.0]",['lNONMMUG036495'],[1.0],[0.0],[0.2463453688606038]
72,"['lNONMMUG000508', 'lNONMMUG002215', 'lNONMMUG002239', 'lNONMMUG009962', 'lNONMMUG013211', 'lNONMMUG017485', 'lNONMMUG017913', 'lNONMMUG020673', 'lNONMMUG023454', 'lNONMMUG026355', 'lNONMMUG029813', 'lNONMMUG030202', 'lNONMMUG033401', 'lNONMMUG034886', 'lNONMMUG038355', 'lNONMMUG039685', 'lNONMMUG041158', 'lNONMMUG041781', 'lNONMMUG045568', 'lNONMMUG045569', 'lNONMMUG045574', 'lENSMUSG00000044471', 'lENSMUSG00000075277', 'lENSMUSG00000078190', 'lENSMUSG00000078247', 'lENSMUSG00000085354', 'lENSMUSG00000085715', 'lENSMUSG00000085873', 'lENSMUSG00000086035', 'lENSMUSG00000086141', 'lENSMUSG00000090063', 'lENSMUSG00000097336', 'lENSMUSG00000097571', 'lENSMUSG00000097767', 'lENSMUSG00000098439', 'lENSMUSG00000101609', 'lENSMUSG00000106519', 'l9030622O22Rik', 'lDlx6os1', 'lDnm3os', 'lGas5', 'lGm12610', 'lMiat', 'lNeat1', 'lNONMMUG002771', 'lNONMMUG004366', 'lNONMMUG007120', 'lNONMMUG008199', 'lNONMMUG009173', 'lNONMMUG009235', 'lNONMMUG010099', 'lNONMMUG012984', 'lNONMMUG013851', 'lNONMMUG014034', 'lNONMMUG017321', 'lNONMMUG017372', 'lNONMMUG019692', 'lNONMMUG020560', 'lNONMMUG021010', 'lNONMMUG023106', 'lNONMMUG024809', 'lNONMMUG025805', 'lNONMMUG029789', 'lNONMMUG031524', 'lNONMMUG031860', 'lNONMMUG032531', 'lNONMMUG033434', 'lNONMMUG034060', 'lNONMMUG035589', 'lNONMMUG036314', 'lNONMMUG036495', 'lNONMMUG038692', 'lNONMMUG038718', 'lNONMMUG039825', 'lNONMMUG041948', 'lNONMMUG042190', 'lNONMMUG043393', 'lNONMMUG043843', 'lNONMMUG044302', 'lNONMMUG045259', 'lENSMUSG00000085908', 'lENSMUSG00000103692', 'lENSMUSG00000106828', 'lENSMUSG00000107766', 'lGm13291', 'lSnord11', 'lSnord67']","[0.0, 0.0, 0.0, 0.0, 0.0, 1.0, 0.0, 1.0, 1.0, 0.0, 0.0, 0.0, 0.0, 0.0, 0.0, 0.0, 0.0, 0.0, 1.0, 0.0, 1.0, 1.0, 1.0, 1.0, 1.0, 1.0, 0.0, 1.0, 0.0, 1.0, 0.0, 1.0, 1.0, 1.0, 0.0, 1.0, 1.0, 0.0, 0.0, 1.0, 0.0, 0.0, 0.0, 0.0, 0.0, 0.0, 1.0, 0.0, 1.0, 0.0, 0.0, 1.0, 1.0, 0.0, 1.0, 0.0, 0.0, 0.0, 1.0, 0.0, 1.0, 1.0, 0.0, 0.0, 0.0, 0.0, 0.0, 1.0, 1.0, 1.0, 1.0, 1.0, 1.0, 1.0, 1.0, 1.0, 1.0, 1.0, 1.0, 1.0, 1.0, 1.0, 0.0, 1.0, 0.0, 1.0, 0.0]",['lNONMMUG038170'],[1.0],[0.0],[0.29097593875966865]
73,"['lNONMMUG000508', 'lNONMMUG002215', 'lNONMMUG002239', 'lNONMMUG009962', 'lNONMMUG013211', 'lNONMMUG017485', 'lNONMMUG017913', 'lNONMMUG020673', 'lNONMMUG023454', 'lNONMMUG026355', 'lNONMMUG029813', 'lNONMMUG030202', 'lNONMMUG033401', 'lNONMMUG034886', 'lNONMMUG038355', 'lNONMMUG039685', 'lNONMMUG041158', 'lNONMMUG041781', 'lNONMMUG045568', 'lNONMMUG045569', 'lNONMMUG045574', 'lENSMUSG00000044471', 'lENSMUSG00000075277', 'lENSMUSG00000078190', 'lENSMUSG00000078247', 'lENSMUSG00000085354', 'lENSMUSG00000085715', 'lENSMUSG00000085873', 'lENSMUSG00000086035', 'lENSMUSG00000086141', 'lENSMUSG00000090063', 'lENSMUSG00000097336', 'lENSMUSG00000097571', 'lENSMUSG00000097767', 'lENSMUSG00000098439', 'lENSMUSG00000101609', 'lENSMUSG00000106519', 'l9030622O22Rik', 'lDlx6os1', 'lDnm3os', 'lGas5', 'lGm12610', 'lMiat', 'lNeat1', 'lNONMMUG002771', 'lNONMMUG004366', 'lNONMMUG007120', 'lNONMMUG008199', 'lNONMMUG009173', 'lNONMMUG009235', 'lNONMMUG010099', 'lNONMMUG012984', 'lNONMMUG013851', 'lNONMMUG014034', 'lNONMMUG017321', 'lNONMMUG017372', 'lNONMMUG019692', 'lNONMMUG020560', 'lNONMMUG021010', 'lNONMMUG023106', 'lNONMMUG024809', 'lNONMMUG025805', 'lNONMMUG029789', 'lNONMMUG031524', 'lNONMMUG031860', 'lNONMMUG032531', 'lNONMMUG033434', 'lNONMMUG034060', 'lNONMMUG035589', 'lNONMMUG036314', 'lNONMMUG036495', 'lNONMMUG038170', 'lNONMMUG038718', 'lNONMMUG039825', 'lNONMMUG041948', 'lNONMMUG042190', 'lNONMMUG043393', 'lNONMMUG043843', 'lNONMMUG044302', 'lNONMMUG045259', 'lENSMUSG00000085908', 'lENSMUSG00000103692', 'lENSMUSG00000106828', 'lENSMUSG00000107766', 'lGm13291', 'lSnord11', 'lSnord67']","[0.0, 0.0, 0.0, 0.0, 0.0, 1.0, 0.0, 1.0, 1.0, 0.0, 0.0, 0.0, 0.0, 0.0, 0.0, 0.0, 0.0, 0.0, 1.0, 0.0, 1.0, 1.0, 1.0, 1.0, 1.0, 1.0, 0.0, 1.0, 0.0, 1.0, 0.0, 1.0, 1.0, 1.0, 0.0, 1.0, 1.0, 0.0, 0.0, 1.0, 0.0, 0.0, 0.0, 0.0, 0.0, 0.0, 1.0, 0.0, 1.0, 0.0, 0.0, 1.0, 1.0, 0.0, 1.0, 0.0, 0.0, 0.0, 1.0, 0.0, 1.0, 1.0, 0.0, 0.0, 0.0, 0.0, 0.0, 1.0, 1.0, 1.0, 1.0, 1.0, 1.0, 1.0, 1.0, 1.0, 1.0, 1.0, 1.0, 1.0, 1.0, 1.0, 0.0, 1.0, 0.0, 1.0, 0.0]",['lNONMMUG038692'],[1.0],[0.0],[0.3831551846855252]
74,"['lNONMMUG000508', 'lNONMMUG002215', 'lNONMMUG002239', 'lNONMMUG009962', 'lNONMMUG013211', 'lNONMMUG017485', 'lNONMMUG017913', 'lNONMMUG020673', 'lNONMMUG023454', 'lNONMMUG026355', 'lNONMMUG029813', 'lNONMMUG030202', 'lNONMMUG033401', 'lNONMMUG034886', 'lNONMMUG038355', 'lNONMMUG039685', 'lNONMMUG041158', 'lNONMMUG041781', 'lNONMMUG045568', 'lNONMMUG045569', 'lNONMMUG045574', 'lENSMUSG00000044471', 'lENSMUSG00000075277', 'lENSMUSG00000078190', 'lENSMUSG00000078247', 'lENSMUSG00000085354', 'lENSMUSG00000085715', 'lENSMUSG00000085873', 'lENSMUSG00000086035', 'lENSMUSG00000086141', 'lENSMUSG00000090063', 'lENSMUSG00000097336', 'lENSMUSG00000097571', 'lENSMUSG00000097767', 'lENSMUSG00000098439', 'lENSMUSG00000101609', 'lENSMUSG00000106519', 'l9030622O22Rik', 'lDlx6os1', 'lDnm3os', 'lGas5', 'lGm12610', 'lMiat', 'lNeat1', 'lNONMMUG002771', 'lNONMMUG004366', 'lNONMMUG007120', 'lNONMMUG008199', 'lNONMMUG009173', 'lNONMMUG009235', 'lNONMMUG010099', 'lNONMMUG012984', 'lNONMMUG013851', 'lNONMMUG014034', 'lNONMMUG017321', 'lNONMMUG017372', 'lNONMMUG019692', 'lNONMMUG020560', 'lNONMMUG021010', 'lNONMMUG023106', 'lNONMMUG024809', 'lNONMMUG025805', 'lNONMMUG029789', 'lNONMMUG031524', 'lNONMMUG031860', 'lNONMMUG032531', 'lNONMMUG033434', 'lNONMMUG034060', 'lNONMMUG035589', 'lNONMMUG036314', 'lNONMMUG036495', 'lNONMMUG038170', 'lNONMMUG038692', 'lNONMMUG039825', 'lNONMMUG041948', 'lNONMMUG042190', 'lNONMMUG043393', 'lNONMMUG043843', 'lNONMMUG044302', 'lNONMMUG045259', 'lENSMUSG00000085908', 'lENSMUSG00000103692', 'lENSMUSG00000106828', 'lENSMUSG00000107766', 'lGm13291', 'lSnord11', 'lSnord67']","[0.0, 0.0, 0.0, 0.0, 0.0, 1.0, 0.0, 1.0, 1.0, 0.0, 0.0, 0.0, 0.0, 0.0, 0.0, 0.0, 0.0, 0.0, 1.0, 0.0, 1.0, 1.0, 1.0, 1.0, 1.0, 1.0, 0.0, 1.0, 0.0, 1.0, 0.0, 1.0, 1.0, 1.0, 0.0, 1.0, 1.0, 0.0, 0.0, 1.0, 0.0, 0.0, 0.0, 0.0, 0.0, 0.0, 1.0, 0.0, 1.0, 0.0, 0.0, 1.0, 1.0, 0.0, 1.0, 0.0, 0.0, 0.0, 1.0, 0.0, 1.0, 1.0, 0.0, 0.0, 0.0, 0.0, 0.0, 1.0, 1.0, 1.0, 1.0, 1.0, 1.0, 1.0, 1.0, 1.0, 1.0, 1.0, 1.0, 1.0, 1.0, 1.0, 0.0, 1.0, 0.0, 1.0, 0.0]",['lNONMMUG038718'],[1.0],[1.0],[0.9833856405598344]
75,"['lNONMMUG000508', 'lNONMMUG002215', 'lNONMMUG002239', 'lNONMMUG009962', 'lNONMMUG013211', 'lNONMMUG017485', 'lNONMMUG017913', 'lNONMMUG020673', 'lNONMMUG023454', 'lNONMMUG026355', 'lNONMMUG029813', 'lNONMMUG030202', 'lNONMMUG033401', 'lNONMMUG034886', 'lNONMMUG038355', 'lNONMMUG039685', 'lNONMMUG041158', 'lNONMMUG041781', 'lNONMMUG045568', 'lNONMMUG045569', 'lNONMMUG045574', 'lENSMUSG00000044471', 'lENSMUSG00000075277', 'lENSMUSG00000078190', 'lENSMUSG00000078247', 'lENSMUSG00000085354', 'lENSMUSG00000085715', 'lENSMUSG00000085873', 'lENSMUSG00000086035', 'lENSMUSG00000086141', 'lENSMUSG00000090063', 'lENSMUSG00000097336', 'lENSMUSG00000097571', 'lENSMUSG00000097767', 'lENSMUSG00000098439', 'lENSMUSG00000101609', 'lENSMUSG00000106519', 'l9030622O22Rik', 'lDlx6os1', 'lDnm3os', 'lGas5', 'lGm12610', 'lMiat', 'lNeat1', 'lNONMMUG002771', 'lNONMMUG004366', 'lNONMMUG007120', 'lNONMMUG008199', 'lNONMMUG009173', 'lNONMMUG009235', 'lNONMMUG010099', 'lNONMMUG012984', 'lNONMMUG013851', 'lNONMMUG014034', 'lNONMMUG017321', 'lNONMMUG017372', 'lNONMMUG019692', 'lNONMMUG020560', 'lNONMMUG021010', 'lNONMMUG023106', 'lNONMMUG024809', 'lNONMMUG025805', 'lNONMMUG029789', 'lNONMMUG031524', 'lNONMMUG031860', 'lNONMMUG032531', 'lNONMMUG033434', 'lNONMMUG034060', 'lNONMMUG035589', 'lNONMMUG036314', 'lNONMMUG036495', 'lNONMMUG038170', 'lNONMMUG038692', 'lNONMMUG038718', 'lNONMMUG041948', 'lNONMMUG042190', 'lNONMMUG043393', 'lNONMMUG043843', 'lNONMMUG044302', 'lNONMMUG045259', 'lENSMUSG00000085908', 'lENSMUSG00000103692', 'lENSMUSG00000106828', 'lENSMUSG00000107766', 'lGm13291', 'lSnord11', 'lSnord67']","[0.0, 0.0, 0.0, 0.0, 0.0, 1.0, 0.0, 1.0, 1.0, 0.0, 0.0, 0.0, 0.0, 0.0, 0.0, 0.0, 0.0, 0.0, 1.0, 0.0, 1.0, 1.0, 1.0, 1.0, 1.0, 1.0, 0.0, 1.0, 0.0, 1.0, 0.0, 1.0, 1.0, 1.0, 0.0, 1.0, 1.0, 0.0, 0.0, 1.0, 0.0, 0.0, 0.0, 0.0, 0.0, 0.0, 1.0, 0.0, 1.0, 0.0, 0.0, 1.0, 1.0, 0.0, 1.0, 0.0, 0.0, 0.0, 1.0, 0.0, 1.0, 1.0, 0.0, 0.0, 0.0, 0.0, 0.0, 1.0, 1.0, 1.0, 1.0, 1.0, 1.0, 1.0, 1.0, 1.0, 1.0, 1.0, 1.0, 1.0, 1.0, 1.0, 0.0, 1.0, 0.0, 1.0, 0.0]",['lNONMMUG039825'],[1.0],[0.0],[0.2124874966492618]
76,"['lNONMMUG000508', 'lNONMMUG002215', 'lNONMMUG002239', 'lNONMMUG009962', 'lNONMMUG013211', 'lNONMMUG017485', 'lNONMMUG017913', 'lNONMMUG020673', 'lNONMMUG023454', 'lNONMMUG026355', 'lNONMMUG029813', 'lNONMMUG030202', 'lNONMMUG033401', 'lNONMMUG034886', 'lNONMMUG038355', 'lNONMMUG039685', 'lNONMMUG041158', 'lNONMMUG041781', 'lNONMMUG045568', 'lNONMMUG045569', 'lNONMMUG045574', 'lENSMUSG00000044471', 'lENSMUSG00000075277', 'lENSMUSG00000078190', 'lENSMUSG00000078247', 'lENSMUSG00000085354', 'lENSMUSG00000085715', 'lENSMUSG00000085873', 'lENSMUSG00000086035', 'lENSMUSG00000086141', 'lENSMUSG00000090063', 'lENSMUSG00000097336', 'lENSMUSG00000097571', 'lENSMUSG00000097767', 'lENSMUSG00000098439', 'lENSMUSG00000101609', 'lENSMUSG00000106519', 'l9030622O22Rik', 'lDlx6os1', 'lDnm3os', 'lGas5', 'lGm12610', 'lMiat', 'lNeat1', 'lNONMMUG002771', 'lNONMMUG004366', 'lNONMMUG007120', 'lNONMMUG008199', 'lNONMMUG009173', 'lNONMMUG009235', 'lNONMMUG010099', 'lNONMMUG012984', 'lNONMMUG013851', 'lNONMMUG014034', 'lNONMMUG017321', 'lNONMMUG017372', 'lNONMMUG019692', 'lNONMMUG020560', 'lNONMMUG021010', 'lNONMMUG023106', 'lNONMMUG024809', 'lNONMMUG025805', 'lNONMMUG029789', 'lNONMMUG031524', 'lNONMMUG031860', 'lNONMMUG032531', 'lNONMMUG033434', 'lNONMMUG034060', 'lNONMMUG035589', 'lNONMMUG036314', 'lNONMMUG036495', 'lNONMMUG038170', 'lNONMMUG038692', 'lNONMMUG038718', 'lNONMMUG039825', 'lNONMMUG042190', 'lNONMMUG043393', 'lNONMMUG043843', 'lNONMMUG044302', 'lNONMMUG045259', 'lENSMUSG00000085908', 'lENSMUSG00000103692', 'lENSMUSG00000106828', 'lENSMUSG00000107766', 'lGm13291', 'lSnord11', 'lSnord67']","[0.0, 0.0, 0.0, 0.0, 0.0, 1.0, 0.0, 1.0, 1.0, 0.0, 0.0, 0.0, 0.0, 0.0, 0.0, 0.0, 0.0, 0.0, 1.0, 0.0, 1.0, 1.0, 1.0, 1.0, 1.0, 1.0, 0.0, 1.0, 0.0, 1.0, 0.0, 1.0, 1.0, 1.0, 0.0, 1.0, 1.0, 0.0, 0.0, 1.0, 0.0, 0.0, 0.0, 0.0, 0.0, 0.0, 1.0, 0.0, 1.0, 0.0, 0.0, 1.0, 1.0, 0.0, 1.0, 0.0, 0.0, 0.0, 1.0, 0.0, 1.0, 1.0, 0.0, 0.0, 0.0, 0.0, 0.0, 1.0, 1.0, 1.0, 1.0, 1.0, 1.0, 1.0, 1.0, 1.0, 1.0, 1.0, 1.0, 1.0, 1.0, 1.0, 0.0, 1.0, 0.0, 1.0, 0.0]",['lNONMMUG041948'],[1.0],[0.0],[0.0003002707691224583]
77,"['lNONMMUG000508', 'lNONMMUG002215', 'lNONMMUG002239', 'lNONMMUG009962', 'lNONMMUG013211', 'lNONMMUG017485', 'lNONMMUG017913', 'lNONMMUG020673', 'lNONMMUG023454', 'lNONMMUG026355', 'lNONMMUG029813', 'lNONMMUG030202', 'lNONMMUG033401', 'lNONMMUG034886', 'lNONMMUG038355', 'lNONMMUG039685', 'lNONMMUG041158', 'lNONMMUG041781', 'lNONMMUG045568', 'lNONMMUG045569', 'lNONMMUG045574', 'lENSMUSG00000044471', 'lENSMUSG00000075277', 'lENSMUSG00000078190', 'lENSMUSG00000078247', 'lENSMUSG00000085354', 'lENSMUSG00000085715', 'lENSMUSG00000085873', 'lENSMUSG00000086035', 'lENSMUSG00000086141', 'lENSMUSG00000090063', 'lENSMUSG00000097336', 'lENSMUSG00000097571', 'lENSMUSG00000097767', 'lENSMUSG00000098439', 'lENSMUSG00000101609', 'lENSMUSG00000106519', 'l9030622O22Rik', 'lDlx6os1', 'lDnm3os', 'lGas5', 'lGm12610', 'lMiat', 'lNeat1', 'lNONMMUG002771', 'lNONMMUG004366', 'lNONMMUG007120', 'lNONMMUG008199', 'lNONMMUG009173', 'lNONMMUG009235', 'lNONMMUG010099', 'lNONMMUG012984', 'lNONMMUG013851', 'lNONMMUG014034', 'lNONMMUG017321', 'lNONMMUG017372', 'lNONMMUG019692', 'lNONMMUG020560', 'lNONMMUG021010', 'lNONMMUG023106', 'lNONMMUG024809', 'lNONMMUG025805', 'lNONMMUG029789', 'lNONMMUG031524', 'lNONMMUG031860', 'lNONMMUG032531', 'lNONMMUG033434', 'lNONMMUG034060', 'lNONMMUG035589', 'lNONMMUG036314', 'lNONMMUG036495', 'lNONMMUG038170', 'lNONMMUG038692', 'lNONMMUG038718', 'lNONMMUG039825', 'lNONMMUG041948', 'lNONMMUG043393', 'lNONMMUG043843', 'lNONMMUG044302', 'lNONMMUG045259', 'lENSMUSG00000085908', 'lENSMUSG00000103692', 'lENSMUSG00000106828', 'lENSMUSG00000107766', 'lGm13291', 'lSnord11', 'lSnord67']","[0.0, 0.0, 0.0, 0.0, 0.0, 1.0, 0.0, 1.0, 1.0, 0.0, 0.0, 0.0, 0.0, 0.0, 0.0, 0.0, 0.0, 0.0, 1.0, 0.0, 1.0, 1.0, 1.0, 1.0, 1.0, 1.0, 0.0, 1.0, 0.0, 1.0, 0.0, 1.0, 1.0, 1.0, 0.0, 1.0, 1.0, 0.0, 0.0, 1.0, 0.0, 0.0, 0.0, 0.0, 0.0, 0.0, 1.0, 0.0, 1.0, 0.0, 0.0, 1.0, 1.0, 0.0, 1.0, 0.0, 0.0, 0.0, 1.0, 0.0, 1.0, 1.0, 0.0, 0.0, 0.0, 0.0, 0.0, 1.0, 1.0, 1.0, 1.0, 1.0, 1.0, 1.0, 1.0, 1.0, 1.0, 1.0, 1.0, 1.0, 1.0, 1.0, 0.0, 1.0, 0.0, 1.0, 0.0]",['lNONMMUG042190'],[1.0],[0.0],[0.00011550581600823766]
78,"['lNONMMUG000508', 'lNONMMUG002215', 'lNONMMUG002239', 'lNONMMUG009962', 'lNONMMUG013211', 'lNONMMUG017485', 'lNONMMUG017913', 'lNONMMUG020673', 'lNONMMUG023454', 'lNONMMUG026355', 'lNONMMUG029813', 'lNONMMUG030202', 'lNONMMUG033401', 'lNONMMUG034886', 'lNONMMUG038355', 'lNONMMUG039685', 'lNONMMUG041158', 'lNONMMUG041781', 'lNONMMUG045568', 'lNONMMUG045569', 'lNONMMUG045574', 'lENSMUSG00000044471', 'lENSMUSG00000075277', 'lENSMUSG00000078190', 'lENSMUSG00000078247', 'lENSMUSG00000085354', 'lENSMUSG00000085715', 'lENSMUSG00000085873', 'lENSMUSG00000086035', 'lENSMUSG00000086141', 'lENSMUSG00000090063', 'lENSMUSG00000097336', 'lENSMUSG00000097571', 'lENSMUSG00000097767', 'lENSMUSG00000098439', 'lENSMUSG00000101609', 'lENSMUSG00000106519', 'l9030622O22Rik', 'lDlx6os1', 'lDnm3os', 'lGas5', 'lGm12610', 'lMiat', 'lNeat1', 'lNONMMUG002771', 'lNONMMUG004366', 'lNONMMUG007120', 'lNONMMUG008199', 'lNONMMUG009173', 'lNONMMUG009235', 'lNONMMUG010099', 'lNONMMUG012984', 'lNONMMUG013851', 'lNONMMUG014034', 'lNONMMUG017321', 'lNONMMUG017372', 'lNONMMUG019692', 'lNONMMUG020560', 'lNONMMUG021010', 'lNONMMUG023106', 'lNONMMUG024809', 'lNONMMUG025805', 'lNONMMUG029789', 'lNONMMUG031524', 'lNONMMUG031860', 'lNONMMUG032531', 'lNONMMUG033434', 'lNONMMUG034060', 'lNONMMUG035589', 'lNONMMUG036314', 'lNONMMUG036495', 'lNONMMUG038170', 'lNONMMUG038692', 'lNONMMUG038718', 'lNONMMUG039825', 'lNONMMUG041948', 'lNONMMUG042190', 'lNONMMUG043843', 'lNONMMUG044302', 'lNONMMUG045259', 'lENSMUSG00000085908', 'lENSMUSG00000103692', 'lENSMUSG00000106828', 'lENSMUSG00000107766', 'lGm13291', 'lSnord11', 'lSnord67']","[0.0, 0.0, 0.0, 0.0, 0.0, 1.0, 0.0, 1.0, 1.0, 0.0, 0.0, 0.0, 0.0, 0.0, 0.0, 0.0, 0.0, 0.0, 1.0, 0.0, 1.0, 1.0, 1.0, 1.0, 1.0, 1.0, 0.0, 1.0, 0.0, 1.0, 0.0, 1.0, 1.0, 1.0, 0.0, 1.0, 1.0, 0.0, 0.0, 1.0, 0.0, 0.0, 0.0, 0.0, 0.0, 0.0, 1.0, 0.0, 1.0, 0.0, 0.0, 1.0, 1.0, 0.0, 1.0, 0.0, 0.0, 0.0, 1.0, 0.0, 1.0, 1.0, 0.0, 0.0, 0.0, 0.0, 0.0, 1.0, 1.0, 1.0, 1.0, 1.0, 1.0, 1.0, 1.0, 1.0, 1.0, 1.0, 1.0, 1.0, 1.0, 1.0, 0.0, 1.0, 0.0, 1.0, 0.0]",['lNONMMUG043393'],[1.0],[0.0],[0.17337815353169106]
79,"['lNONMMUG000508', 'lNONMMUG002215', 'lNONMMUG002239', 'lNONMMUG009962', 'lNONMMUG013211', 'lNONMMUG017485', 'lNONMMUG017913', 'lNONMMUG020673', 'lNONMMUG023454', 'lNONMMUG026355', 'lNONMMUG029813', 'lNONMMUG030202', 'lNONMMUG033401', 'lNONMMUG034886', 'lNONMMUG038355', 'lNONMMUG039685', 'lNONMMUG041158', 'lNONMMUG041781', 'lNONMMUG045568', 'lNONMMUG045569', 'lNONMMUG045574', 'lENSMUSG00000044471', 'lENSMUSG00000075277', 'lENSMUSG00000078190', 'lENSMUSG00000078247', 'lENSMUSG00000085354', 'lENSMUSG00000085715', 'lENSMUSG00000085873', 'lENSMUSG00000086035', 'lENSMUSG00000086141', 'lENSMUSG00000090063', 'lENSMUSG00000097336', 'lENSMUSG00000097571', 'lENSMUSG00000097767', 'lENSMUSG00000098439', 'lENSMUSG00000101609', 'lENSMUSG00000106519', 'l9030622O22Rik', 'lDlx6os1', 'lDnm3os', 'lGas5', 'lGm12610', 'lMiat', 'lNeat1', 'lNONMMUG002771', 'lNONMMUG004366', 'lNONMMUG007120', 'lNONMMUG008199', 'lNONMMUG009173', 'lNONMMUG009235', 'lNONMMUG010099', 'lNONMMUG012984', 'lNONMMUG013851', 'lNONMMUG014034', 'lNONMMUG017321', 'lNONMMUG017372', 'lNONMMUG019692', 'lNONMMUG020560', 'lNONMMUG021010', 'lNONMMUG023106', 'lNONMMUG024809', 'lNONMMUG025805', 'lNONMMUG029789', 'lNONMMUG031524', 'lNONMMUG031860', 'lNONMMUG032531', 'lNONMMUG033434', 'lNONMMUG034060', 'lNONMMUG035589', 'lNONMMUG036314', 'lNONMMUG036495', 'lNONMMUG038170', 'lNONMMUG038692', 'lNONMMUG038718', 'lNONMMUG039825', 'lNONMMUG041948', 'lNONMMUG042190', 'lNONMMUG043393', 'lNONMMUG044302', 'lNONMMUG045259', 'lENSMUSG00000085908', 'lENSMUSG00000103692', 'lENSMUSG00000106828', 'lENSMUSG00000107766', 'lGm13291', 'lSnord11', 'lSnord67']","[0.0, 0.0, 0.0, 0.0, 0.0, 1.0, 0.0, 1.0, 1.0, 0.0, 0.0, 0.0, 0.0, 0.0, 0.0, 0.0, 0.0, 0.0, 1.0, 0.0, 1.0, 1.0, 1.0, 1.0, 1.0, 1.0, 0.0, 1.0, 0.0, 1.0, 0.0, 1.0, 1.0, 1.0, 0.0, 1.0, 1.0, 0.0, 0.0, 1.0, 0.0, 0.0, 0.0, 0.0, 0.0, 0.0, 1.0, 0.0, 1.0, 0.0, 0.0, 1.0, 1.0, 0.0, 1.0, 0.0, 0.0, 0.0, 1.0, 0.0, 1.0, 1.0, 0.0, 0.0, 0.0, 0.0, 0.0, 1.0, 1.0, 1.0, 1.0, 1.0, 1.0, 1.0, 1.0, 1.0, 1.0, 1.0, 1.0, 1.0, 1.0, 1.0, 0.0, 1.0, 0.0, 1.0, 0.0]",['lNONMMUG043843'],[1.0],[1.0],[0.9356105264455193]
80,"['lNONMMUG000508', 'lNONMMUG002215', 'lNONMMUG002239', 'lNONMMUG009962', 'lNONMMUG013211', 'lNONMMUG017485', 'lNONMMUG017913', 'lNONMMUG020673', 'lNONMMUG023454', 'lNONMMUG026355', 'lNONMMUG029813', 'lNONMMUG030202', 'lNONMMUG033401', 'lNONMMUG034886', 'lNONMMUG038355', 'lNONMMUG039685', 'lNONMMUG041158', 'lNONMMUG041781', 'lNONMMUG045568', 'lNONMMUG045569', 'lNONMMUG045574', 'lENSMUSG00000044471', 'lENSMUSG00000075277', 'lENSMUSG00000078190', 'lENSMUSG00000078247', 'lENSMUSG00000085354', 'lENSMUSG00000085715', 'lENSMUSG00000085873', 'lENSMUSG00000086035', 'lENSMUSG00000086141', 'lENSMUSG00000090063', 'lENSMUSG00000097336', 'lENSMUSG00000097571', 'lENSMUSG00000097767', 'lENSMUSG00000098439', 'lENSMUSG00000101609', 'lENSMUSG00000106519', 'l9030622O22Rik', 'lDlx6os1', 'lDnm3os', 'lGas5', 'lGm12610', 'lMiat', 'lNeat1', 'lNONMMUG002771', 'lNONMMUG004366', 'lNONMMUG007120', 'lNONMMUG008199', 'lNONMMUG009173', 'lNONMMUG009235', 'lNONMMUG010099', 'lNONMMUG012984', 'lNONMMUG013851', 'lNONMMUG014034', 'lNONMMUG017321', 'lNONMMUG017372', 'lNONMMUG019692', 'lNONMMUG020560', 'lNONMMUG021010', 'lNONMMUG023106', 'lNONMMUG024809', 'lNONMMUG025805', 'lNONMMUG029789', 'lNONMMUG031524', 'lNONMMUG031860', 'lNONMMUG032531', 'lNONMMUG033434', 'lNONMMUG034060', 'lNONMMUG035589', 'lNONMMUG036314', 'lNONMMUG036495', 'lNONMMUG038170', 'lNONMMUG038692', 'lNONMMUG038718', 'lNONMMUG039825', 'lNONMMUG041948', 'lNONMMUG042190', 'lNONMMUG043393', 'lNONMMUG043843', 'lNONMMUG045259', 'lENSMUSG00000085908', 'lENSMUSG00000103692', 'lENSMUSG00000106828', 'lENSMUSG00000107766', 'lGm13291', 'lSnord11', 'lSnord67']","[0.0, 0.0, 0.0, 0.0, 0.0, 1.0, 0.0, 1.0, 1.0, 0.0, 0.0, 0.0, 0.0, 0.0, 0.0, 0.0, 0.0, 0.0, 1.0, 0.0, 1.0, 1.0, 1.0, 1.0, 1.0, 1.0, 0.0, 1.0, 0.0, 1.0, 0.0, 1.0, 1.0, 1.0, 0.0, 1.0, 1.0, 0.0, 0.0, 1.0, 0.0, 0.0, 0.0, 0.0, 0.0, 0.0, 1.0, 0.0, 1.0, 0.0, 0.0, 1.0, 1.0, 0.0, 1.0, 0.0, 0.0, 0.0, 1.0, 0.0, 1.0, 1.0, 0.0, 0.0, 0.0, 0.0, 0.0, 1.0, 1.0, 1.0, 1.0, 1.0, 1.0, 1.0, 1.0, 1.0, 1.0, 1.0, 1.0, 1.0, 1.0, 1.0, 0.0, 1.0, 0.0, 1.0, 0.0]",['lNONMMUG044302'],[1.0],[0.0],[0.0036202749045173184]
81,"['lNONMMUG000508', 'lNONMMUG002215', 'lNONMMUG002239', 'lNONMMUG009962', 'lNONMMUG013211', 'lNONMMUG017485', 'lNONMMUG017913', 'lNONMMUG020673', 'lNONMMUG023454', 'lNONMMUG026355', 'lNONMMUG029813', 'lNONMMUG030202', 'lNONMMUG033401', 'lNONMMUG034886', 'lNONMMUG038355', 'lNONMMUG039685', 'lNONMMUG041158', 'lNONMMUG041781', 'lNONMMUG045568', 'lNONMMUG045569', 'lNONMMUG045574', 'lENSMUSG00000044471', 'lENSMUSG00000075277', 'lENSMUSG00000078190', 'lENSMUSG00000078247', 'lENSMUSG00000085354', 'lENSMUSG00000085715', 'lENSMUSG00000085873', 'lENSMUSG00000086035', 'lENSMUSG00000086141', 'lENSMUSG00000090063', 'lENSMUSG00000097336', 'lENSMUSG00000097571', 'lENSMUSG00000097767', 'lENSMUSG00000098439', 'lENSMUSG00000101609', 'lENSMUSG00000106519', 'l9030622O22Rik', 'lDlx6os1', 'lDnm3os', 'lGas5', 'lGm12610', 'lMiat', 'lNeat1', 'lNONMMUG002771', 'lNONMMUG004366', 'lNONMMUG007120', 'lNONMMUG008199', 'lNONMMUG009173', 'lNONMMUG009235', 'lNONMMUG010099', 'lNONMMUG012984', 'lNONMMUG013851', 'lNONMMUG014034', 'lNONMMUG017321', 'lNONMMUG017372', 'lNONMMUG019692', 'lNONMMUG020560', 'lNONMMUG021010', 'lNONMMUG023106', 'lNONMMUG024809', 'lNONMMUG025805', 'lNONMMUG029789', 'lNONMMUG031524', 'lNONMMUG031860', 'lNONMMUG032531', 'lNONMMUG033434', 'lNONMMUG034060', 'lNONMMUG035589', 'lNONMMUG036314', 'lNONMMUG036495', 'lNONMMUG038170', 'lNONMMUG038692', 'lNONMMUG038718', 'lNONMMUG039825', 'lNONMMUG041948', 'lNONMMUG042190', 'lNONMMUG043393', 'lNONMMUG043843', 'lNONMMUG044302', 'lENSMUSG00000085908', 'lENSMUSG00000103692', 'lENSMUSG00000106828', 'lENSMUSG00000107766', 'lGm13291', 'lSnord11', 'lSnord67']","[0.0, 0.0, 0.0, 0.0, 0.0, 1.0, 0.0, 1.0, 1.0, 0.0, 0.0, 0.0, 0.0, 0.0, 0.0, 0.0, 0.0, 0.0, 1.0, 0.0, 1.0, 1.0, 1.0, 1.0, 1.0, 1.0, 0.0, 1.0, 0.0, 1.0, 0.0, 1.0, 1.0, 1.0, 0.0, 1.0, 1.0, 0.0, 0.0, 1.0, 0.0, 0.0, 0.0, 0.0, 0.0, 0.0, 1.0, 0.0, 1.0, 0.0, 0.0, 1.0, 1.0, 0.0, 1.0, 0.0, 0.0, 0.0, 1.0, 0.0, 1.0, 1.0, 0.0, 0.0, 0.0, 0.0, 0.0, 1.0, 1.0, 1.0, 1.0, 1.0, 1.0, 1.0, 1.0, 1.0, 1.0, 1.0, 1.0, 1.0, 1.0, 1.0, 0.0, 1.0, 0.0, 1.0, 0.0]",['lNONMMUG045259'],[1.0],[0.0],[0.10224694425488168]
82,"['lNONMMUG000508', 'lNONMMUG002215', 'lNONMMUG002239', 'lNONMMUG009962', 'lNONMMUG013211', 'lNONMMUG017485', 'lNONMMUG017913', 'lNONMMUG020673', 'lNONMMUG023454', 'lNONMMUG026355', 'lNONMMUG029813', 'lNONMMUG030202', 'lNONMMUG033401', 'lNONMMUG034886', 'lNONMMUG038355', 'lNONMMUG039685', 'lNONMMUG041158', 'lNONMMUG041781', 'lNONMMUG045568', 'lNONMMUG045569', 'lNONMMUG045574', 'lENSMUSG00000044471', 'lENSMUSG00000075277', 'lENSMUSG00000078190', 'lENSMUSG00000078247', 'lENSMUSG00000085354', 'lENSMUSG00000085715', 'lENSMUSG00000085873', 'lENSMUSG00000086035', 'lENSMUSG00000086141', 'lENSMUSG00000090063', 'lENSMUSG00000097336', 'lENSMUSG00000097571', 'lENSMUSG00000097767', 'lENSMUSG00000098439', 'lENSMUSG00000101609', 'lENSMUSG00000106519', 'l9030622O22Rik', 'lDlx6os1', 'lDnm3os', 'lGas5', 'lGm12610', 'lMiat', 'lNeat1', 'lNONMMUG002771', 'lNONMMUG004366', 'lNONMMUG007120', 'lNONMMUG008199', 'lNONMMUG009173', 'lNONMMUG009235', 'lNONMMUG010099', 'lNONMMUG012984', 'lNONMMUG013851', 'lNONMMUG014034', 'lNONMMUG017321', 'lNONMMUG017372', 'lNONMMUG019692', 'lNONMMUG020560', 'lNONMMUG021010', 'lNONMMUG023106', 'lNONMMUG024809', 'lNONMMUG025805', 'lNONMMUG029789', 'lNONMMUG031524', 'lNONMMUG031860', 'lNONMMUG032531', 'lNONMMUG033434', 'lNONMMUG034060', 'lNONMMUG035589', 'lNONMMUG036314', 'lNONMMUG036495', 'lNONMMUG038170', 'lNONMMUG038692', 'lNONMMUG038718', 'lNONMMUG039825', 'lNONMMUG041948', 'lNONMMUG042190', 'lNONMMUG043393', 'lNONMMUG043843', 'lNONMMUG044302', 'lNONMMUG045259', 'lENSMUSG00000103692', 'lENSMUSG00000106828', 'lENSMUSG00000107766', 'lGm13291', 'lSnord11', 'lSnord67']","[0.0, 0.0, 0.0, 0.0, 0.0, 1.0, 0.0, 1.0, 1.0, 0.0, 0.0, 0.0, 0.0, 0.0, 0.0, 0.0, 0.0, 0.0, 1.0, 0.0, 1.0, 1.0, 1.0, 1.0, 1.0, 1.0, 0.0, 1.0, 0.0, 1.0, 0.0, 1.0, 1.0, 1.0, 0.0, 1.0, 1.0, 0.0, 0.0, 1.0, 0.0, 0.0, 0.0, 0.0, 0.0, 0.0, 1.0, 0.0, 1.0, 0.0, 0.0, 1.0, 1.0, 0.0, 1.0, 0.0, 0.0, 0.0, 1.0, 0.0, 1.0, 1.0, 0.0, 0.0, 0.0, 0.0, 0.0, 1.0, 1.0, 1.0, 1.0, 1.0, 1.0, 1.0, 1.0, 1.0, 1.0, 1.0, 1.0, 1.0, 1.0, 1.0, 0.0, 1.0, 0.0, 1.0, 0.0]",['lENSMUSG00000085908'],[1.0],[1.0],[0.9888147708605193]
83,"['lNONMMUG000508', 'lNONMMUG002215', 'lNONMMUG002239', 'lNONMMUG009962', 'lNONMMUG013211', 'lNONMMUG017485', 'lNONMMUG017913', 'lNONMMUG020673', 'lNONMMUG023454', 'lNONMMUG026355', 'lNONMMUG029813', 'lNONMMUG030202', 'lNONMMUG033401', 'lNONMMUG034886', 'lNONMMUG038355', 'lNONMMUG039685', 'lNONMMUG041158', 'lNONMMUG041781', 'lNONMMUG045568', 'lNONMMUG045569', 'lNONMMUG045574', 'lENSMUSG00000044471', 'lENSMUSG00000075277', 'lENSMUSG00000078190', 'lENSMUSG00000078247', 'lENSMUSG00000085354', 'lENSMUSG00000085715', 'lENSMUSG00000085873', 'lENSMUSG00000086035', 'lENSMUSG00000086141', 'lENSMUSG00000090063', 'lENSMUSG00000097336', 'lENSMUSG00000097571', 'lENSMUSG00000097767', 'lENSMUSG00000098439', 'lENSMUSG00000101609', 'lENSMUSG00000106519', 'l9030622O22Rik', 'lDlx6os1', 'lDnm3os', 'lGas5', 'lGm12610', 'lMiat', 'lNeat1', 'lNONMMUG002771', 'lNONMMUG004366', 'lNONMMUG007120', 'lNONMMUG008199', 'lNONMMUG009173', 'lNONMMUG009235', 'lNONMMUG010099', 'lNONMMUG012984', 'lNONMMUG013851', 'lNONMMUG014034', 'lNONMMUG017321', 'lNONMMUG017372', 'lNONMMUG019692', 'lNONMMUG020560', 'lNONMMUG021010', 'lNONMMUG023106', 'lNONMMUG024809', 'lNONMMUG025805', 'lNONMMUG029789', 'lNONMMUG031524', 'lNONMMUG031860', 'lNONMMUG032531', 'lNONMMUG033434', 'lNONMMUG034060', 'lNONMMUG035589', 'lNONMMUG036314', 'lNONMMUG036495', 'lNONMMUG038170', 'lNONMMUG038692', 'lNONMMUG038718', 'lNONMMUG039825', 'lNONMMUG041948', 'lNONMMUG042190', 'lNONMMUG043393', 'lNONMMUG043843', 'lNONMMUG044302', 'lNONMMUG045259', 'lENSMUSG00000085908', 'lENSMUSG00000106828', 'lENSMUSG00000107766', 'lGm13291', 'lSnord11', 'lSnord67']","[0.0, 0.0, 0.0, 0.0, 0.0, 1.0, 0.0, 1.0, 1.0, 0.0, 0.0, 0.0, 0.0, 0.0, 0.0, 0.0, 0.0, 0.0, 1.0, 0.0, 1.0, 1.0, 1.0, 1.0, 1.0, 1.0, 0.0, 1.0, 0.0, 1.0, 0.0, 1.0, 1.0, 1.0, 0.0, 1.0, 1.0, 0.0, 0.0, 1.0, 0.0, 0.0, 0.0, 0.0, 0.0, 0.0, 1.0, 0.0, 1.0, 0.0, 0.0, 1.0, 1.0, 0.0, 1.0, 0.0, 0.0, 0.0, 1.0, 0.0, 1.0, 1.0, 0.0, 0.0, 0.0, 0.0, 0.0, 1.0, 1.0, 1.0, 1.0, 1.0, 1.0, 1.0, 1.0, 1.0, 1.0, 1.0, 1.0, 1.0, 1.0, 1.0, 0.0, 1.0, 0.0, 1.0, 0.0]",['lENSMUSG00000103692'],[1.0],[0.0],[0.04491906523014564]
84,"['lNONMMUG000508', 'lNONMMUG002215', 'lNONMMUG002239', 'lNONMMUG009962', 'lNONMMUG013211', 'lNONMMUG017485', 'lNONMMUG017913', 'lNONMMUG020673', 'lNONMMUG023454', 'lNONMMUG026355', 'lNONMMUG029813', 'lNONMMUG030202', 'lNONMMUG033401', 'lNONMMUG034886', 'lNONMMUG038355', 'lNONMMUG039685', 'lNONMMUG041158', 'lNONMMUG041781', 'lNONMMUG045568', 'lNONMMUG045569', 'lNONMMUG045574', 'lENSMUSG00000044471', 'lENSMUSG00000075277', 'lENSMUSG00000078190', 'lENSMUSG00000078247', 'lENSMUSG00000085354', 'lENSMUSG00000085715', 'lENSMUSG00000085873', 'lENSMUSG00000086035', 'lENSMUSG00000086141', 'lENSMUSG00000090063', 'lENSMUSG00000097336', 'lENSMUSG00000097571', 'lENSMUSG00000097767', 'lENSMUSG00000098439', 'lENSMUSG00000101609', 'lENSMUSG00000106519', 'l9030622O22Rik', 'lDlx6os1', 'lDnm3os', 'lGas5', 'lGm12610', 'lMiat', 'lNeat1', 'lNONMMUG002771', 'lNONMMUG004366', 'lNONMMUG007120', 'lNONMMUG008199', 'lNONMMUG009173', 'lNONMMUG009235', 'lNONMMUG010099', 'lNONMMUG012984', 'lNONMMUG013851', 'lNONMMUG014034', 'lNONMMUG017321', 'lNONMMUG017372', 'lNONMMUG019692', 'lNONMMUG020560', 'lNONMMUG021010', 'lNONMMUG023106', 'lNONMMUG024809', 'lNONMMUG025805', 'lNONMMUG029789', 'lNONMMUG031524', 'lNONMMUG031860', 'lNONMMUG032531', 'lNONMMUG033434', 'lNONMMUG034060', 'lNONMMUG035589', 'lNONMMUG036314', 'lNONMMUG036495', 'lNONMMUG038170', 'lNONMMUG038692', 'lNONMMUG038718', 'lNONMMUG039825', 'lNONMMUG041948', 'lNONMMUG042190', 'lNONMMUG043393', 'lNONMMUG043843', 'lNONMMUG044302', 'lNONMMUG045259', 'lENSMUSG00000085908', 'lENSMUSG00000103692', 'lENSMUSG00000107766', 'lGm13291', 'lSnord11', 'lSnord67']","[0.0, 0.0, 0.0, 0.0, 0.0, 1.0, 0.0, 1.0, 1.0, 0.0, 0.0, 0.0, 0.0, 0.0, 0.0, 0.0, 0.0, 0.0, 1.0, 0.0, 1.0, 1.0, 1.0, 1.0, 1.0, 1.0, 0.0, 1.0, 0.0, 1.0, 0.0, 1.0, 1.0, 1.0, 0.0, 1.0, 1.0, 0.0, 0.0, 1.0, 0.0, 0.0, 0.0, 0.0, 0.0, 0.0, 1.0, 0.0, 1.0, 0.0, 0.0, 1.0, 1.0, 0.0, 1.0, 0.0, 0.0, 0.0, 1.0, 0.0, 1.0, 1.0, 0.0, 0.0, 0.0, 0.0, 0.0, 1.0, 1.0, 1.0, 1.0, 1.0, 1.0, 1.0, 1.0, 1.0, 1.0, 1.0, 1.0, 1.0, 1.0, 1.0, 1.0, 1.0, 0.0, 1.0, 0.0]",['lENSMUSG00000106828'],[0.0],[1.0],[0.9608155950426152]
85,"['lNONMMUG000508', 'lNONMMUG002215', 'lNONMMUG002239', 'lNONMMUG009962', 'lNONMMUG013211', 'lNONMMUG017485', 'lNONMMUG017913', 'lNONMMUG020673', 'lNONMMUG023454', 'lNONMMUG026355', 'lNONMMUG029813', 'lNONMMUG030202', 'lNONMMUG033401', 'lNONMMUG034886', 'lNONMMUG038355', 'lNONMMUG039685', 'lNONMMUG041158', 'lNONMMUG041781', 'lNONMMUG045568', 'lNONMMUG045569', 'lNONMMUG045574', 'lENSMUSG00000044471', 'lENSMUSG00000075277', 'lENSMUSG00000078190', 'lENSMUSG00000078247', 'lENSMUSG00000085354', 'lENSMUSG00000085715', 'lENSMUSG00000085873', 'lENSMUSG00000086035', 'lENSMUSG00000086141', 'lENSMUSG00000090063', 'lENSMUSG00000097336', 'lENSMUSG00000097571', 'lENSMUSG00000097767', 'lENSMUSG00000098439', 'lENSMUSG00000101609', 'lENSMUSG00000106519', 'l9030622O22Rik', 'lDlx6os1', 'lDnm3os', 'lGas5', 'lGm12610', 'lMiat', 'lNeat1', 'lNONMMUG002771', 'lNONMMUG004366', 'lNONMMUG007120', 'lNONMMUG008199', 'lNONMMUG009173', 'lNONMMUG009235', 'lNONMMUG010099', 'lNONMMUG012984', 'lNONMMUG013851', 'lNONMMUG014034', 'lNONMMUG017321', 'lNONMMUG017372', 'lNONMMUG019692', 'lNONMMUG020560', 'lNONMMUG021010', 'lNONMMUG023106', 'lNONMMUG024809', 'lNONMMUG025805', 'lNONMMUG029789', 'lNONMMUG031524', 'lNONMMUG031860', 'lNONMMUG032531', 'lNONMMUG033434', 'lNONMMUG034060', 'lNONMMUG035589', 'lNONMMUG036314', 'lNONMMUG036495', 'lNONMMUG038170', 'lNONMMUG038692', 'lNONMMUG038718', 'lNONMMUG039825', 'lNONMMUG041948', 'lNONMMUG042190', 'lNONMMUG043393', 'lNONMMUG043843', 'lNONMMUG044302', 'lNONMMUG045259', 'lENSMUSG00000085908', 'lENSMUSG00000103692', 'lENSMUSG00000106828', 'lGm13291', 'lSnord11', 'lSnord67']","[0.0, 0.0, 0.0, 0.0, 0.0, 1.0, 0.0, 1.0, 1.0, 0.0, 0.0, 0.0, 0.0, 0.0, 0.0, 0.0, 0.0, 0.0, 1.0, 0.0, 1.0, 1.0, 1.0, 1.0, 1.0, 1.0, 0.0, 1.0, 0.0, 1.0, 0.0, 1.0, 1.0, 1.0, 0.0, 1.0, 1.0, 0.0, 0.0, 1.0, 0.0, 0.0, 0.0, 0.0, 0.0, 0.0, 1.0, 0.0, 1.0, 0.0, 0.0, 1.0, 1.0, 0.0, 1.0, 0.0, 0.0, 0.0, 1.0, 0.0, 1.0, 1.0, 0.0, 0.0, 0.0, 0.0, 0.0, 1.0, 1.0, 1.0, 1.0, 1.0, 1.0, 1.0, 1.0, 1.0, 1.0, 1.0, 1.0, 1.0, 1.0, 1.0, 1.0, 0.0, 0.0, 1.0, 0.0]",['lENSMUSG00000107766'],[1.0],[1.0],[0.8668355024626058]
86,"['lNONMMUG000508', 'lNONMMUG002215', 'lNONMMUG002239', 'lNONMMUG009962', 'lNONMMUG013211', 'lNONMMUG017485', 'lNONMMUG017913', 'lNONMMUG020673', 'lNONMMUG023454', 'lNONMMUG026355', 'lNONMMUG029813', 'lNONMMUG030202', 'lNONMMUG033401', 'lNONMMUG034886', 'lNONMMUG038355', 'lNONMMUG039685', 'lNONMMUG041158', 'lNONMMUG041781', 'lNONMMUG045568', 'lNONMMUG045569', 'lNONMMUG045574', 'lENSMUSG00000044471', 'lENSMUSG00000075277', 'lENSMUSG00000078190', 'lENSMUSG00000078247', 'lENSMUSG00000085354', 'lENSMUSG00000085715', 'lENSMUSG00000085873', 'lENSMUSG00000086035', 'lENSMUSG00000086141', 'lENSMUSG00000090063', 'lENSMUSG00000097336', 'lENSMUSG00000097571', 'lENSMUSG00000097767', 'lENSMUSG00000098439', 'lENSMUSG00000101609', 'lENSMUSG00000106519', 'l9030622O22Rik', 'lDlx6os1', 'lDnm3os', 'lGas5', 'lGm12610', 'lMiat', 'lNeat1', 'lNONMMUG002771', 'lNONMMUG004366', 'lNONMMUG007120', 'lNONMMUG008199', 'lNONMMUG009173', 'lNONMMUG009235', 'lNONMMUG010099', 'lNONMMUG012984', 'lNONMMUG013851', 'lNONMMUG014034', 'lNONMMUG017321', 'lNONMMUG017372', 'lNONMMUG019692', 'lNONMMUG020560', 'lNONMMUG021010', 'lNONMMUG023106', 'lNONMMUG024809', 'lNONMMUG025805', 'lNONMMUG029789', 'lNONMMUG031524', 'lNONMMUG031860', 'lNONMMUG032531', 'lNONMMUG033434', 'lNONMMUG034060', 'lNONMMUG035589', 'lNONMMUG036314', 'lNONMMUG036495', 'lNONMMUG038170', 'lNONMMUG038692', 'lNONMMUG038718', 'lNONMMUG039825', 'lNONMMUG041948', 'lNONMMUG042190', 'lNONMMUG043393', 'lNONMMUG043843', 'lNONMMUG044302', 'lNONMMUG045259', 'lENSMUSG00000085908', 'lENSMUSG00000103692', 'lENSMUSG00000106828', 'lENSMUSG00000107766', 'lSnord11', 'lSnord67']","[0.0, 0.0, 0.0, 0.0, 0.0, 1.0, 0.0, 1.0, 1.0, 0.0, 0.0, 0.0, 0.0, 0.0, 0.0, 0.0, 0.0, 0.0, 1.0, 0.0, 1.0, 1.0, 1.0, 1.0, 1.0, 1.0, 0.0, 1.0, 0.0, 1.0, 0.0, 1.0, 1.0, 1.0, 0.0, 1.0, 1.0, 0.0, 0.0, 1.0, 0.0, 0.0, 0.0, 0.0, 0.0, 0.0, 1.0, 0.0, 1.0, 0.0, 0.0, 1.0, 1.0, 0.0, 1.0, 0.0, 0.0, 0.0, 1.0, 0.0, 1.0, 1.0, 0.0, 0.0, 0.0, 0.0, 0.0, 1.0, 1.0, 1.0, 1.0, 1.0, 1.0, 1.0, 1.0, 1.0, 1.0, 1.0, 1.0, 1.0, 1.0, 1.0, 1.0, 0.0, 1.0, 1.0, 0.0]",['lGm13291'],[0.0],[1.0],[0.9335766467487708]
87,"['lNONMMUG000508', 'lNONMMUG002215', 'lNONMMUG002239', 'lNONMMUG009962', 'lNONMMUG013211', 'lNONMMUG017485', 'lNONMMUG017913', 'lNONMMUG020673', 'lNONMMUG023454', 'lNONMMUG026355', 'lNONMMUG029813', 'lNONMMUG030202', 'lNONMMUG033401', 'lNONMMUG034886', 'lNONMMUG038355', 'lNONMMUG039685', 'lNONMMUG041158', 'lNONMMUG041781', 'lNONMMUG045568', 'lNONMMUG045569', 'lNONMMUG045574', 'lENSMUSG00000044471', 'lENSMUSG00000075277', 'lENSMUSG00000078190', 'lENSMUSG00000078247', 'lENSMUSG00000085354', 'lENSMUSG00000085715', 'lENSMUSG00000085873', 'lENSMUSG00000086035', 'lENSMUSG00000086141', 'lENSMUSG00000090063', 'lENSMUSG00000097336', 'lENSMUSG00000097571', 'lENSMUSG00000097767', 'lENSMUSG00000098439', 'lENSMUSG00000101609', 'lENSMUSG00000106519', 'l9030622O22Rik', 'lDlx6os1', 'lDnm3os', 'lGas5', 'lGm12610', 'lMiat', 'lNeat1', 'lNONMMUG002771', 'lNONMMUG004366', 'lNONMMUG007120', 'lNONMMUG008199', 'lNONMMUG009173', 'lNONMMUG009235', 'lNONMMUG010099', 'lNONMMUG012984', 'lNONMMUG013851', 'lNONMMUG014034', 'lNONMMUG017321', 'lNONMMUG017372', 'lNONMMUG019692', 'lNONMMUG020560', 'lNONMMUG021010', 'lNONMMUG023106', 'lNONMMUG024809', 'lNONMMUG025805', 'lNONMMUG029789', 'lNONMMUG031524', 'lNONMMUG031860', 'lNONMMUG032531', 'lNONMMUG033434', 'lNONMMUG034060', 'lNONMMUG035589', 'lNONMMUG036314', 'lNONMMUG036495', 'lNONMMUG038170', 'lNONMMUG038692', 'lNONMMUG038718', 'lNONMMUG039825', 'lNONMMUG041948', 'lNONMMUG042190', 'lNONMMUG043393', 'lNONMMUG043843', 'lNONMMUG044302', 'lNONMMUG045259', 'lENSMUSG00000085908', 'lENSMUSG00000103692', 'lENSMUSG00000106828', 'lENSMUSG00000107766', 'lGm13291', 'lSnord67']","[0.0, 0.0, 0.0, 0.0, 0.0, 1.0, 0.0, 1.0, 1.0, 0.0, 0.0, 0.0, 0.0, 0.0, 0.0, 0.0, 0.0, 0.0, 1.0, 0.0, 1.0, 1.0, 1.0, 1.0, 1.0, 1.0, 0.0, 1.0, 0.0, 1.0, 0.0, 1.0, 1.0, 1.0, 0.0, 1.0, 1.0, 0.0, 0.0, 1.0, 0.0, 0.0, 0.0, 0.0, 0.0, 0.0, 1.0, 0.0, 1.0, 0.0, 0.0, 1.0, 1.0, 0.0, 1.0, 0.0, 0.0, 0.0, 1.0, 0.0, 1.0, 1.0, 0.0, 0.0, 0.0, 0.0, 0.0, 1.0, 1.0, 1.0, 1.0, 1.0, 1.0, 1.0, 1.0, 1.0, 1.0, 1.0, 1.0, 1.0, 1.0, 1.0, 1.0, 0.0, 1.0, 0.0, 0.0]",['lSnord11'],[1.0],[0.0],[6.443590037227602e-11]
88,"['lNONMMUG000508', 'lNONMMUG002215', 'lNONMMUG002239', 'lNONMMUG009962', 'lNONMMUG013211', 'lNONMMUG017485', 'lNONMMUG017913', 'lNONMMUG020673', 'lNONMMUG023454', 'lNONMMUG026355', 'lNONMMUG029813', 'lNONMMUG030202', 'lNONMMUG033401', 'lNONMMUG034886', 'lNONMMUG038355', 'lNONMMUG039685', 'lNONMMUG041158', 'lNONMMUG041781', 'lNONMMUG045568', 'lNONMMUG045569', 'lNONMMUG045574', 'lENSMUSG00000044471', 'lENSMUSG00000075277', 'lENSMUSG00000078190', 'lENSMUSG00000078247', 'lENSMUSG00000085354', 'lENSMUSG00000085715', 'lENSMUSG00000085873', 'lENSMUSG00000086035', 'lENSMUSG00000086141', 'lENSMUSG00000090063', 'lENSMUSG00000097336', 'lENSMUSG00000097571', 'lENSMUSG00000097767', 'lENSMUSG00000098439', 'lENSMUSG00000101609', 'lENSMUSG00000106519', 'l9030622O22Rik', 'lDlx6os1', 'lDnm3os', 'lGas5', 'lGm12610', 'lMiat', 'lNeat1', 'lNONMMUG002771', 'lNONMMUG004366', 'lNONMMUG007120', 'lNONMMUG008199', 'lNONMMUG009173', 'lNONMMUG009235', 'lNONMMUG010099', 'lNONMMUG012984', 'lNONMMUG013851', 'lNONMMUG014034', 'lNONMMUG017321', 'lNONMMUG017372', 'lNONMMUG019692', 'lNONMMUG020560', 'lNONMMUG021010', 'lNONMMUG023106', 'lNONMMUG024809', 'lNONMMUG025805', 'lNONMMUG029789', 'lNONMMUG031524', 'lNONMMUG031860', 'lNONMMUG032531', 'lNONMMUG033434', 'lNONMMUG034060', 'lNONMMUG035589', 'lNONMMUG036314', 'lNONMMUG036495', 'lNONMMUG038170', 'lNONMMUG038692', 'lNONMMUG038718', 'lNONMMUG039825', 'lNONMMUG041948', 'lNONMMUG042190', 'lNONMMUG043393', 'lNONMMUG043843', 'lNONMMUG044302', 'lNONMMUG045259', 'lENSMUSG00000085908', 'lENSMUSG00000103692', 'lENSMUSG00000106828', 'lENSMUSG00000107766', 'lGm13291', 'lSnord11']","[0.0, 0.0, 0.0, 0.0, 0.0, 1.0, 0.0, 1.0, 1.0, 0.0, 0.0, 0.0, 0.0, 0.0, 0.0, 0.0, 0.0, 0.0, 1.0, 0.0, 1.0, 1.0, 1.0, 1.0, 1.0, 1.0, 0.0, 1.0, 0.0, 1.0, 0.0, 1.0, 1.0, 1.0, 0.0, 1.0, 1.0, 0.0, 0.0, 1.0, 0.0, 0.0, 0.0, 0.0, 0.0, 0.0, 1.0, 0.0, 1.0, 0.0, 0.0, 1.0, 1.0, 0.0, 1.0, 0.0, 0.0, 0.0, 1.0, 0.0, 1.0, 1.0, 0.0, 0.0, 0.0, 0.0, 0.0, 1.0, 1.0, 1.0, 1.0, 1.0, 1.0, 1.0, 1.0, 1.0, 1.0, 1.0, 1.0, 1.0, 1.0, 1.0, 1.0, 0.0, 1.0, 0.0, 1.0]",['lSnord67'],[0.0],[0.0],[0.0016067395824704797]
