ID,Label
lNONHSAG043138,0.0
lNONHSAG032302,1.0
lJRK,1.0
lNONHSAG004026,0.0
lNONHSAG026856,0.0
lNONHSAG013515,1.0
lNONHSAG002134,1.0
lNONHSAG054213,1.0
lNONHSAG033105,0.0
lNONHSAG039620,1.0
lNONHSAG043770,1.0
lNONHSAG017254,1.0
lNONHSAG047792,0.0
lNONHSAG017504,0.0
lNONHSAG083883,1.0
lNONHSAG000579,1.0
lNONHSAG013790,0.0
lNONHSAG040188,0.0
lNONHSAG040945,1.0
lSNHG16,0.0
lENSG00000234546,1.0
lNONHSAG006054,0.0
lNONHSAG001172,1.0
lNONHSAG009913,0.0
lNONHSAG010117,0.0
lNONHSAG022845,0.0
lNONHSAG004247,1.0
lNONHSAG037072,1.0
lNONHSAG043851,1.0
lNONHSAG021976,0.0
lNONHSAG056733,0.0
lNONHSAG007538,1.0
lENSG00000231473,1.0
lNONHSAG037146,0.0
lNONHSAG018053,0.0
lNONHSAG088562,1.0
lENSG00000244124,0.0
lNONHSAG014672,0.0
lNONHSAG029336,0.0
lNONHSAG050073,1.0
lNONHSAG047544,0.0
lNONHSAG064784,1.0
lNONHSAG008037,1.0
lENSG00000235385,1.0
lNONHSAG033937,0.0
lNONHSAG002859,1.0
lNONHSAG020274,1.0
lENSG00000226137,0.0
lNONHSAG025907,1.0
lNONHSAG022030,0.0
lNONHSAG024681,1.0
lNONHSAG046722,1.0
lNONHSAG055350,0.0
lNONHSAG024340,1.0
lNONHSAG083894,0.0
lNONHSAG008056,1.0
lNONHSAG007455,0.0
lNONHSAG114445,1.0
lAC137723.5,1.0
lNONHSAG027342,0.0
lENSG00000261183,0.0
lNONHSAG020312,0.0
lNONHSAG006633,1.0
lNONHSAG075363,1.0
lNONHSAG085975,0.0
lNONHSAG052680,0.0
lNONHSAG034676,0.0
lNONHSAG020277,1.0
lNONHSAG035262,0.0
lNONHSAG011264,1.0
lNONHSAG003374,0.0
lNONHSAG054024,0.0
lNONHSAG018711,0.0
lAC135048.13,1.0
lNONHSAG042966,1.0
lENSG00000267395,0.0
lNONHSAG011211,0.0
lNONHSAG031563,0.0
lNONHSAG010716,0.0
lNONHSAG037164,1.0
lNONHSAG019878,1.0
lRP11-305P14.1,0.0
lNONHSAG031453,1.0
lENSG00000279296,0.0
lENSG00000231663,0.0
lNONHSAG027692,0.0
lENSG00000231437,0.0
lNONHSAG004095,1.0
lNONHSAG007487,1.0
lNONHSAG014591,0.0
lNONHSAG050769,1.0
lNONHSAG001360,0.0
lNONHSAG033061,1.0
lNONHSAG003957,0.0
lNONHSAG049288,0.0
lENSG00000175061,1.0
lNONHSAG022980,0.0
lNONHSAG022078,1.0
lNONHSAG009989,1.0
lNONHSAG010184,0.0
lNONHSAG015417,1.0
lNONHSAG011658,0.0
lNONHSAG020298,0.0
lENSG00000227256,0.0
lENSG00000179406,0.0
lNONHSAG027598,1.0
lNONHSAG038836,1.0
lNONHSAG058112,1.0
lNONHSAG049901,0.0
lNONHSAG034006,1.0
lNONHSAG011337,0.0
lNONHSAG038344,1.0
lNONHSAG101229,0.0
lNONHSAG096130,1.0
lNONHSAG017282,1.0
lNONHSAG052151,0.0
lNONHSAG014890,0.0
lNONHSAG033263,1.0
lNONHSAG013388,0.0
lNONHSAG011576,1.0
lNONHSAG053626,1.0
lNONHSAG024542,1.0
lNONHSAG056746,1.0
lNONHSAG022162,0.0
lNONHSAG029965,0.0
lNONHSAG027075,0.0
lNONHSAG053502,1.0
lNONHSAG026852,0.0
lNONHSAG033899,0.0
lNONHSAG033368,1.0
lNONHSAG050518,0.0
lNONHSAG011518,1.0
lNONHSAG054360,0.0
lNONHSAG013954,1.0
lNONHSAG008220,1.0
lNONHSAG029080,0.0
lNONHSAG017060,1.0
lNONHSAG036922,0.0
lNONHSAG063700,0.0
lNONHSAG013992,1.0
lNONHSAG051291,0.0
lNONHSAG028857,1.0
lENSG00000224739,0.0
lENSG00000251003,1.0
lNONHSAG022851,1.0
lNONHSAG031025,0.0
lNONHSAG003874,0.0
lNONHSAG040969,1.0
lENSG00000223764,1.0
lNONHSAG002454,1.0
lNONHSAG047620,1.0
lCTD-2540L5.5,0.0
lNONHSAG039872,0.0
lNONHSAG032267,0.0
lNONHSAG004373,1.0
lNONHSAG020304,0.0
lNONHSAG009950,1.0
lNONHSAG010186,0.0
lNONHSAG029933,0.0
lNONHSAG019767,0.0
lNONHSAG026205,1.0
lMIR31HG,1.0
lNONHSAG027017,0.0
lNONHSAG030258,0.0
lNONHSAG037559,1.0
lNONHSAG016623,0.0
lNONHSAG026364,1.0
lNONHSAG021390,0.0
lNONHSAG034418,0.0
lNONHSAG031385,0.0
lNONHSAG013809,1.0
lNONHSAG018893,1.0
lNONHSAG050493,1.0
lNONHSAG020760,1.0
lNONHSAG007384,0.0
lNONHSAG023930,0.0
lHEIH,1.0
lNONHSAG053162,0.0
lNONHSAG010989,1.0
lNONHSAG017349,1.0
lNONHSAG031853,0.0
lNONHSAG047469,1.0
lNONHSAG016199,1.0
lENSG00000245146,0.0
lNONHSAG019014,1.0
lNONHSAG017783,1.0
lNONHSAG021780,1.0
lNONHSAG013942,0.0
lNONHSAG038502,1.0
lNONHSAG024668,1.0
lNONHSAG050272,0.0
lNONHSAG008726,1.0
lNONHSAG028403,0.0
lNONHSAG008654,0.0
lNONHSAG010940,0.0
lNONHSAG021432,0.0
lNONHSAG024428,0.0
lNONHSAG018635,1.0
lNONHSAG007868,1.0
lNONHSAG030440,1.0
lNONHSAG009747,0.0
lNONHSAG001499,0.0
lNONHSAG025319,1.0
lNONHSAG033589,1.0
lNONHSAG024903,0.0
lNONHSAG010798,0.0
lNONHSAG048302,1.0
lNONHSAG058109,1.0
lNONHSAG030113,1.0
lNONHSAG022495,1.0
lNONHSAG021981,1.0
lNONHSAG042836,0.0
lNONHSAG041670,1.0
lNONHSAG055008,0.0
lNONHSAG051255,1.0
lNONHSAG005669,1.0
lNONHSAG042370,0.0
lNONHSAG052491,0.0
lNONHSAG038663,0.0
lNONHSAG028720,1.0
lNONHSAG026721,1.0
lNONHSAG053719,1.0
lNONHSAG061096,0.0
lNONHSAG020476,0.0
lNONHSAG023598,0.0
lNONHSAG024171,1.0
lRP5-1061H20.4,0.0
lNONHSAG022965,0.0
lNONHSAG069147,0.0
lNONHSAG023392,1.0
lENSG00000249993,0.0
lVCAN-AS1,1.0
lNONHSAG002701,0.0
lENSG00000260924,0.0
lNONHSAG040444,0.0
lEGOT,0.0
lENSG00000237396,1.0
lNONHSAG028093,1.0
lNONHSAG013005,0.0
lNONHSAG013944,0.0
lNONHSAG006678,1.0
lNONHSAG102979,0.0
lNONHSAG044791,1.0
lNONHSAG019049,0.0
lNONHSAG023661,1.0
lNONHSAG041883,0.0
lNONHSAG033898,0.0
lNONHSAG007324,1.0
lNONHSAG024637,0.0
lENSG00000269911,1.0
lNONHSAG051484,0.0
lRP11-439K3.1,1.0
lNONHSAG037025,0.0
lNONHSAG021584,1.0
lNONHSAG003056,1.0
lNONHSAG097347,0.0
lNONHSAG028870,1.0
lNONHSAG053228,1.0
lNONHSAG073025,0.0
lLBX2-AS1,1.0
lNONHSAG030525,1.0
lNONHSAG017347,0.0
lNONHSAG003884,0.0
lRP11-408H20.2,1.0
lNONHSAG019493,1.0
lNONHSAG084937,0.0
lNONHSAG040976,1.0
lNONHSAG040226,1.0
lNONHSAG019813,1.0
lNONHSAG016741,0.0
lNONHSAG006692,1.0
lNONHSAG019613,0.0
lNONHSAG020755,1.0
lNONHSAG026274,1.0
lNONHSAG042062,0.0
lNONHSAG049655,1.0
lNONHSAG044709,1.0
lNONHSAG041017,0.0
lENSG00000251061,1.0
lNONHSAG033459,1.0
lNONHSAG012549,1.0
lNONHSAG014332,1.0
lNONHSAG012555,1.0
lNONHSAG060586,1.0
lNONHSAG023175,0.0
lNONHSAG054780,0.0
lNONHSAG020278,1.0
lENSG00000228526,1.0
lNONHSAG011057,0.0
lNONHSAG000047,0.0
lNONHSAG053631,0.0
lNONHSAG016733,0.0
lNONHSAG017376,1.0
lNONHSAG040408,0.0
lNONHSAG051448,0.0
lNONHSAG010193,0.0
lENSG00000254508,0.0
lENSG00000232442,0.0
lNONHSAG018461,0.0
lRP4-790G17.7,1.0
lNONHSAG017020,1.0
lNONHSAG020759,0.0
lNONHSAG018659,1.0
lNONHSAG011125,1.0
lNONHSAG024362,1.0
lAQP4-AS1,0.0
lNONHSAG009021,0.0
lNONHSAG020259,1.0
lNONHSAG019003,0.0
lNONHSAG053602,0.0
lNONHSAG054301,0.0
lNONHSAG068639,0.0
lNONHSAG040544,0.0
lRHPN1-AS1,1.0
lNONHSAG000008,1.0
lNONHSAG002731,1.0
lNONHSAG033216,1.0
lNONHSAG006049,0.0
lNONHSAG003911,0.0
lNONHSAG040700,1.0
lNONHSAG016749,0.0
lNONHSAG001837,1.0
lNONHSAG025712,1.0
lNONHSAG045166,1.0
lNONHSAG003912,0.0
lENSG00000254480,1.0
lNONHSAG005403,1.0
lNONHSAG033435,0.0
lNONHSAG008859,0.0
lNONHSAG061404,0.0
lNONHSAG022058,1.0
lNONHSAG054716,1.0
lNONHSAG041529,1.0
lNONHSAG032737,1.0
lENSG00000230313,1.0
lNONHSAG072176,1.0
lNONHSAG054699,0.0
lENSG00000267321,1.0
lNONHSAG030739,0.0
lNONHSAG029959,1.0
lNONHSAG080772,0.0
lNONHSAG041592,1.0
lNONHSAG042433,1.0
lENSG00000263718,1.0
lNONHSAG112396,1.0
lNONHSAG055151,0.0
lNONHSAG012423,0.0
lNONHSAG053842,1.0
lNONHSAG033386,1.0
lNONHSAG038676,0.0
lSNX29P2,0.0
lNONHSAG007715,0.0
lNONHSAG021874,0.0
lNONHSAG020325,1.0
lNONHSAG034801,0.0
lNONHSAG014289,1.0
lNONHSAG050423,1.0
lNONHSAG004619,1.0
lRP11-227H15.4,0.0
lNONHSAG011086,1.0
lNONHSAG047796,1.0
lNONHSAG013098,1.0
lNONHSAG041002,0.0
lDLX6-AS1,0.0
lNONHSAG011870,0.0
lENSG00000270959,1.0
lNONHSAG028996,0.0
lNONHSAG024332,0.0
lNONHSAG029668,0.0
lENSG00000260280,1.0
lNONHSAG026176,0.0
lNONHSAG055450,0.0
lNONHSAG001284,0.0
lNONHSAG028083,0.0
lNONHSAG051770,0.0
lENSG00000258912,1.0
lNONHSAG011090,1.0
lRP11-123O10.4,0.0
lNONHSAG013568,1.0
lNONHSAG058533,1.0
lNONHSAG018110,0.0
lNONHSAG021042,0.0
lNONHSAG018530,0.0
lNONHSAG027837,0.0
lNONHSAG029964,0.0
lJPX,0.0
lNONHSAG019012,0.0
lNONHSAG038530,1.0
lNONHSAG017377,1.0
lNONHSAG016611,0.0
lNONHSAG009636,1.0
lNONHSAG030583,1.0
lNONHSAG031696,0.0
lNONHSAG024141,0.0
lNONHSAG011343,0.0
lNONHSAG006163,0.0
lNONHSAG033940,1.0
lNONHSAG007708,1.0
lNONHSAG006763,0.0
lNONHSAG017486,1.0
lENSG00000163364,1.0
lNONHSAG015692,1.0
lNONHSAG054432,1.0
lENSG00000230257,0.0
lNONHSAG005721,0.0
lNONHSAG091116,0.0
lNONHSAG034032,0.0
lNONHSAG029312,1.0
lNONHSAG083859,1.0
lNONHSAG022597,0.0
lAC103564.7,1.0
lNONHSAG025011,0.0
lNONHSAG046781,0.0
lNONHSAG038578,1.0
lNONHSAG033716,1.0
lNONHSAG034845,0.0
lNONHSAG020731,1.0
lENSG00000225470,0.0
lNONHSAG009728,1.0
lNONHSAG031456,0.0
lNONHSAG018417,0.0
lNONHSAG017288,0.0
lRP5-1074L1.1,1.0
lNONHSAG036263,1.0
lNONHSAG047547,1.0
lNONHSAG053547,0.0
lLINC00461,0.0
lNONHSAG040870,0.0
lNONHSAG014381,0.0
lNONHSAG033266,0.0
lNONHSAG008675,0.0
lNONHSAG042138,1.0
lNONHSAG043657,1.0
lNONHSAG015461,1.0
lNONHSAG041707,1.0
lNONHSAG020361,0.0
lNONHSAG047191,1.0
lNONHSAG047974,0.0
lNONHSAG024810,0.0
lNONHSAG004673,1.0
lNONHSAG016771,1.0
lNONHSAG006341,0.0
lNONHSAG055577,0.0
lNONHSAG013912,0.0
lNONHSAG035096,0.0
lNONHSAG044350,0.0
lNONHSAG039037,0.0
lNONHSAG024741,0.0
lNONHSAG022339,0.0
lENSG00000247498,0.0
lNONHSAG015787,1.0
lNONHSAG043934,0.0
lNONHSAG052929,0.0
lNONHSAG058128,1.0
lNONHSAG044283,0.0
lNONHSAG022743,1.0
lNONHSAG014372,1.0
lENSG00000234455,1.0
lNONHSAG020218,1.0
lNONHSAG044064,0.0
lNONHSAG039038,0.0
lNONHSAG030582,0.0
lNONHSAG037083,0.0
lNONHSAG056451,0.0
lNONHSAG014914,1.0
lNONHSAG041480,1.0
lNONHSAG019221,0.0
lNONHSAG019670,1.0
lNONHSAG054718,0.0
lENSG00000274372,1.0
lNONHSAG020068,0.0
lNONHSAG003074,1.0
lENSG00000272769,0.0
lENSG00000254635,0.0
lNONHSAG047463,0.0
lNONHSAG007463,0.0
lNONHSAG022311,0.0
lNONHSAG003303,1.0
lNONHSAG099082,1.0
lNONHSAG052908,1.0
lNONHSAG005153,1.0
lNONHSAG015234,1.0
lNONHSAG027618,1.0
lNONHSAG008966,1.0
lNONHSAG033896,0.0
lNONHSAG010657,1.0
lNONHSAG016403,1.0
lNONHSAG031584,1.0
lNONHSAG037080,1.0
lNONHSAG021567,1.0
lNONHSAG017238,0.0
lNONHSAG021072,0.0
lNONHSAG030487,1.0
lNONHSAG000310,0.0
lENSG00000270344,1.0
lNONHSAG096230,1.0
lNONHSAG073380,0.0
lNONHSAG042491,1.0
lNONHSAG037420,1.0
lNONHSAG004779,1.0
lNONHSAG024146,0.0
lNONHSAG053033,1.0
lENSG00000227963,0.0
lNONHSAG047260,1.0
lLINC00333,0.0
lNONHSAG026854,0.0
lNONHSAG054807,1.0
lNONHSAG019158,0.0
lNONHSAG055258,1.0
lNONHSAG047725,1.0
lNONHSAG040560,0.0
lHOTAIRM1,1.0
lNONHSAG047182,0.0
lNONHSAG028713,1.0
lKTN1-AS1,1.0
lNONHSAG027709,0.0
lENSG00000198468,1.0
lNONHSAG006457,1.0
lNONHSAG026631,0.0
lNONHSAG003976,0.0
lNONHSAG074052,1.0
lRP11-467J12.4,0.0
lNONHSAG010194,1.0
lCTD-2165H16.4,1.0
lNONHSAG005780,0.0
lNONHSAG018420,1.0
lNONHSAG021408,0.0
lNONHSAG038060,0.0
lNONHSAG018180,1.0
lENSG00000224614,0.0
lNONHSAG032247,1.0
lNONHSAG051603,1.0
lNONHSAG022655,1.0
lNONHSAG053796,1.0
lNONHSAG013940,0.0
lNONHSAG019898,0.0
lNONHSAG034678,0.0
lNONHSAG035914,1.0
lNONHSAG005728,1.0
lNONHSAG000253,1.0
lRP11-104E19.1,0.0
lNONHSAG015163,1.0
lNONHSAG004743,1.0
lNONHSAG051517,1.0
lENSG00000261423,0.0
lNONHSAG042722,1.0
lNONHSAG003134,0.0
lRP11-108M9.3,0.0
lRP4-610C12.4,0.0
lNONHSAG029880,0.0
lENSG00000224167,1.0
lENSG00000233047,0.0
lNONHSAG010200,1.0
lLINC00472,1.0
lNONHSAG018621,0.0
lNONHSAG025137,0.0
lNONHSAG023630,0.0
lNONHSAG038001,1.0
lPANDAR,1.0
lNONHSAG026089,0.0
lNONHSAG015505,1.0
lNONHSAG041256,0.0
lNONHSAG042855,0.0
lNONHSAG047973,1.0
lNONHSAG048201,1.0
lNONHSAG046953,0.0
lNONHSAG023237,1.0
lENSG00000225855,1.0
lNONHSAG045430,0.0
lNONHSAG052510,0.0
lENSG00000179523,0.0
lNONHSAG049507,0.0
lNONHSAG018414,1.0
lNONHSAG026661,0.0
lNONHSAG039664,0.0
lNONHSAG021342,1.0
lNONHSAG014502,0.0
lRP11-2C24.4,0.0
lNONHSAG009193,1.0
lNONHSAG044406,1.0
lNONHSAG022836,1.0
lTRAM2-AS1,1.0
lNONHSAG046730,0.0
lNONHSAG030074,0.0
lNONHSAG000584,1.0
lNONHSAG071444,0.0
lNONHSAG007984,0.0
lNONHSAG047471,0.0
lNONHSAG034014,0.0
lNONHSAG027874,1.0
lNONHSAG024676,0.0
lNONHSAG033334,0.0
lPWAR6,0.0
lNONHSAG049050,1.0
lNONHSAG025157,0.0
lNONHSAG020374,1.0
lNONHSAG020990,1.0
lNONHSAG022335,1.0
lNONHSAG032724,1.0
lNONHSAG003504,1.0
lNONHSAG027482,1.0
lNONHSAG002086,1.0
lNONHSAG055546,1.0
lNONHSAG002058,1.0
lNONHSAG030244,0.0
lNONHSAG011230,0.0
lNONHSAG018372,1.0
lNONHSAG035456,1.0
lNONHSAG050167,0.0
lENSG00000234625,0.0
lNONHSAG029985,0.0
lNONHSAG008759,0.0
lNONHSAG046811,0.0
lNONHSAG018374,1.0
lNONHSAG003053,0.0
lNONHSAG049754,1.0
lNONHSAG051266,1.0
lNONHSAG015215,0.0
lNONHSAG029873,0.0
lLINC00174,1.0
lNONHSAG032297,1.0
lNONHSAG017899,0.0
lENSG00000286737,1.0
lNONHSAG049626,0.0
lNONHSAG018058,0.0
lNONHSAG040909,0.0
lNONHSAG024905,1.0
lNONHSAG026575,1.0
lLINC00173,1.0
lNONHSAG011439,0.0
lNONHSAG053590,0.0
lNONHSAG048641,1.0
lNONHSAG004303,0.0
lNONHSAG021309,0.0
lNONHSAG050104,0.0
lRP5-1160K1.8,0.0
lNONHSAG024224,0.0
lENSG00000230866,0.0
lNONHSAG018829,0.0
lNONHSAG006362,0.0
lNONHSAG044041,1.0
lNONHSAG008952,0.0
lNONHSAG069277,1.0
lNONHSAG043433,1.0
lNONHSAG052925,1.0
lNONHSAG031991,1.0
lNONHSAG002883,0.0
lNONHSAG027876,0.0
lNONHSAG021638,1.0
lNONHSAG002135,1.0
lNONHSAG013475,0.0
lNONHSAG016618,1.0
lNONHSAG018322,0.0
lNONHSAG000158,1.0
lNONHSAG044666,0.0
lNONHSAG036047,0.0
lNONHSAG021307,1.0
lDGKK,1.0
lNONHSAG032126,0.0
lNONHSAG024354,1.0
lNONHSAG024395,0.0
lNONHSAG034021,0.0
lNONHSAG002343,1.0
lNONHSAG018980,1.0
lNONHSAG011028,1.0
lNONHSAG022893,1.0
lNONHSAG025743,0.0
lNONHSAG009039,1.0
lNONHSAG079231,1.0
lNONHSAG038682,1.0
lNONHSAG043159,1.0
lKCTD21-AS1,1.0
lNONHSAG002490,0.0
lNONHSAG048057,0.0
lNONHSAG047840,1.0
lNONHSAG077551,0.0
lNONHSAG001238,1.0
lNONHSAG045131,0.0
lADAMTS9-AS2,0.0
lNONHSAG091452,0.0
lNONHSAG012791,1.0
lNONHSAG049185,1.0
lNONHSAG002376,1.0
lNONHSAG034316,0.0
lNONHSAG043550,1.0
lNONHSAG051523,0.0
lENSG00000257557,1.0
lNONHSAG092907,0.0
lNONHSAG025352,1.0
lNONHSAG048626,1.0
lNONHSAG025865,0.0
lMYLK-AS1,1.0
lENSG00000232265,0.0
lNONHSAG005920,0.0
lNONHSAG028948,0.0
lNONHSAG000918,1.0
lENSG00000233532,1.0
lNONHSAG052853,0.0
lNONHSAG021335,1.0
lNONHSAG069876,0.0
lNONHSAG017890,0.0
lNONHSAG064962,0.0
lENSG00000223783,0.0
lNONHSAG038397,1.0
lENSG00000257084,0.0
lNONHSAG041023,0.0
lNONHSAG051010,0.0
lNONHSAG051166,1.0
lNONHSAG029267,0.0
lNONHSAG032682,0.0
lNONHSAG020729,1.0
lNONHSAG101725,0.0
lENSG00000232500,1.0
lNONHSAG029124,0.0
lNONHSAG013060,1.0
lNONHSAG049129,1.0
lNONHSAG034527,1.0
lNONHSAG033342,1.0
lNONHSAG033170,1.0
lNONHSAG019711,0.0
lNONHSAG037082,0.0
lNONHSAG023051,1.0
lNONHSAG073786,1.0
lNONHSAG113761,1.0
lNONHSAG001247,1.0
lNONHSAG033121,1.0
lNONHSAG010416,0.0
lNONHSAG022125,1.0
lNONHSAG047507,0.0
lNONHSAG018416,1.0
lNONHSAG045163,0.0
lNONHSAG049119,1.0
lNONHSAG010179,1.0
lRP11-197N18.2,0.0
lINHBA-AS1,0.0
lNONHSAG024381,1.0
lNONHSAG103817,0.0
lNONHSAG024117,0.0
lNONHSAG055582,1.0
lNONHSAG001773,1.0
lNONHSAG036273,0.0
lMCM3AP-AS1,0.0
lNONHSAG099120,0.0
lNONHSAG021315,1.0
lNONHSAG052097,0.0
lNONHSAG038561,0.0
lNONHSAG016068,0.0
lNONHSAG041981,0.0
lNONHSAG021878,0.0
lNONHSAG033480,0.0
lANKRD62P1-PARP4P3,1.0
lNONHSAG084701,0.0
lENSG00000234169,0.0
lNONHSAG024921,0.0
lENSG00000260219,0.0
lNONHSAG028913,1.0
lNONHSAG020367,1.0
lNONHSAG025609,0.0
lNONHSAG010352,0.0
lNONHSAG003244,0.0
lNONHSAG018903,0.0
lHNRNPU-AS1,1.0
lENSG00000258197,1.0
lNONHSAG052933,0.0
lNONHSAG052492,0.0
lENSG00000228022,1.0
lNONHSAG024908,1.0
lENSG00000266970,1.0
lZNF503-AS2,1.0
lENSG00000249786,1.0
lNONHSAG029467,1.0
lNONHSAG018326,0.0
lNONHSAG012375,1.0
lNONHSAG023494,1.0
lNONHSAG019667,1.0
lNONHSAG038162,1.0
lNONHSAG019090,1.0
lNONHSAG038024,0.0
lENSG00000231019,1.0
lNONHSAG042306,0.0
lNONHSAG000625,1.0
lNONHSAG025483,0.0
lENSG00000249532,1.0
lNONHSAG049356,0.0
lNONHSAG013946,0.0
lNONHSAG033027,0.0
lNONHSAG006007,1.0
lNONHSAG010348,1.0
lENSG00000247400,1.0
lNONHSAG036255,0.0
lNONHSAG043625,1.0
lNONHSAG050815,0.0
lNONHSAG045383,0.0
lNONHSAG099742,1.0
lENSG00000236240,0.0
lNONHSAG012505,1.0
lNONHSAG035531,1.0
lNONHSAG048191,1.0
lNONHSAG014373,0.0
lNONHSAG008015,1.0
lNONHSAG014546,1.0
lCTC-338M12.2,1.0
lNONHSAG027110,0.0
lNONHSAG027323,0.0
lNONHSAG029792,1.0
lNONHSAG028817,0.0
lNONHSAG036115,0.0
lNONHSAG039293,1.0
lNONHSAG017379,0.0
lNONHSAG048781,0.0
lNONHSAG082891,0.0
lNONHSAG020616,1.0
lNONHSAG054212,1.0
lNONHSAG001375,0.0
lNONHSAG005711,0.0
lNONHSAG016486,0.0
lNONHSAG023837,0.0
lNONHSAG028045,1.0
lNONHSAG041758,1.0
lNONHSAG039654,0.0
lNONHSAG037073,0.0
lNONHSAG042080,1.0
lENSG00000254418,1.0
lNONHSAG027374,0.0
lENSG00000250635,0.0
lENSG00000254791,1.0
lNONHSAG030410,1.0
lNONHSAG023579,0.0
lNONHSAG056868,1.0
lNONHSAG028142,0.0
lNONHSAG053802,1.0
lNONHSAG029033,0.0
lNONHSAG042218,1.0
lNONHSAG048610,0.0
lNONHSAG016395,1.0
lNONHSAG026781,0.0
lNONHSAG046765,1.0
lNONHSAG026599,1.0
lNONHSAG003068,0.0
lNONHSAG003505,0.0
lNONHSAG045160,1.0
lENSG00000256769,0.0
lNONHSAG019852,0.0
lNONHSAG024925,0.0
lNONHSAG081993,1.0
lNONHSAG021347,1.0
lNONHSAG070257,1.0
lNONHSAG006204,1.0
lNONHSAG050725,0.0
lRP4-756H11.3,0.0
lNONHSAG084832,0.0
lNONHSAG004013,0.0
lNONHSAG077527,0.0
lNONHSAG033298,1.0
lNONHSAG006945,0.0
lNONHSAG042270,1.0
lNONHSAG039319,1.0
lNONHSAG003512,1.0
lENSG00000242207,1.0
lNONHSAG050670,0.0
lNONHSAG049037,1.0
lRP11-680A11.5,0.0
lNONHSAG025939,0.0
lNONHSAG020339,1.0
lNONHSAG033107,0.0
lNONHSAG036407,0.0
lNONHSAG040692,1.0
lNONHSAG026153,0.0
lNONHSAG008540,0.0
lNONHSAG023864,1.0
lNONHSAG024923,0.0
lNONHSAG029958,1.0
lNONHSAG077475,0.0
lNONHSAG009782,0.0
lNONHSAG033224,1.0
lNONHSAG002359,1.0
lNONHSAG023607,1.0
lNONHSAG009757,1.0
lNONHSAG056029,0.0
lNONHSAG051250,1.0
lENSG00000246560,1.0
lNONHSAG012297,1.0
lNONHSAG051263,0.0
lNONHSAG004054,0.0
lNONHSAG019439,0.0
lNONHSAG024913,1.0
lNONHSAG014130,1.0
lA1BG-AS1,1.0
lNONHSAG011935,1.0
lPCGEM1,1.0
lNONHSAG026794,0.0
lNONHSAG007692,0.0
lNONHSAG022551,0.0
lNONHSAG025964,0.0
lNONHSAG037137,1.0
lNONHSAG008693,0.0
lNONHSAG031035,0.0
lNONHSAG041528,1.0
lNONHSAG052454,0.0
lNONHSAG036866,1.0
lNONHSAG036926,0.0
lNONHSAG008589,0.0
lNONHSAG083289,0.0
lNONHSAG021698,0.0
lNONHSAG056053,1.0
lNONHSAG094269,1.0
lNONHSAG102572,0.0
lNONHSAG093517,0.0
lNONHSAG048603,0.0
lNONHSAG051542,1.0
lNONHSAG037827,0.0
lNONHSAG012099,1.0
lNONHSAG020403,1.0
lNONHSAG020957,0.0
lNONHSAG000374,1.0
lNONHSAG025485,1.0
lNONHSAG029961,1.0
lNONHSAG019848,1.0
lNONHSAG028112,0.0
lASMTL-AS1,1.0
lNONHSAG019021,1.0
lNONHSAG021882,0.0
lNONHSAG017417,0.0
lENSG00000264672,0.0
lNONHSAG044624,1.0
lNONHSAG035103,1.0
lNONHSAG021433,1.0
lNONHSAG040179,0.0
lNONHSAG035916,0.0
lNONHSAG040859,1.0
lNONHSAG110420,1.0
lNONHSAG023964,1.0
lNONHSAG012617,1.0
lRP11-24P14.1,1.0
lNONHSAG019270,0.0
lNONHSAG042050,1.0
lNONHSAG000863,0.0
lNONHSAG038091,0.0
lNONHSAG040329,0.0
lNONHSAG053456,1.0
lNONHSAG047197,1.0
lNONHSAG069030,1.0
lNONHSAG019031,1.0
lNONHSAG008354,0.0
lNONHSAG004868,1.0
lLA16c-380H5.3,0.0
lNONHSAG007602,0.0
lENSG00000278709,0.0
lNONHSAG016118,1.0
lNONHSAG052709,1.0
lNONHSAG083209,1.0
lMIR181A1HG,0.0
lNONHSAG042970,1.0
lNONHSAG052495,0.0
lNONHSAG072945,0.0
lNONHSAG027278,0.0
lNONHSAG030516,1.0
lCTD-2231H16.1,1.0
lNONHSAG013708,1.0
lNONHSAG036667,0.0
lENSG00000284070,1.0
lNONHSAG048623,0.0
lNONHSAG005482,1.0
lNONHSAG006301,0.0
lNONHSAG050929,0.0
lNONHSAG048682,0.0
lZNF286B,1.0
lENSG00000259289,1.0
lNONHSAG053007,0.0
lLA16c-321D4.2,1.0
lNONHSAG036615,1.0
lNONHSAG047830,0.0
lNONHSAG018341,0.0
lNONHSAG020153,0.0
lNONHSAG043250,0.0
lNONHSAG025867,1.0
lNONHSAG058118,0.0
lNONHSAG042033,0.0
lNONHSAG104186,0.0
lNONHSAG020107,1.0
lNONHSAG056875,0.0
lNONHSAG041250,1.0
lRP11-54O7.3,0.0
lNONHSAG002719,0.0
lNONHSAG025135,1.0
lNONHSAG006238,0.0
lNONHSAG042957,0.0
lENSG00000267296,1.0
lNONHSAG009544,1.0
lNONHSAG006735,1.0
lNONHSAG010792,1.0
lNONHSAG020273,0.0
lNONHSAG044751,1.0
lNONHSAG035287,0.0
lENSG00000255363,1.0
lNONHSAG019051,1.0
lLINC00240,1.0
lNONHSAG016822,1.0
lNONHSAG022510,1.0
lNONHSAG055092,0.0
lNONHSAG020075,0.0
lNONHSAG018709,1.0
lNONHSAG033390,1.0
lNONHSAG049421,0.0
lNONHSAG043303,0.0
lNONHSAG061492,1.0
lNONHSAG025934,0.0
lNONHSAG037348,0.0
lNONHSAG029377,0.0
lCTB-60B18.10,0.0
lCRNDE,0.0
lNONHSAG018236,0.0
lNONHSAG020321,1.0
lNONHSAG053082,1.0
lNONHSAG022088,0.0
lNONHSAG027276,1.0
lNONHSAG010405,1.0
lNONHSAG037241,1.0
lNONHSAG001993,0.0
lNONHSAG042257,1.0
lLAMTOR5-AS1,1.0
lNONHSAG000840,0.0
lNONHSAG052119,0.0
lNONHSAG047951,0.0
lENSG00000247095,1.0
lNONHSAG008552,1.0
lNONHSAG005838,1.0
lNONHSAG000195,1.0
lNONHSAG033810,1.0
lNONHSAG003156,1.0
lNONHSAG031481,1.0
lNONHSAG012751,1.0
lNONHSAG033254,0.0
lNONHSAG052179,1.0
lNONHSAG003645,0.0
lNONHSAG006526,1.0
lNONHSAG032560,1.0
lNONHSAG028918,1.0
lNONHSAG009124,1.0
lNONHSAG015352,1.0
lRP11-672A2.1,0.0
lNONHSAG011854,0.0
lENSG00000236671,1.0
lNONHSAG026091,1.0
lNONHSAG025185,1.0
lNONHSAG041938,0.0
lBANCR,1.0
lNONHSAG017666,1.0
lNONHSAG098653,1.0
lNONHSAG024364,1.0
lNONHSAG042132,1.0
lNONHSAG001278,1.0
lNONHSAG000843,1.0
lNONHSAG045306,1.0
lNONHSAG011070,0.0
lENSG00000267858,0.0
lNONHSAG022972,0.0
lNONHSAG034973,1.0
lNONHSAG000938,0.0
lNONHSAG012540,1.0
lNONHSAG020260,1.0
lNONHSAG021557,0.0
lNONHSAG012025,1.0
lNONHSAG007983,1.0
lNONHSAG009938,1.0
lNONHSAG096627,0.0
lNONHSAG044429,1.0
lNONHSAG019370,0.0
lNONHSAG036718,1.0
lNONHSAG003198,1.0
lNONHSAG012367,0.0
lNONHSAG006756,0.0
lNONHSAG030738,1.0
lNONHSAG020600,0.0
lNONHSAG052726,1.0
lNONHSAG009546,0.0
lNONHSAG009130,0.0
lNONHSAG024979,0.0
lNONHSAG006477,0.0
lNONHSAG009174,0.0
lNONHSAG002549,1.0
lGATA6-AS1,0.0
lNONHSAG012614,0.0
lNONHSAG033471,0.0
lNONHSAG007430,1.0
lNONHSAG047851,1.0
lNONHSAG052686,0.0
lNONHSAG019569,1.0
lNONHSAG049051,0.0
lNONHSAG016307,0.0
lNONHSAG013917,1.0
lRP11-21J18.1,0.0
lNONHSAG000381,1.0
lNONHSAG022595,1.0
lNONHSAG094075,0.0
lNONHSAG012339,0.0
lNONHSAG000498,0.0
lNONHSAG093078,1.0
lNONHSAG038675,1.0
lNONHSAG023740,0.0
lENSG00000189295,0.0
lNONHSAG026737,1.0
lNONHSAG096227,0.0
lNONHSAG037096,1.0
lNONHSAG018203,1.0
lENSG00000234222,0.0
lNONHSAG016487,0.0
lNONHSAG011375,0.0
lNONHSAG035806,0.0
lNONHSAG002378,1.0
lNONHSAG003820,1.0
lENSG00000255553,0.0
lNONHSAG003119,0.0
lNONHSAG054717,1.0
lNONHSAG032063,0.0
lAC137932.5,0.0
lNONHSAG031913,0.0
lNONHSAG020066,1.0
lENSG00000230046,0.0
lNONHSAG039951,0.0
lNONHSAG031636,1.0
lNONHSAG033645,1.0
lNONHSAG006966,0.0
lNONHSAG008728,1.0
lNONHSAG020307,1.0
lNONHSAG015788,0.0
lNONHSAG039147,0.0
lNONHSAG020771,1.0
lNONHSAG048695,1.0
lNONHSAG041241,0.0
lNONHSAG053014,0.0
lNONHSAG010543,1.0
lNONHSAG007961,1.0
lNONHSAG009755,1.0
lNONHSAG015961,1.0
lNONHSAG024244,1.0
lAC061992.2,1.0
lNONHSAG048464,0.0
lENSG00000255427,0.0
lNONHSAG048439,1.0
lNONHSAG039637,1.0
lNONHSAG047319,0.0
lNONHSAG052609,0.0
lNONHSAG006050,1.0
lRP11-495P10.8,1.0
lNONHSAG073406,1.0
lNONHSAG009134,0.0
lNONHSAG030304,1.0
lCDKN2B-AS1,0.0
lNONHSAG051015,0.0
lNONHSAG009062,1.0
lNONHSAG033352,1.0
lNONHSAG007631,0.0
lNONHSAG031261,1.0
lENSG00000225506,1.0
lNONHSAG059768,0.0
lNONHSAG002752,1.0
lNONHSAG022690,0.0
lNONHSAG014562,0.0
lNONHSAG050284,0.0
lNONHSAG032309,1.0
lNONHSAG005732,1.0
lNONHSAG055088,0.0
lNONHSAG034492,0.0
lNONHSAG040729,0.0
lNONHSAG042991,0.0
lNONHSAG050786,0.0
lNONHSAG012534,0.0
lRP11-429J17.8,1.0
lNONHSAG032312,0.0
lNONHSAG000769,0.0
lRP11-276H7.2,0.0
lNONHSAG033735,0.0
lNONHSAG049157,1.0
lNONHSAG033748,0.0
lNONHSAG053716,1.0
lNONHSAG018415,1.0
lNONHSAG018586,1.0
lNONHSAG048270,0.0
lNONHSAG036612,0.0
lNONHSAG052931,0.0
lENSG00000235535,0.0
lNONHSAG048598,0.0
lNONHSAG020869,0.0
lNONHSAG019967,0.0
lNONHSAG020091,1.0
lNONHSAG052149,0.0
lNONHSAG053500,1.0
lNONHSAG013534,1.0
lNONHSAG025997,0.0
lAC007009.1,0.0
lNONHSAG037946,1.0
lNONHSAG089857,0.0
lNONHSAG023668,1.0
lNONHSAG040601,1.0
lNONHSAG000464,0.0
lENSG00000227082,1.0
lNONHSAG044022,1.0
lNONHSAG033862,0.0
lNONHSAG039669,1.0
lNONHSAG029962,0.0
lNONHSAG021410,1.0
lENSG00000247373,1.0
lNONHSAG023512,1.0
lLL22NC03-23C6.13,1.0
lNONHSAG009059,1.0
lLINC00035,1.0
lNONHSAG031452,1.0
lNONHSAG003938,0.0
lENSG00000278970,0.0
lNONHSAG012077,1.0
lNONHSAG013109,1.0
lNONHSAG032664,0.0
lNONHSAG024341,0.0
lNONHSAG054791,0.0
lENSG00000267413,0.0
lNONHSAG022750,0.0
lENSG00000249835,1.0
lNONHSAG000130,0.0
lENSG00000205611,1.0
lNONHSAG000311,1.0
lNONHSAG056025,1.0
lNONHSAG010021,1.0
lMEG3,0.0
lNONHSAG014112,1.0
lENSG00000261780,0.0
lNONHSAG022110,0.0
lNONHSAG005084,0.0
lNONHSAG083615,1.0
lKB-7G2.8,0.0
lNONHSAG000059,0.0
lNONHSAG027421,1.0
lNONHSAG011084,1.0
lNONHSAG053108,1.0
lENSG00000286004,1.0
lNONHSAG000484,1.0
lNONHSAG014098,0.0
lNONHSAG000742,0.0
lNONHSAG000884,1.0
lNONHSAG048231,0.0
lNONHSAG051958,0.0
lENSG00000265374,1.0
lNONHSAG047842,0.0
lNONHSAG021471,0.0
lNONHSAG031565,0.0
lNONHSAG055565,1.0
lNONHSAG023635,0.0
lNONHSAG055418,0.0
lNONHSAG024671,1.0
lNONHSAG029960,0.0
lNONHSAG103457,0.0
lNONHSAG040241,1.0
lNONHSAG049303,0.0
lNONHSAG013431,1.0
lRP11-264B17.3,1.0
lHOXA-AS3,0.0
lNONHSAG058006,0.0
lENSG00000230061,0.0
lNONHSAG021893,0.0
lNONHSAG009228,0.0
lNONHSAG013730,1.0
lNONHSAG051245,0.0
lNONHSAG023614,1.0
lNONHSAG050168,1.0
lNONHSAG091284,1.0
lNONHSAG023885,1.0
lNONHSAG015454,0.0
lNONHSAG021820,1.0
lNONHSAG003077,1.0
lENSG00000177410,1.0
lNONHSAG033691,0.0
lNONHSAG001259,1.0
lNONHSAG010189,0.0
lENSG00000235724,1.0
lNONHSAG011446,1.0
lNONHSAG021909,1.0
lNONHSAG001448,0.0
lNONHSAG019079,0.0
lENSG00000255850,1.0
lNONHSAG050345,1.0
lNONHSAG023553,1.0
lENSG00000288080,0.0
lNONHSAG000603,0.0
lNONHSAG032750,0.0
lNONHSAG099126,1.0
lENSG00000237167,1.0
lNONHSAG026720,1.0
lNONHSAG024540,1.0
lNONHSAG024391,0.0
lNONHSAG052459,1.0
lNONHSAG025864,0.0
lNONHSAG009945,0.0
lNONHSAG009180,1.0
lNONHSAG003886,1.0
lNONHSAG011633,1.0
lNONHSAG040804,1.0
lNONHSAG031123,0.0
lNONHSAG018313,1.0
lNONHSAG040481,1.0
lNONHSAG039634,1.0
lNONHSAG030742,1.0
lNONHSAG036054,1.0
lNONHSAG009613,1.0
lNONHSAG035382,0.0
lNONHSAG040320,0.0
lNONHSAG004674,0.0
lNONHSAG018656,0.0
lENSG00000281189,0.0
lNONHSAG017567,0.0
lNONHSAG009133,1.0
lNONHSAG014267,1.0
lNONHSAG042724,1.0
lAC018766.4,0.0
lNONHSAG051260,0.0
lNONHSAG017767,0.0
lNONHSAG027675,1.0
lNONHSAG048624,0.0
lNONHSAG041844,0.0
lNONHSAG003260,0.0
lNONHSAG030129,1.0
lNONHSAG031581,1.0
lNONHSAG033528,1.0
lENSG00000267440,0.0
lNONHSAG052511,0.0
lNONHSAG005742,0.0
lNONHSAG005866,1.0
lNONHSAG048354,0.0
lNONHSAG024393,1.0
lNONHSAG021846,1.0
lNONHSAG002978,1.0
lNONHSAG033100,1.0
lNONHSAG010986,1.0
lNONHSAG011524,1.0
lNONHSAG013095,1.0
lNONHSAG022103,0.0
lNONHSAG051196,1.0
lRP11-137H2.4,1.0
lNONHSAG007109,0.0
lNONHSAG002617,1.0
lNONHSAG034508,1.0
lNONHSAG006454,1.0
lNONHSAG007431,1.0
lNONHSAG048602,1.0
lNONHSAG029956,1.0
lRP1-283E3.8,0.0
lNONHSAG001941,1.0
lNONHSAG020474,1.0
lTEN1-CDK3,0.0
lAC004840.8,0.0
lNONHSAG003269,1.0
lNONHSAG008615,1.0
lNONHSAG022806,0.0
lAL928742.12,0.0
lNONHSAG032735,1.0
lNONHSAG036413,0.0
lNONHSAG022888,1.0
lNONHSAG029830,1.0
lNONHSAG011790,1.0
lNONHSAG040269,0.0
lENSG00000266402,0.0
lNONHSAG016576,1.0
lNONHSAG017344,0.0
lNONHSAG110858,0.0
lNONHSAG016021,0.0
lNONHSAG018889,1.0
lNONHSAG001142,0.0
lNONHSAG023633,1.0
lNONHSAG049191,0.0
lNONHSAG022094,1.0
lNONHSAG006772,0.0
lNONHSAG016893,0.0
lNONHSAG042500,1.0
lNONHSAG057043,1.0
lNONHSAG047433,1.0
lNONHSAG020155,1.0
lENSG00000171889,0.0
lNONHSAG026386,1.0
lNONHSAG034935,0.0
lNONHSAG027694,0.0
lCTB-91J4.1,0.0
lNONHSAG051898,0.0
lNONHSAG005699,0.0
lENSG00000270084,1.0
lNONHSAG051567,1.0
lNONHSAG007434,0.0
lZFAS1,0.0
lNONHSAG014496,0.0
lCTD-2195B23.3,1.0
lNONHSAG037891,1.0
lRP5-1063M23.1,0.0
lNONHSAG006865,0.0
lNONHSAG006212,1.0
lENSG00000259424,1.0
lNONHSAG048817,1.0
lNONHSAG024282,1.0
lNONHSAG002056,1.0
lNONHSAG051514,1.0
lGHET1,1.0
lNONHSAG057260,0.0
lSNHG15,0.0
lNONHSAG081227,1.0
lNONHSAG041966,0.0
lNONHSAG093064,1.0
lENSG00000269939,0.0
lNONHSAG024809,1.0
lNONHSAG005339,0.0
lNONHSAG031425,1.0
lNONHSAG008670,0.0
lNONHSAG022378,0.0
lNONHSAG018344,0.0
lNONHSAG015623,0.0
lNONHSAG020762,0.0
lNONHSAG014891,1.0
lNONHSAG018707,0.0
lNONHSAG009968,0.0
lNONHSAG030333,1.0
lRP11-243J18.2,0.0
lNONHSAG051568,1.0
lNONHSAG008517,0.0
lNONHSAG018054,1.0
lNONHSAG007295,1.0
lNONHSAG037061,1.0
lNONHSAG051454,0.0
lNONHSAG053028,1.0
lENSG00000241388,0.0
lNONHSAG039617,0.0
lNONHSAG033168,1.0
lNONHSAG035919,1.0
lNONHSAG099774,1.0
lNONHSAG023375,1.0
lNONHSAG024361,0.0
lNONHSAG021400,1.0
lNONHSAG000967,1.0
lNONHSAG014730,1.0
lNONHSAG025744,1.0
lNONHSAG041716,0.0
lENSG00000224057,0.0
lNONHSAG052082,0.0
lNONHSAG051259,0.0
lNONHSAG022982,1.0
lNONHSAG028159,0.0
lNONHSAG047543,0.0
lNONHSAG057222,1.0
lNONHSAG002669,0.0
lRP11-100F15.1,1.0
lNONHSAG094129,0.0
lSLC2A1-AS1,0.0
lNONHSAG017232,0.0
lNONHSAG022009,1.0
lNONHSAG033328,0.0
lAP001058.3,0.0
lNONHSAG019115,1.0
lNONHSAG019023,0.0
lNONHSAG023073,1.0
lRMST,0.0
lENSG00000230400,1.0
lNONHSAG029957,1.0
lNONHSAG036412,0.0
lNONHSAG001724,0.0
lNONHSAG014679,0.0
lENSG00000245614,1.0
lNONHSAG035923,1.0
lNONHSAG021760,0.0
lNONHSAG012076,1.0
lENSG00000229335,1.0
lNONHSAG044533,0.0
lENSG00000203497,1.0
lENSG00000233590,0.0
lXXbac-BPG300A18.13,0.0
lNONHSAG022127,0.0
lNONHSAG050273,1.0
lNONHSAG021431,0.0
lNONHSAG053748,1.0
lNONHSAG020281,0.0
lNONHSAG031900,1.0
lENSG00000253315,0.0
lNONHSAG020372,0.0
lNONHSAG034217,0.0
lENSG00000229388,0.0
lNONHSAG054215,0.0
lTPTEP1,0.0
lENSG00000269019,0.0
lNONHSAG111667,0.0
lNONHSAG032537,0.0
lNONHSAG012594,1.0
lNONHSAG038343,0.0
lNONHSAG053546,1.0
lNONHSAG073419,0.0
lNONHSAG019134,0.0
lNONHSAG032748,1.0
lNONHSAG023003,0.0
lENSG00000232415,0.0
lLINC00514,0.0
lNONHSAG034846,1.0
lNONHSAG048114,1.0
lNONHSAG010658,0.0
lNONHSAG074661,1.0
lNONHSAG004714,0.0
lNONHSAG026103,0.0
lNONHSAG021370,1.0
lNONHSAG008199,0.0
lENSG00000256742,0.0
lNONHSAG015723,1.0
lENSG00000224078,0.0
lNONHSAG036120,0.0
lNONHSAG065364,1.0
lNONHSAG027682,0.0
lENSG00000236535,1.0
lCCAT2,0.0
lENSG00000285644,0.0
lNONHSAG020252,0.0
lENSG00000229267,1.0
lXXbac-B444P24.8,0.0
lNONHSAG003900,0.0
lNONHSAG037936,1.0
lNONHSAG048228,0.0
lENSG00000226115,1.0
lNONHSAG023387,1.0
lNONHSAG091943,1.0
lNONHSAG001696,0.0
lNONHSAG055558,1.0
lNONHSAG041257,1.0
lNONHSAG065252,0.0
lNONHSAG008167,0.0
lNONHSAG026053,1.0
lNONHSAG015044,1.0
lENSG00000198221,1.0
lNONHSAG052046,1.0
lNONHSAG053499,0.0
lNONHSAG019814,0.0
lNONHSAG030278,0.0
lNONHSAG014362,0.0
lNONHSAG020223,0.0
lNONHSAG023888,1.0
lNONHSAG042307,0.0
lENSG00000243479,1.0
lNONHSAG043592,1.0
lNONHSAG026743,1.0
lNONHSAG048323,0.0
lNONHSAG048189,1.0
lNONHSAG017882,0.0
lNONHSAG006071,0.0
lNONHSAG033611,0.0
lNONHSAG054038,1.0
lNONHSAG081583,0.0
lNONHSAG006474,0.0
lENSG00000260455,1.0
lNONHSAG030279,0.0
lNONHSAG021566,1.0
lNONHSAG034417,1.0
lNONHSAG036403,1.0
lSRP14-AS1,1.0
lNONHSAG068402,1.0
lGATA3-AS1,0.0
lNONHSAG011121,0.0
lNONHSAG019332,0.0
lNONHSAG054214,0.0
lCTA-250D10.23,1.0
lNONHSAG022327,0.0
lENSG00000233387,0.0
lNONHSAG020053,0.0
lNONHSAG050985,0.0
lNONHSAG023049,1.0
lLPP-AS2,1.0
lENSG00000260969,1.0
lNONHSAG058967,1.0
lPVT1,1.0
lNONHSAG066253,0.0
lFEZF1-AS1,0.0
lNONHSAG053419,0.0
lENSG00000103472,0.0
lENSG00000245067,1.0
lNONHSAG008937,1.0
lNONHSAG004305,1.0
lNONHSAG103259,0.0
lNONHSAG047619,0.0
lNONHSAG053651,1.0
lNONHSAG024826,0.0
lNONHSAG022328,1.0
lNONHSAG024818,1.0
lNONHSAG043229,1.0
lNONHSAG052943,1.0
lNONHSAG046839,1.0
lNONHSAG022579,1.0
lRP11-49K24.4,1.0
lNONHSAG035568,0.0
lNONHSAG097344,1.0
lENSG00000237880,1.0
lNONHSAG005377,1.0
lNONHSAG039749,1.0
lNONHSAG054832,1.0
lNONHSAG000241,1.0
lNONHSAG039295,1.0
lNONHSAG021641,1.0
lNONHSAG049801,0.0
lNONHSAG015591,0.0
lNONHSAG001468,1.0
lNONHSAG040958,0.0
lNONHSAG033348,0.0
lNONHSAG048101,1.0
lRP11-514P8.8,1.0
lNONHSAG028141,1.0
lNONHSAG010190,0.0
lNONHSAG012303,1.0
lNONHSAG040542,1.0
lNONHSAG020382,0.0
lNONHSAG001513,0.0
lNONHSAG028820,1.0
lNONHSAG050445,0.0
lNONHSAG042476,0.0
lRP11-550C4.6,1.0
lNONHSAG012476,1.0
lNONHSAG000069,0.0
lNONHSAG054216,0.0
lNONHSAG036783,1.0
lENSG00000229331,1.0
lENSG00000231760,1.0
lENSG00000231597,1.0
lENSG00000197644,1.0
lENSG00000237331,1.0
lENSG00000261070,0.0
lENSG00000235813,0.0
lENSG00000230233,0.0
lENSG00000253456,1.0
lENSG00000242391,1.0
lNONHSAG005760,0.0
lENSG00000265474,1.0
lENSG00000269950,1.0
lENSG00000248148,1.0
lNONHSAG006909,0.0
lENSG00000253717,0.0
lENSG00000242861,1.0
lENSG00000286670,0.0
lENSG00000284500,0.0
lENSG00000287321,0.0
lENSG00000223379,0.0
lENSG00000226647,1.0
lENSG00000264254,1.0
lENSG00000236453,0.0
lENSG00000249753,0.0
lENSG00000257904,0.0
lENSG00000226143,1.0
lENSG00000249099,1.0
lENSG00000224277,0.0
lENSG00000225325,1.0
lENSG00000235337,1.0
lENSG00000278202,1.0
lNONHSAG006314,0.0
lENSG00000228470,0.0
lENSG00000257634,0.0
lNONHSAG006405,0.0
lENSG00000237576,1.0
lENSG00000234160,1.0
lENSG00000253619,0.0
lENSG00000259007,1.0
lENSG00000286740,1.0
lENSG00000236452,1.0
lENSG00000267057,0.0
lENSG00000234979,1.0
lENSG00000226601,0.0
lENSG00000287108,0.0
lENSG00000227579,0.0
lNONHSAG000298,1.0
lENSG00000254428,1.0
lENSG00000286588,0.0
lENSG00000259432,1.0
lNONHSAG000636,0.0
lNONHSAG006399,0.0
lNONHSAG007278,0.0
lENSG00000266535,0.0
lENSG00000226883,0.0
lENSG00000227197,0.0
lENSG00000256897,0.0
lNONHSAG007103,1.0
lENSG00000233891,1.0
lENSG00000267255,1.0
lENSG00000224645,1.0
lENSG00000254306,0.0
lENSG00000258313,0.0
lENSG00000248758,1.0
lENSG00000224220,0.0
lENSG00000264151,1.0
lENSG00000232710,0.0
lENSG00000226486,1.0
lENSG00000226442,1.0
lNONHSAG005747,1.0
lENSG00000258451,0.0
lNONHSAG001240,1.0
lENSG00000254928,0.0
lENSG00000229528,0.0
lENSG00000234172,1.0
lENSG00000263797,0.0
lMIR3179-2,1.0
lENSG00000258234,1.0
lNONHSAG006091,1.0
lENSG00000236662,1.0
lENSG00000257381,0.0
lENSG00000231953,1.0
lENSG00000233969,0.0
lENSG00000231912,1.0
lENSG00000227496,0.0
lNONHSAG006883,0.0
lENSG00000236828,1.0
lNONHSAG005830,0.0
lENSG00000286698,1.0
lENSG00000272072,0.0
lNONHSAG006554,0.0
lENSG00000249297,1.0
lENSG00000260454,0.0
lNONHSAG006976,1.0
lENSG00000237015,1.0
lENSG00000257997,0.0
lENSG00000242795,1.0
lNONHSAG006915,1.0
lENSG00000257137,1.0
lENSG00000287285,0.0
lENSG00000285889,0.0
lENSG00000273449,0.0
lENSG00000268166,0.0
lENSG00000254846,0.0
lENSG00000236366,1.0
lNONHSAG001613,0.0
lENSG00000266696,1.0
lENSG00000234953,1.0
lENSG00000259255,0.0
lENSG00000230197,1.0
lENSG00000239415,0.0
lENSG00000229679,1.0
lENSG00000250865,0.0
lENSG00000262434,0.0
lENSG00000267177,0.0
lENSG00000248789,1.0
lENSG00000254263,0.0
lENSG00000269802,1.0
lENSG00000253871,1.0
lENSG00000255167,0.0
lENSG00000230483,1.0
lENSG00000258196,1.0
lENSG00000233985,0.0
lNONHSAG007268,1.0
lENSG00000259659,1.0
lENSG00000286715,0.0
lNONHSAG006493,0.0
lENSG00000222000,0.0
lENSG00000242012,1.0
lENSG00000273403,0.0
lENSG00000278351,0.0
lENSG00000248373,0.0
lENSG00000275871,0.0
lENSG00000278630,1.0
lENSG00000251088,0.0
lENSG00000244620,1.0
lENSG00000253645,0.0
lENSG00000235168,0.0
lENSG00000259026,0.0
lNONHSAG007166,1.0
lNONHSAG007563,1.0
lENSG00000232636,0.0
lENSG00000286770,1.0
lENSG00000256448,1.0
lENSG00000237058,1.0
lENSG00000253577,0.0
lNONHSAG006434,0.0
lNONHSAG002726,1.0
lENSG00000261552,0.0
lENSG00000248397,1.0
lNONHSAG007414,1.0
lNONHSAG005746,0.0
lENSG00000249114,0.0
lENSG00000227680,1.0
lENSG00000264116,0.0
lENSG00000248935,0.0
lENSG00000236065,0.0
lENSG00000229454,0.0
lNONHSAG006855,0.0
lNONHSAG004638,0.0
lENSG00000273493,1.0
lNONHSAG007118,0.0
lNONHSAG005725,0.0
lENSG00000254033,1.0
lENSG00000254879,1.0
lENSG00000235637,1.0
lENSG00000250761,1.0
lENSG00000229152,0.0
lNONHSAG005851,0.0
lENSG00000250646,1.0
lENSG00000223727,1.0
lENSG00000259805,0.0
lENSG00000230234,1.0
lNONHSAG005761,0.0
lENSG00000254739,0.0
lENSG00000267615,1.0
lENSG00000283457,1.0
lENSG00000230600,1.0
lENSG00000249547,1.0
lENSG00000254043,0.0
lENSG00000267617,1.0
lENSG00000255555,1.0
lENSG00000205018,0.0
lENSG00000225457,0.0
lNONHSAG005690,0.0
lENSG00000259188,0.0
lENSG00000228485,0.0
lENSG00000236242,1.0
lENSG00000261243,0.0
lENSG00000251283,1.0
lENSG00000243961,1.0
lNONHSAG001014,0.0
lENSG00000255325,0.0
lENSG00000273486,1.0
lENSG00000253397,0.0
lENSG00000264734,1.0
lENSG00000269729,0.0
lENSG00000285780,1.0
lENSG00000232596,1.0
lENSG00000250877,1.0
lENSG00000268069,1.0
lENSG00000254990,1.0
lENSG00000267593,0.0
lENSG00000279623,0.0
lENSG00000286803,0.0
lENSG00000255227,1.0
lENSG00000260186,0.0
lENSG00000233178,0.0
lENSG00000280206,1.0
lENSG00000244327,1.0
lENSG00000266153,1.0
lNONHSAG007172,1.0
lENSG00000287587,0.0
lENSG00000259202,1.0
lENSG00000236744,1.0
lENSG00000287518,0.0
lNONHSAG005936,1.0
lENSG00000083622,0.0
lNONHSAG006324,0.0
lENSG00000241593,1.0
lENSG00000285409,1.0
lENSG00000231092,1.0
lENSG00000286850,0.0
lENSG00000286194,0.0
lENSG00000233070,0.0
lENSG00000227459,1.0
lENSG00000258944,1.0
lENSG00000277639,0.0
lENSG00000261671,1.0
lENSG00000287456,1.0
lENSG00000253627,0.0
lENSG00000249806,1.0
lENSG00000249706,0.0
lENSG00000275345,1.0
lENSG00000259544,1.0
lENSG00000286197,0.0
lNONHSAG005847,1.0
lENSG00000286474,0.0
lENSG00000235262,0.0
lENSG00000260970,0.0
lENSG00000287660,1.0
lENSG00000286018,0.0
lENSG00000253880,1.0
lENSG00000225919,1.0
lENSG00000232056,1.0
lENSG00000266877,1.0
lNONHSAG004475,0.0
lENSG00000285619,1.0
lENSG00000287423,1.0
lENSG00000264520,0.0
lENSG00000230109,0.0
lENSG00000255506,1.0
lENSG00000286206,1.0
lENSG00000234626,1.0
lENSG00000254921,0.0
lENSG00000268605,1.0
lENSG00000239801,1.0
lENSG00000265443,0.0
lENSG00000285550,1.0
lNONHSAG006382,1.0
lENSG00000235494,0.0
lENSG00000285654,1.0
lENSG00000224384,0.0
lENSG00000273550,1.0
lENSG00000256292,1.0
lNONHSAG006765,0.0
lNONHSAG006221,0.0
lENSG00000265994,1.0
lENSG00000258826,1.0
lENSG00000236559,0.0
lENSG00000267521,1.0
lENSG00000286050,0.0
lENSG00000223809,1.0
lENSG00000231539,0.0
lENSG00000225378,0.0
lENSG00000272742,1.0
lENSG00000268203,0.0
lNONHSAG007621,0.0
lENSG00000233534,0.0
lNONHSAG001028,1.0
lENSG00000256209,0.0
lENSG00000232120,1.0
lENSG00000271787,1.0
lENSG00000231114,0.0
lNONHSAG006808,0.0
lENSG00000227076,1.0
lENSG00000224972,1.0
lENSG00000257264,0.0
lENSG00000265359,1.0
lENSG00000253701,0.0
lENSG00000284418,1.0
lENSG00000259407,0.0
lENSG00000233472,0.0
lENSG00000251185,1.0
lENSG00000239482,0.0
lENSG00000255580,0.0
lENSG00000260605,0.0
lENSG00000259351,1.0
lENSG00000267274,0.0
lNONHSAG007574,1.0
lENSG00000255327,1.0
lENSG00000232893,0.0
lENSG00000286908,0.0
lENSG00000230121,1.0
lENSG00000264023,0.0
lENSG00000250186,0.0
lENSG00000254604,1.0
lENSG00000234961,1.0
lENSG00000257165,1.0
lNONHSAG007286,1.0
lENSG00000259268,1.0
lNONHSAG006536,1.0
lENSG00000253722,0.0
lENSG00000286164,1.0
lENSG00000266981,0.0
lENSG00000287020,0.0
lENSG00000224031,0.0
lENSG00000253134,1.0
lENSG00000257022,1.0
lNONHSAG006653,0.0
lENSG00000255041,0.0
lENSG00000226562,1.0
lENSG00000236723,1.0
lENSG00000233953,1.0
lENSG00000253782,0.0
lENSG00000287381,0.0
lNONHSAG005717,0.0
lENSG00000261445,1.0
lENSG00000245385,1.0
lNONHSAG006889,0.0
lENSG00000257715,0.0
lENSG00000228261,0.0
lENSG00000257603,1.0
lENSG00000267263,0.0
lNONHSAG007020,1.0
lNONHSAG006750,1.0
lENSG00000269044,0.0
lENSG00000265125,1.0
lENSG00000232252,1.0
lENSG00000250698,0.0
lENSG00000255343,0.0
lENSG00000258631,1.0
lNONHSAG004227,1.0
lENSG00000232192,0.0
lENSG00000274863,1.0
lENSG00000274624,1.0
lENSG00000255462,0.0
lENSG00000272149,0.0
lNONHSAG007932,0.0
lENSG00000255271,1.0
lENSG00000226813,1.0
lNONHSAG006412,1.0
lENSG00000285040,1.0
lENSG00000223598,1.0
lENSG00000249742,1.0
lENSG00000255114,1.0
lENSG00000256733,1.0
lENSG00000229673,0.0
lENSG00000260058,0.0
lENSG00000261523,0.0
lNONHSAG005739,0.0
lNONHSAG005885,1.0
lENSG00000231678,1.0
lENSG00000227769,1.0
lENSG00000224549,0.0
lENSG00000268798,1.0
lENSG00000273568,1.0
lENSG00000264622,1.0
lENSG00000257541,0.0
lENSG00000272810,0.0
lENSG00000275173,1.0
lENSG00000276266,0.0
lENSG00000268191,1.0
lENSG00000234083,0.0
lENSG00000230759,0.0
lENSG00000259595,0.0
lENSG00000256686,1.0
lENSG00000232396,1.0
lENSG00000254927,1.0
lENSG00000263417,1.0
lENSG00000260476,1.0
lENSG00000286093,0.0
lENSG00000267028,0.0
lNONHSAG004351,1.0
lENSG00000285954,1.0
lENSG00000226047,1.0
lENSG00000256568,1.0
lENSG00000230065,0.0
lENSG00000261633,1.0
lENSG00000279920,1.0
lENSG00000255357,1.0
lENSG00000263709,1.0
lENSG00000267980,1.0
lENSG00000260934,0.0
lENSG00000264016,0.0
lENSG00000255159,0.0
lENSG00000249865,0.0
lENSG00000231964,1.0
lENSG00000250665,1.0
lENSG00000283436,1.0
lNONHSAG007730,1.0
lENSG00000223563,0.0
lENSG00000269460,0.0
lENSG00000230599,0.0
lENSG00000254847,0.0
lENSG00000287684,1.0
lENSG00000257962,1.0
lENSG00000286010,0.0
lENSG00000266839,0.0
lENSG00000263982,1.0
lENSG00000248393,1.0
lENSG00000270094,0.0
lENSG00000231496,0.0
lENSG00000226089,1.0
lENSG00000248358,0.0
lENSG00000223537,0.0
lENSG00000260741,0.0
lENSG00000227181,1.0
lENSG00000230790,0.0
lENSG00000249066,1.0
lENSG00000254842,0.0
lENSG00000226337,0.0
lENSG00000250949,1.0
lENSG00000261663,1.0
lENSG00000258460,0.0
lENSG00000258949,0.0
lENSG00000232930,1.0
lENSG00000262777,1.0
lENSG00000238131,0.0
lENSG00000254031,0.0
lENSG00000254592,1.0
lENSG00000231272,0.0
lENSG00000221845,0.0
lENSG00000279687,0.0
lENSG00000285621,1.0
lENSG00000286963,0.0
lENSG00000257407,1.0
lENSG00000231407,1.0
lENSG00000258695,1.0
lENSG00000260659,0.0
lENSG00000272304,0.0
lENSG00000261248,1.0
lENSG00000286735,0.0
lENSG00000237373,0.0
lNONHSAG001207,0.0
lENSG00000248482,1.0
lENSG00000198671,0.0
lENSG00000253865,0.0
lENSG00000278944,0.0
lENSG00000264769,1.0
lENSG00000273257,1.0
lNONHSAG006183,1.0
lENSG00000229487,0.0
lENSG00000265980,1.0
lNONHSAG006440,0.0
lENSG00000234567,0.0
lENSG00000223795,0.0
lNONHSAG007458,1.0
lENSG00000253643,1.0
lNONHSAG005915,0.0
lENSG00000258394,0.0
lENSG00000269826,1.0
lENSG00000226699,1.0
lENSG00000226576,0.0
lENSG00000256234,0.0
lENSG00000255523,1.0
lENSG00000258515,1.0
lENSG00000287005,1.0
lENSG00000235059,0.0
lENSG00000287028,1.0
lNONHSAG007533,1.0
lENSG00000287202,0.0
lENSG00000287545,1.0
lNONHSAG006551,1.0
lENSG00000266651,1.0
lNONHSAG000677,1.0
lENSG00000281831,0.0
lENSG00000226238,1.0
lENSG00000248969,1.0
lNONHSAG000157,1.0
lENSG00000268049,0.0
lENSG00000286002,0.0
lNONHSAG001008,1.0
lENSG00000267341,0.0
lENSG00000226522,0.0
lENSG00000278013,0.0
lENSG00000261723,1.0
lENSG00000275401,1.0
lENSG00000257004,0.0
lENSG00000268296,1.0
lENSG00000271032,1.0
lNONHSAG006897,0.0
lENSG00000286822,1.0
lENSG00000222032,1.0
lENSG00000236854,1.0
lENSG00000266341,0.0
lENSG00000282828,1.0
lENSG00000237734,0.0
lENSG00000263585,0.0
lNONHSAG007224,1.0
lENSG00000259759,1.0
lENSG00000270726,0.0
lENSG00000272995,0.0
lENSG00000254620,0.0
lENSG00000258670,0.0
lENSG00000259194,0.0
lENSG00000224541,1.0
lENSG00000272575,1.0
lENSG00000229162,1.0
lENSG00000287128,0.0
lENSG00000285117,0.0
lENSG00000230155,0.0
lNONHSAG005842,1.0
lENSG00000258312,0.0
lENSG00000260999,0.0
lENSG00000275638,1.0
lENSG00000243230,0.0
lENSG00000286303,1.0
lENSG00000253356,0.0
lENSG00000235736,1.0
lNONHSAG006837,0.0
lENSG00000231413,1.0
lENSG00000263594,1.0
lENSG00000232086,0.0
lENSG00000227509,0.0
lENSG00000247810,0.0
lENSG00000256364,1.0
lENSG00000248145,0.0
lENSG00000285524,1.0
lENSG00000228939,0.0
lENSG00000250657,0.0
lNONHSAG007578,0.0
lENSG00000238140,0.0
lENSG00000197880,0.0
lENSG00000258698,0.0
lENSG00000273226,0.0
lENSG00000286333,0.0
lENSG00000264825,1.0
lENSG00000254526,1.0
lNONHSAG007429,1.0
lENSG00000233665,0.0
lENSG00000250950,0.0
lENSG00000258088,1.0
lENSG00000230131,0.0
lENSG00000230190,1.0
lENSG00000257500,1.0
lNONHSAG006186,0.0
lENSG00000279240,1.0
lENSG00000254094,0.0
lENSG00000248627,0.0
lENSG00000229628,0.0
lENSG00000227716,0.0
lNONHSAG006507,1.0
lENSG00000268015,0.0
lENSG00000277675,1.0
lENSG00000263466,0.0
lNONHSAG002403,0.0
lENSG00000244278,1.0
lENSG00000267378,1.0
lENSG00000259967,0.0
lNONHSAG006748,0.0
lENSG00000266538,1.0
lENSG00000258520,1.0
lENSG00000229345,1.0
lENSG00000248172,0.0
lENSG00000284513,0.0
lENSG00000285518,0.0
lENSG00000254325,0.0
lENSG00000257653,0.0
lENSG00000226956,1.0
lENSG00000258379,1.0
lENSG00000237494,1.0
lENSG00000105501,1.0
lENSG00000233851,1.0
lENSG00000223387,1.0
lNONHSAG007129,0.0
lENSG00000258272,0.0
lENSG00000259385,0.0
lENSG00000259274,1.0
lENSG00000232451,1.0
lENSG00000224794,1.0
lENSG00000227893,1.0
lENSG00000271218,1.0
lENSG00000286820,0.0
lENSG00000232465,0.0
lENSG00000258892,1.0
lENSG00000233219,1.0
lENSG00000253530,1.0
lENSG00000229224,0.0
lENSG00000230741,1.0
lENSG00000233079,1.0
lNONHSAG006078,0.0
lENSG00000287551,0.0
lENSG00000258292,0.0
lENSG00000229999,0.0
lNONHSAG005809,0.0
lENSG00000234693,0.0
lENSG00000255478,0.0
lENSG00000228804,1.0
lENSG00000265840,0.0
lENSG00000254141,1.0
lNONHSAG007599,0.0
lNONHSAG006086,1.0
lENSG00000258690,0.0
lENSG00000264107,1.0
lENSG00000265554,0.0
lENSG00000228538,1.0
lENSG00000237937,0.0
lNONHSAG007063,1.0
lENSG00000253503,0.0
lENSG00000263257,0.0
lENSG00000227125,0.0
lENSG00000258904,1.0
lENSG00000243368,0.0
lENSG00000283375,0.0
lENSG00000244461,0.0
lNONHSAG006188,0.0
lENSG00000268240,0.0
lENSG00000261036,0.0
lENSG00000230668,1.0
lENSG00000273035,1.0
lENSG00000243273,1.0
lNONHSAG000969,1.0
lENSG00000259244,0.0
lNONHSAG006377,1.0
lENSG00000225570,0.0
lENSG00000259631,1.0
lENSG00000267437,0.0
lDSCR8,1.0
lENSG00000225129,0.0
lENSG00000237324,1.0
lENSG00000253449,1.0
lENSG00000269321,0.0
lENSG00000243903,1.0
lENSG00000265205,1.0
lENSG00000224922,1.0
lENSG00000266541,0.0
lENSG00000264066,0.0
lENSG00000229964,1.0
lENSG00000232564,0.0
lENSG00000241985,0.0
lENSG00000261507,0.0
lENSG00000237687,1.0
lENSG00000260237,1.0
lNONHSAG005473,0.0
lENSG00000267638,1.0
lENSG00000223641,1.0
lENSG00000258745,1.0
lENSG00000286441,1.0
lENSG00000203307,0.0
lENSG00000256484,1.0
lENSG00000228826,0.0
lENSG00000230794,0.0
lENSG00000259532,0.0
lENSG00000287367,0.0
lNONHSAG006103,0.0
lENSG00000233625,1.0
lENSG00000234900,0.0
lENSG00000261695,0.0
lENSG00000249409,0.0
lENSG00000261379,1.0
lENSG00000258007,1.0
lENSG00000285998,1.0
lENSG00000204464,1.0
lENSG00000227409,1.0
lENSG00000268520,0.0
lENSG00000203605,1.0
lENSG00000234810,0.0
lENSG00000259256,0.0
lENSG00000262815,1.0
lENSG00000263335,0.0
lENSG00000230105,1.0
lENSG00000257764,0.0
lENSG00000259250,0.0
lENSG00000259294,0.0
lENSG00000225751,1.0
lENSG00000287335,0.0
lNONHSAG003810,1.0
lENSG00000259290,0.0
lENSG00000229283,1.0
lENSG00000265556,0.0
lENSG00000286168,1.0
lENSG00000251266,1.0
lENSG00000286578,0.0
lENSG00000248245,1.0
lENSG00000272338,0.0
lENSG00000234504,0.0
lENSG00000279751,1.0
lENSG00000257587,1.0
lENSG00000271870,0.0
lNONHSAG006832,0.0
lENSG00000257235,1.0
lENSG00000235628,0.0
lENSG00000223831,0.0
lENSG00000255949,1.0
lENSG00000255300,0.0
lENSG00000229502,1.0
lENSG00000254574,0.0
lENSG00000232363,0.0
lENSG00000228255,1.0
lENSG00000256582,1.0
lENSG00000236324,1.0
lNONHSAG006576,0.0
lENSG00000259211,0.0
lENSG00000269843,0.0
lENSG00000250910,0.0
lENSG00000248490,1.0
lNONHSAG006527,0.0
lNONHSAG006235,1.0
lENSG00000253858,0.0
lENSG00000283573,0.0
lENSG00000263618,0.0
lENSG00000273838,0.0
lENSG00000232604,0.0
lENSG00000236498,0.0
lNONHSAG005853,0.0
lENSG00000232058,0.0
lENSG00000264486,1.0
lENSG00000237312,0.0
lENSG00000276668,1.0
lENSG00000234055,1.0
lENSG00000222044,0.0
lENSG00000230912,0.0
lENSG00000271717,0.0
lNONHSAG002790,1.0
lENSG00000273271,0.0
lENSG00000253171,1.0
lNONHSAG007023,1.0
lENSG00000287451,0.0
lENSG00000256007,0.0
lENSG00000260141,0.0
lENSG00000229498,0.0
lENSG00000283347,1.0
lENSG00000255039,0.0
lENSG00000263237,0.0
lENSG00000286461,1.0
lENSG00000258610,0.0
lENSG00000255390,1.0
lNONHSAG006407,1.0
lENSG00000253167,1.0
lENSG00000284699,0.0
lENSG00000228596,0.0
lNONHSAG005522,0.0
lENSG00000286357,1.0
lENSG00000255487,1.0
lENSG00000254983,0.0
lENSG00000266102,0.0
lENSG00000234653,0.0
lENSG00000258167,1.0
lENSG00000261193,0.0
lENSG00000261475,0.0
lENSG00000286244,1.0
lNONHSAG005249,1.0
lENSG00000261731,0.0
lENSG00000286453,0.0
lENSG00000236272,0.0
lENSG00000286689,1.0
lENSG00000265791,1.0
lENSG00000233222,1.0
lENSG00000270996,1.0
lENSG00000272510,1.0
lENSG00000250777,1.0
lENSG00000258386,0.0
lENSG00000237993,1.0
lNONHSAG007259,0.0
lENSG00000228231,0.0
lENSG00000250195,0.0
lENSG00000234191,0.0
lENSG00000248975,0.0
lENSG00000251654,0.0
lENSG00000227360,1.0
lENSG00000228627,1.0
lENSG00000223881,0.0
lNONHSAG006579,1.0
lENSG00000231781,1.0
lENSG00000237581,1.0
lENSG00000286089,0.0
lENSG00000234860,0.0
lENSG00000236031,1.0
lENSG00000233613,0.0
lENSG00000254787,0.0
lENSG00000273919,0.0
lNONHSAG001435,1.0
lNONHSAG006591,1.0
lNONHSAG005935,0.0
lENSG00000253851,0.0
lENSG00000256482,1.0
lENSG00000236358,1.0
lNONHSAG007225,0.0
lNONHSAG006646,1.0
lENSG00000269901,0.0
lENSG00000273461,0.0
lENSG00000287511,0.0
lENSG00000266311,1.0
lENSG00000267791,1.0
lENSG00000232359,0.0
lENSG00000226454,1.0
lNONHSAG005363,0.0
lENSG00000234318,1.0
lENSG00000224075,0.0
lENSG00000229458,0.0
lENSG00000242545,1.0
lENSG00000251194,0.0
lENSG00000233689,1.0
lENSG00000226925,1.0
lENSG00000273275,0.0
lENSG00000276488,1.0
lENSG00000268743,0.0
lENSG00000274902,0.0
lENSG00000226194,0.0
lNONHSAG007544,1.0
lENSG00000225647,0.0
lENSG00000287501,0.0
lENSG00000250993,1.0
lENSG00000253147,0.0
lNONHSAG005679,1.0
lENSG00000275484,0.0
lENSG00000230432,1.0
lENSG00000232806,0.0
lNONHSAG006602,1.0
lENSG00000262533,1.0
lENSG00000253875,1.0
lENSG00000228383,1.0
lENSG00000267354,0.0
lENSG00000268981,0.0
lENSG00000249159,0.0
lENSG00000231492,1.0
lENSG00000229167,0.0
lENSG00000240573,1.0
lENSG00000232328,0.0
lENSG00000262151,0.0
lENSG00000264546,1.0
lENSG00000236951,1.0
lENSG00000234117,1.0
lNONHSAG006279,0.0
lENSG00000257514,0.0
lENSG00000267665,0.0
lENSG00000255572,0.0
lENSG00000242618,1.0
lENSG00000253660,1.0
lNONHSAG001033,0.0
lENSG00000235795,0.0
lENSG00000251059,1.0
lENSG00000167920,0.0
lENSG00000235786,0.0
lENSG00000225334,1.0
lENSG00000224884,1.0
lENSG00000268734,0.0
lENSG00000257682,1.0
lENSG00000259360,1.0
lENSG00000255539,1.0
lENSG00000232964,0.0
lENSG00000258084,1.0
lENSG00000234622,1.0
lENSG00000272866,0.0
lENSG00000224844,0.0
lENSG00000260884,1.0
lENSG00000261838,0.0
lENSG00000251281,1.0
lENSG00000286584,1.0
lENSG00000258185,0.0
lENSG00000248802,1.0
lENSG00000257261,1.0
lENSG00000258742,0.0
lENSG00000255839,0.0
lENSG00000240354,1.0
lENSG00000254177,0.0
lENSG00000286776,0.0
lENSG00000267081,1.0
lENSG00000258657,0.0
lNONHSAG006863,0.0
lENSG00000234021,0.0
lENSG00000270108,0.0
lENSG00000260017,1.0
lNONHSAG006967,0.0
lENSG00000268906,0.0
lNONHSAG007242,1.0
lENSG00000250866,0.0
lENSG00000283766,1.0
lENSG00000287691,1.0
lENSG00000250629,1.0
lENSG00000225929,0.0
lENSG00000230649,1.0
lENSG00000241577,0.0
lENSG00000248991,1.0
lNONHSAG005867,1.0
lENSG00000265800,0.0
lENSG00000258331,0.0
lENSG00000223993,0.0
lENSG00000203864,1.0
lENSG00000285325,0.0
lENSG00000258869,1.0
lC3orf65,1.0
lENSG00000239314,1.0
lENSG00000251613,0.0
lENSG00000265739,0.0
lENSG00000280703,1.0
lNONHSAG006022,0.0
lENSG00000227549,1.0
lENSG00000259265,1.0
lENSG00000238291,0.0
lENSG00000286887,1.0
lENSG00000228372,0.0
lENSG00000122043,1.0
lENSG00000265265,0.0
lENSG00000286767,0.0
lENSG00000250917,0.0
lENSG00000286598,0.0
lENSG00000262692,0.0
lENSG00000277332,0.0
lENSG00000273138,0.0
lENSG00000245148,0.0
lENSG00000258850,0.0
lENSG00000285857,0.0
lENSG00000266368,1.0
lENSG00000264577,1.0
lENSG00000233339,1.0
lENSG00000257494,0.0
lENSG00000256226,0.0
lNONHSAG004507,0.0
lENSG00000287441,1.0
lENSG00000255644,0.0
lENSG00000237802,0.0
lENSG00000265174,1.0
lENSG00000231914,0.0
lENSG00000232719,0.0
lENSG00000225218,1.0
lENSG00000250955,0.0
lENSG00000232464,1.0
lENSG00000273198,1.0
lENSG00000227075,1.0
lENSG00000285551,0.0
lENSG00000272661,1.0
lENSG00000287213,0.0
lENSG00000236975,0.0
lENSG00000228272,1.0
lENSG00000231082,1.0
lNONHSAG006206,0.0
lENSG00000254626,0.0
lENSG00000235503,0.0
lENSG00000260773,1.0
lENSG00000233960,1.0
lENSG00000249071,0.0
lENSG00000241666,0.0
lENSG00000259306,1.0
lENSG00000267510,0.0
lENSG00000248984,1.0
lENSG00000263952,1.0
lENSG00000263316,1.0
lENSG00000249782,1.0
lNONHSAG006459,0.0
lENSG00000269987,1.0
lENSG00000279672,0.0
lENSG00000263873,1.0
lENSG00000262652,1.0
lENSG00000255247,0.0
lENSG00000286565,1.0
lENSG00000231724,1.0
lENSG00000287556,0.0
lENSG00000286722,1.0
lENSG00000267922,0.0
lACA64,0.0
lENSG00000287517,1.0
lENSG00000287366,1.0
lENSG00000283083,0.0
lENSG00000212856,0.0
lENSG00000261307,0.0
lENSG00000233407,0.0
lENSG00000254972,1.0
lNONHSAG006581,1.0
lNONHSAG005852,0.0
lENSG00000286436,0.0
lNONHSAG005740,0.0
lNONHSAG007507,0.0
lENSG00000273110,0.0
lENSG00000242568,1.0
lENSG00000250670,0.0
lENSG00000235635,0.0
lENSG00000234998,1.0
lENSG00000265728,1.0
lENSG00000254864,0.0
lENSG00000231616,1.0
lENSG00000283973,1.0
lENSG00000269191,1.0
lENSG00000232031,0.0
lNONHSAG007488,0.0
lENSG00000266936,0.0
lENSG00000253507,1.0
lENSG00000286076,1.0
lENSG00000259187,1.0
lENSG00000286430,1.0
lENSG00000226398,1.0
lENSG00000251256,0.0
lENSG00000274678,0.0
lENSG00000260983,0.0
lENSG00000260003,0.0
lENSG00000230010,0.0
lNONHSAG007638,0.0
lENSG00000263080,1.0
lENSG00000224857,1.0
lENSG00000280870,0.0
lENSG00000267286,1.0
lENSG00000272814,0.0
lENSG00000231212,1.0
lENSG00000234149,1.0
lENSG00000254207,1.0
lENSG00000254775,1.0
lENSG00000232286,1.0
lENSG00000223786,1.0
lENSG00000223966,0.0
lENSG00000264558,1.0
lENSG00000250855,1.0
lENSG00000258210,1.0
lENSG00000224655,1.0
lENSG00000250062,1.0
lENSG00000285473,0.0
lENSG00000287030,0.0
lENSG00000236758,0.0
lNONHSAG001419,1.0
lENSG00000255528,1.0
lENSG00000235011,0.0
lENSG00000253947,0.0
lENSG00000177596,1.0
lENSG00000223400,0.0
lMIR3654,1.0
lENSG00000265168,0.0
lENSG00000228852,0.0
lENSG00000233574,0.0
lENSG00000286581,0.0
lENSG00000237520,1.0
lNONHSAG007543,0.0
lENSG00000224330,1.0
lENSG00000231440,1.0
lENSG00000276107,0.0
lENSG00000272027,1.0
lENSG00000259757,1.0
lENSG00000257271,0.0
lENSG00000232197,0.0
lNONHSAG006274,0.0
lENSG00000285861,1.0
lENSG00000286639,1.0
lENSG00000233987,0.0
lENSG00000259678,0.0
lENSG00000270871,1.0
lENSG00000286276,0.0
lENSG00000259223,0.0
lENSG00000260798,0.0
lENSG00000269621,1.0
lENSG00000250567,1.0
lENSG00000224087,0.0
lENSG00000257925,0.0
lENSG00000250092,1.0
lENSG00000225012,0.0
lMIR24-2,1.0
lENSG00000258824,1.0
lENSG00000229190,1.0
lENSG00000248925,1.0
lENSG00000219410,1.0
lENSG00000254011,1.0
lENSG00000254563,1.0
lNONHSAG006555,0.0
lENSG00000225393,1.0
lENSG00000261065,0.0
lNONHSAG005939,0.0
lENSG00000287236,0.0
lENSG00000261432,1.0
lNONHSAG005901,0.0
lENSG00000286838,0.0
lENSG00000257488,1.0
lENSG00000255443,0.0
lENSG00000274737,1.0
lNONHSAG007029,0.0
lENSG00000271901,0.0
lENSG00000250791,0.0
lENSG00000274561,1.0
lENSG00000198054,0.0
lENSG00000258516,1.0
lENSG00000280224,1.0
lENSG00000223720,0.0
lNONHSAG005870,1.0
lENSG00000235122,0.0
lENSG00000248359,0.0
lENSG00000258425,1.0
lENSG00000259798,0.0
lENSG00000225886,0.0
lENSG00000258108,0.0
lMIR145,0.0
lNONHSAG000265,0.0
lNONHSAG007000,1.0
lALG13-AS1,0.0
lENSG00000264660,1.0
lENSG00000266893,1.0
lENSG00000261761,1.0
lENSG00000229370,0.0
lENSG00000267838,1.0
lENSG00000237481,0.0
lENSG00000272642,1.0
lENSG00000243149,0.0
lENSG00000226957,1.0
lENSG00000267234,0.0
lENSG00000258044,1.0
lENSG00000236022,0.0
lENSG00000264269,1.0
lENSG00000203469,0.0
lENSG00000248125,1.0
lENSG00000231143,0.0
lNONHSAG003418,0.0
lENSG00000263847,1.0
lENSG00000287155,1.0
lENSG00000254242,1.0
lENSG00000234690,1.0
lENSG00000237073,0.0
lENSG00000228950,0.0
lENSG00000259636,1.0
lENSG00000241383,1.0
lENSG00000261569,0.0
lNONHSAG002619,0.0
lNONHSAG006097,0.0
lENSG00000276527,1.0
lENSG00000276997,0.0
lENSG00000255366,1.0
lENSG00000260586,0.0
lENSG00000285012,1.0
lENSG00000234714,0.0
lENSG00000227330,0.0
lENSG00000224535,1.0
lENSG00000225537,0.0
lENSG00000256083,0.0
lNONHSAG007632,1.0
lENSG00000230735,1.0
lENSG00000227958,0.0
lENSG00000225761,1.0
lENSG00000237477,0.0
lENSG00000270082,0.0
lENSG00000248995,1.0
lENSG00000250945,1.0
lNONHSAG002816,1.0
lENSG00000237670,1.0
lNONHSAG007222,1.0
lENSG00000284376,0.0
lENSG00000254330,0.0
lENSG00000275232,0.0
lENSG00000254123,0.0
lENSG00000259209,0.0
lENSG00000275356,1.0
lENSG00000271314,1.0
lNONHSAG003881,1.0
lENSG00000257096,0.0
lNONHSAG006376,1.0
lNONHSAG007587,1.0
lENSG00000282478,1.0
lNONHSAG001258,0.0
lENSG00000253142,0.0
lENSG00000272159,1.0
lENSG00000258784,0.0
lNONHSAG005985,1.0
lENSG00000248599,1.0
lENSG00000285699,0.0
lENSG00000258958,0.0
lENSG00000234756,1.0
lENSG00000251414,1.0
lENSG00000254829,1.0
lENSG00000265334,1.0
lENSG00000278000,1.0
lENSG00000253526,0.0
lENSG00000258829,0.0
lENSG00000249830,0.0
lENSG00000251412,0.0
lENSG00000286515,0.0
lENSG00000267000,1.0
lENSG00000254350,0.0
lNONHSAG006479,1.0
lENSG00000235669,0.0
lNONHSAG007419,1.0
lENSG00000282950,1.0
lENSG00000269867,1.0
lENSG00000225798,0.0
lENSG00000287198,0.0
lENSG00000260911,1.0
lENSG00000223374,1.0
lENSG00000263300,1.0
lNONHSAG007093,0.0
lENSG00000227863,0.0
lENSG00000238185,0.0
lENSG00000276533,1.0
lENSG00000275576,1.0
lENSG00000268292,0.0
lNONHSAG005821,1.0
lENSG00000274227,1.0
lENSG00000233330,1.0
lENSG00000254380,0.0
lENSG00000256452,1.0
lENSG00000262810,0.0
lENSG00000272369,0.0
lENSG00000253754,1.0
lENSG00000253834,0.0
lNONHSAG006970,0.0
lNONHSAG005652,1.0
lENSG00000273877,1.0
lENSG00000227611,1.0
lENSG00000227131,1.0
lENSG00000283631,0.0
lENSG00000261470,0.0
lENSG00000279472,1.0
lENSG00000237768,1.0
lENSG00000229457,0.0
lENSG00000254913,0.0
lENSG00000270380,0.0
lENSG00000263321,1.0
lENSG00000250242,1.0
lENSG00000258390,0.0
lENSG00000266985,1.0
lENSG00000286751,1.0
lNONHSAG007298,0.0
lENSG00000249334,1.0
lENSG00000203434,1.0
lENSG00000286716,1.0
lENSG00000253665,0.0
lNONHSAG004893,1.0
lENSG00000254627,1.0
lNONHSAG003459,0.0
lENSG00000259503,1.0
lENSG00000256972,0.0
lENSG00000249451,1.0
lENSG00000262298,1.0
lENSG00000257527,0.0
lENSG00000260720,1.0
lENSG00000251688,1.0
lENSG00000259935,0.0
lENSG00000227930,1.0
lENSG00000274893,1.0
lENSG00000223634,0.0
lENSG00000267501,0.0
lNONHSAG006586,1.0
lENSG00000260511,0.0
lENSG00000261066,1.0
lENSG00000255027,1.0
lENSG00000226770,0.0
lENSG00000224821,1.0
lENSG00000269350,1.0
lENSG00000230830,1.0
lENSG00000203472,0.0
lNONHSAG005727,0.0
lCDKN2B-AS,0.0
lENSG00000284846,1.0
lENSG00000255482,0.0
lENSG00000223647,0.0
lENSG00000257342,1.0
lENSG00000249613,0.0
lENSG00000236953,1.0
lENSG00000229688,1.0
lENSG00000286781,1.0
lENSG00000278766,1.0
lNONHSAG001147,1.0
lENSG00000253189,1.0
lENSG00000250686,1.0
lENSG00000237756,0.0
lENSG00000257787,1.0
lENSG00000254347,0.0
lENSG00000224500,0.0
lENSG00000281408,1.0
lENSG00000267364,1.0
lENSG00000249441,1.0
lENSG00000287270,0.0
lENSG00000256072,0.0
lENSG00000277173,0.0
lENSG00000253927,1.0
lENSG00000272934,1.0
lENSG00000225836,1.0
lENSG00000251506,1.0
lENSG00000286738,0.0
lENSG00000242375,0.0
lENSG00000260246,1.0
lENSG00000226542,1.0
lENSG00000226032,0.0
lENSG00000258378,0.0
lNONHSAG005789,1.0
lNONHSAG006220,0.0
lENSG00000287704,0.0
lENSG00000260022,1.0
lENSG00000225750,0.0
lENSG00000236800,0.0
lENSG00000236267,1.0
lENSG00000228170,0.0
lENSG00000255496,1.0
lENSG00000259767,1.0
lENSG00000235533,0.0
lENSG00000280580,1.0
lENSG00000231081,1.0
lENSG00000253976,0.0
lENSG00000228215,1.0
lENSG00000211683,0.0
lNONHSAG000994,1.0
lENSG00000261266,1.0
lENSG00000271833,1.0
lNONHSAG006395,1.0
lENSG00000233706,0.0
lENSG00000225588,0.0
lENSG00000267320,0.0
lENSG00000229297,1.0
lENSG00000230972,1.0
lENSG00000223870,0.0
lENSG00000254084,1.0
lNONHSAG006160,0.0
lENSG00000254559,0.0
lENSG00000233179,0.0
lENSG00000254314,0.0
lENSG00000287094,0.0
lENSG00000249697,0.0
lENSG00000223643,1.0
lENSG00000241397,0.0
lENSG00000269085,1.0
lENSG00000285354,0.0
lENSG00000256071,1.0
lENSG00000233581,0.0
lENSG00000263986,0.0
lENSG00000248576,1.0
lENSG00000224095,0.0
lENSG00000253282,0.0
lENSG00000255498,1.0
lENSG00000249426,1.0
lENSG00000233656,1.0
lENSG00000205500,1.0
lENSG00000267387,0.0
lENSG00000227960,1.0
lENSG00000259123,0.0
lENSG00000284994,0.0
lENSG00000256670,0.0
lENSG00000230212,1.0
lENSG00000259222,0.0
lENSG00000227606,1.0
lENSG00000268078,0.0
lENSG00000237200,0.0
lENSG00000232072,1.0
lENSG00000261864,0.0
lENSG00000258800,1.0
lNONHSAG001030,0.0
lENSG00000254516,0.0
lENSG00000269504,0.0
lENSG00000230153,1.0
lENSG00000226133,1.0
lENSG00000254035,1.0
lENSG00000254171,1.0
lENSG00000279088,0.0
lENSG00000235035,0.0
lENSG00000231253,1.0
lENSG00000242339,1.0
lNONHSAG006487,0.0
lENSG00000255241,1.0
lDGUOK-AS1,1.0
lENSG00000287358,0.0
lNONHSAG006388,0.0
lNONHSAG006922,1.0
lNONHSAG005856,0.0
lNONHSAG006830,0.0
lENSG00000230826,0.0
lENSG00000254930,1.0
lENSG00000268833,0.0
lENSG00000282887,1.0
lENSG00000286331,1.0
lNONHSAG007087,1.0
lENSG00000267063,0.0
lENSG00000225050,1.0
lENSG00000250541,1.0
lENSG00000263765,1.0
lNONHSAG000896,1.0
lENSG00000237463,1.0
lNONHSAG007031,0.0
lENSG00000260626,0.0
lENSG00000255893,0.0
lENSG00000255565,1.0
lNONHSAG007531,1.0
lNONHSAG006557,0.0
lENSG00000286795,0.0
lNONHSAG006669,1.0
lENSG00000226566,0.0
lNONHSAG002487,1.0
lENSG00000251438,1.0
lENSG00000230918,1.0
lNONHSAG006012,1.0
lENSG00000232310,0.0
lNONHSAG007155,0.0
lENSG00000265400,1.0
lENSG00000226193,1.0
lENSG00000257860,0.0
lENSG00000261261,1.0
lENSG00000265987,0.0
lENSG00000271936,0.0
lENSG00000247867,0.0
lNONHSAG005986,1.0
lENSG00000266844,1.0
lENSG00000235435,1.0
lENSG00000286101,1.0
lENSG00000263684,1.0
lENSG00000287191,1.0
lENSG00000269145,0.0
lENSG00000266801,1.0
lENSG00000267583,1.0
lENSG00000214955,0.0
lENSG00000279501,0.0
lENSG00000237921,1.0
lENSG00000261014,1.0
lENSG00000287066,1.0
lENSG00000258323,0.0
lNONHSAG005797,1.0
lNONHSAG006450,0.0
lENSG00000205452,1.0
lENSG00000226323,0.0
lENSG00000233200,1.0
lENSG00000287107,1.0
lENSG00000275963,1.0
lENSG00000231102,1.0
lENSG00000286617,0.0
lENSG00000267581,1.0
lENSG00000276054,0.0
lENSG00000236921,1.0
lENSG00000250929,1.0
lENSG00000274177,1.0
lENSG00000283286,0.0
lENSG00000250481,1.0
lENSG00000254456,0.0
lNONHSAG005769,0.0
lENSG00000228136,1.0
lENSG00000265844,1.0
lENSG00000280881,0.0
lENSG00000286759,1.0
lENSG00000267225,0.0
lENSG00000237293,0.0
lENSG00000286020,1.0
lENSG00000228548,1.0
lENSG00000254429,0.0
lENSG00000243797,1.0
lENSG00000244701,0.0
lENSG00000249419,0.0
lENSG00000255375,0.0
lENSG00000233479,1.0
lENSG00000287159,1.0
lENSG00000236463,0.0
lENSG00000257732,0.0
lENSG00000227512,1.0
lENSG00000269578,0.0
lNONHSAG007203,0.0
lENSG00000237571,0.0
lENSG00000266993,0.0
lENSG00000273485,0.0
lENSG00000257750,0.0
lENSG00000203565,1.0
lENSG00000254026,1.0
lENSG00000286419,0.0
lENSG00000286188,0.0
lENSG00000236648,0.0
lENSG00000259307,1.0
lENSG00000258908,1.0
lENSG00000250626,1.0
lENSG00000259945,0.0
lENSG00000255279,1.0
lENSG00000287359,1.0
lENSG00000285709,1.0
lENSG00000287550,0.0
lENSG00000254239,1.0
lENSG00000279484,1.0
lENSG00000226352,0.0
lENSG00000255808,0.0
lENSG00000286690,1.0
lENSG00000249892,1.0
lNONHSAG007123,0.0
lENSG00000249474,0.0
lENSG00000271983,0.0
lNONHSAG006716,0.0
lENSG00000265643,1.0
lENSG00000260986,0.0
lENSG00000255388,0.0
lENSG00000247925,1.0
lENSG00000255121,0.0
lENSG00000228082,0.0
lENSG00000286338,1.0
lENSG00000236414,0.0
lENSG00000287664,1.0
lENSG00000236109,1.0
lENSG00000264513,1.0
lENSG00000235050,1.0
lENSG00000223381,0.0
lENSG00000264924,1.0
lENSG00000248457,1.0
lENSG00000268912,1.0
lENSG00000231937,0.0
lENSG00000149443,0.0
lENSG00000278514,1.0
lENSG00000258308,1.0
lENSG00000257105,1.0
lENSG00000231681,0.0
lENSG00000271945,0.0
lENSG00000271840,1.0
lENSG00000257470,1.0
lENSG00000253539,1.0
lENSG00000259955,1.0
lENSG00000267543,0.0
lENSG00000248416,0.0
lENSG00000287618,0.0
lENSG00000261775,1.0
lENSG00000287462,1.0
lENSG00000229379,0.0
lNONHSAG001171,0.0
lENSG00000229531,1.0
lENSG00000256314,0.0
lENSG00000273360,0.0
lENSG00000228108,0.0
lENSG00000228351,1.0
lNONHSAG000623,0.0
lENSG00000251072,1.0
lENSG00000257265,1.0
lENSG00000258220,1.0
lENSG00000266397,1.0
lENSG00000235086,0.0
lENSG00000204393,0.0
lENSG00000269391,0.0
lENSG00000286242,1.0
lNONHSAG005862,0.0
lNONHSAG006240,1.0
lENSG00000268289,0.0
lENSG00000230323,0.0
lENSG00000260158,0.0
lENSG00000261697,0.0
lNONHSAG005857,0.0
lENSG00000253616,1.0
lNONHSAG006300,1.0
lENSG00000238282,0.0
lENSG00000259342,1.0
lENSG00000269495,0.0
lENSG00000250948,1.0
lNONHSAG006293,1.0
lENSG00000224595,0.0
lENSG00000255252,1.0
lNONHSAG006187,0.0
lENSG00000237435,0.0
lENSG00000259649,0.0
lENSG00000280455,0.0
lENSG00000229851,1.0
lENSG00000237919,1.0
lNONHSAG007035,1.0
lNONHSAG006894,0.0
lNONHSAG006166,0.0
lENSG00000265845,0.0
lENSG00000249111,1.0
lENSG00000286843,1.0
lENSG00000249605,0.0
lENSG00000239593,1.0
lNONHSAG006290,1.0
lENSG00000229953,0.0
lENSG00000265743,0.0
lENSG00000250524,1.0
lNONHSAG007065,0.0
lENSG00000236326,1.0
lNONHSAG000297,1.0
lENSG00000227482,0.0
lENSG00000287006,1.0
lENSG00000257275,0.0
lENSG00000271763,0.0
lENSG00000267633,0.0
lENSG00000237337,1.0
lENSG00000225146,0.0
lENSG00000286645,1.0
lENSG00000255084,0.0
lENSG00000232895,0.0
lNONHSAG007139,0.0
lENSG00000227718,1.0
lENSG00000260304,0.0
lENSG00000254689,0.0
lNONHSAG007554,1.0
lENSG00000241792,0.0
lENSG00000232746,0.0
lENSG00000269292,1.0
lENSG00000232939,0.0
lENSG00000228028,0.0
lENSG00000269656,1.0
lENSG00000250820,1.0
lNONHSAG007008,1.0
lENSG00000242072,1.0
lNONHSAG005859,0.0
lENSG00000261332,0.0
lENSG00000246541,0.0
lENSG00000240868,1.0
lENSG00000268051,1.0
lENSG00000272540,1.0
lENSG00000261729,0.0
lNONHSAG006573,0.0
lNONHSAG003227,1.0
lENSG00000281021,1.0
lNONHSAG006779,1.0
lENSG00000267436,1.0
lENSG00000231772,1.0
lENSG00000271579,1.0
lENSG00000287687,1.0
lENSG00000265625,0.0
lENSG00000259352,1.0
lENSG00000260190,1.0
lENSG00000267711,0.0
lNONHSAG003308,0.0
lENSG00000230499,0.0
lENSG00000253766,1.0
lENSG00000226508,1.0
lENSG00000175746,0.0
lENSG00000232335,0.0
lENSG00000264595,0.0
lENSG00000254021,1.0
lENSG00000224885,1.0
lENSG00000260814,1.0
lENSG00000229444,1.0
lNONHSAG005855,1.0
lNONHSAG006415,1.0
lENSG00000249382,0.0
lENSG00000178248,1.0
lENSG00000229848,1.0
lENSG00000284608,1.0
