Fold,Train_IDs,Train_Labels,Test_IDs,Test_Labels,Predictions,Decision_Scores
1,"['lNONMMUG002215', 'lNONMMUG002239', 'lNONMMUG009962', 'lNONMMUG013211', 'lNONMMUG017485', 'lNONMMUG017913', 'lNONMMUG020673', 'lNONMMUG023454', 'lNONMMUG026355', 'lNONMMUG029813', 'lNONMMUG030202', 'lNONMMUG033401', 'lNONMMUG034886', 'lNONMMUG038355', 'lNONMMUG039685', 'lNONMMUG041158', 'lNONMMUG041781', 'lNONMMUG045568', 'lNONMMUG045569', 'lNONMMUG045574', 'lENSMUSG00000044471', 'lENSMUSG00000075277', 'lENSMUSG00000078190', 'lENSMUSG00000078247', 'lENSMUSG00000085354', 'lENSMUSG00000085715', 'lENSMUSG00000085873', 'lENSMUSG00000086035', 'lENSMUSG00000086141', 'lENSMUSG00000090063', 'lENSMUSG00000097336', 'lENSMUSG00000097571', 'lENSMUSG00000097767', 'lENSMUSG00000098439', 'lENSMUSG00000101609', 'lENSMUSG00000106519', 'l9030622O22Rik', 'lDlx6os1', 'lDnm3os', 'lGas5', 'lGm12610', 'lMiat', 'lNeat1', 'lNONMMUG002771', 'lNONMMUG004366', 'lNONMMUG007120', 'lNONMMUG008199', 'lNONMMUG009173', 'lNONMMUG009235', 'lNONMMUG010099', 'lNONMMUG012984', 'lNONMMUG013851', 'lNONMMUG014034', 'lNONMMUG017321', 'lNONMMUG017372', 'lNONMMUG019692', 'lNONMMUG020560', 'lNONMMUG021010', 'lNONMMUG023106', 'lNONMMUG024809', 'lNONMMUG025805', 'lNONMMUG029789', 'lNONMMUG031524', 'lNONMMUG031860', 'lNONMMUG032531', 'lNONMMUG033434', 'lNONMMUG034060', 'lNONMMUG035589', 'lNONMMUG036314', 'lNONMMUG036495', 'lNONMMUG038170', 'lNONMMUG038692', 'lNONMMUG038718', 'lNONMMUG039825', 'lNONMMUG041948', 'lNONMMUG042190', 'lNONMMUG043393', 'lNONMMUG043843', 'lNONMMUG044302', 'lNONMMUG045259', 'lENSMUSG00000085908', 'lENSMUSG00000103692', 'lENSMUSG00000106828', 'lENSMUSG00000107766', 'lGm13291', 'lSnord11', 'lSnord67']","[0.0, 1.0, 0.0, 1.0, 0.0, 1.0, 0.0, 0.0, 1.0, 1.0, 0.0, 1.0, 1.0, 1.0, 1.0, 0.0, 0.0, 0.0, 0.0, 1.0, 0.0, 1.0, 1.0, 0.0, 0.0, 0.0, 0.0, 0.0, 1.0, 0.0, 0.0, 1.0, 1.0, 1.0, 0.0, 0.0, 1.0, 1.0, 1.0, 1.0, 1.0, 1.0, 0.0, 1.0, 1.0, 0.0, 0.0, 1.0, 0.0, 0.0, 1.0, 1.0, 0.0, 1.0, 0.0, 0.0, 0.0, 1.0, 1.0, 1.0, 0.0, 1.0, 0.0, 0.0, 1.0, 0.0, 1.0, 1.0, 0.0, 0.0, 0.0, 1.0, 1.0, 1.0, 1.0, 1.0, 1.0, 0.0, 0.0, 1.0, 0.0, 0.0, 0.0, 0.0, 0.0, 1.0, 1.0]",['lNONMMUG000508'],[0.0],[1.0],[0.9999998854205401]
2,"['lNONMMUG000508', 'lNONMMUG002239', 'lNONMMUG009962', 'lNONMMUG013211', 'lNONMMUG017485', 'lNONMMUG017913', 'lNONMMUG020673', 'lNONMMUG023454', 'lNONMMUG026355', 'lNONMMUG029813', 'lNONMMUG030202', 'lNONMMUG033401', 'lNONMMUG034886', 'lNONMMUG038355', 'lNONMMUG039685', 'lNONMMUG041158', 'lNONMMUG041781', 'lNONMMUG045568', 'lNONMMUG045569', 'lNONMMUG045574', 'lENSMUSG00000044471', 'lENSMUSG00000075277', 'lENSMUSG00000078190', 'lENSMUSG00000078247', 'lENSMUSG00000085354', 'lENSMUSG00000085715', 'lENSMUSG00000085873', 'lENSMUSG00000086035', 'lENSMUSG00000086141', 'lENSMUSG00000090063', 'lENSMUSG00000097336', 'lENSMUSG00000097571', 'lENSMUSG00000097767', 'lENSMUSG00000098439', 'lENSMUSG00000101609', 'lENSMUSG00000106519', 'l9030622O22Rik', 'lDlx6os1', 'lDnm3os', 'lGas5', 'lGm12610', 'lMiat', 'lNeat1', 'lNONMMUG002771', 'lNONMMUG004366', 'lNONMMUG007120', 'lNONMMUG008199', 'lNONMMUG009173', 'lNONMMUG009235', 'lNONMMUG010099', 'lNONMMUG012984', 'lNONMMUG013851', 'lNONMMUG014034', 'lNONMMUG017321', 'lNONMMUG017372', 'lNONMMUG019692', 'lNONMMUG020560', 'lNONMMUG021010', 'lNONMMUG023106', 'lNONMMUG024809', 'lNONMMUG025805', 'lNONMMUG029789', 'lNONMMUG031524', 'lNONMMUG031860', 'lNONMMUG032531', 'lNONMMUG033434', 'lNONMMUG034060', 'lNONMMUG035589', 'lNONMMUG036314', 'lNONMMUG036495', 'lNONMMUG038170', 'lNONMMUG038692', 'lNONMMUG038718', 'lNONMMUG039825', 'lNONMMUG041948', 'lNONMMUG042190', 'lNONMMUG043393', 'lNONMMUG043843', 'lNONMMUG044302', 'lNONMMUG045259', 'lENSMUSG00000085908', 'lENSMUSG00000103692', 'lENSMUSG00000106828', 'lENSMUSG00000107766', 'lGm13291', 'lSnord11', 'lSnord67']","[0.0, 1.0, 0.0, 1.0, 0.0, 1.0, 0.0, 0.0, 1.0, 1.0, 0.0, 1.0, 1.0, 1.0, 1.0, 0.0, 0.0, 0.0, 0.0, 1.0, 0.0, 1.0, 1.0, 0.0, 0.0, 0.0, 0.0, 0.0, 1.0, 0.0, 0.0, 1.0, 1.0, 1.0, 0.0, 0.0, 1.0, 1.0, 1.0, 1.0, 1.0, 1.0, 0.0, 1.0, 1.0, 0.0, 0.0, 1.0, 0.0, 0.0, 1.0, 1.0, 0.0, 1.0, 0.0, 0.0, 0.0, 1.0, 1.0, 1.0, 0.0, 1.0, 0.0, 0.0, 1.0, 0.0, 1.0, 1.0, 0.0, 0.0, 0.0, 1.0, 1.0, 1.0, 1.0, 1.0, 1.0, 0.0, 0.0, 1.0, 0.0, 0.0, 0.0, 0.0, 0.0, 1.0, 1.0]",['lNONMMUG002215'],[0.0],[1.0],[0.8361413940512483]
3,"['lNONMMUG000508', 'lNONMMUG002215', 'lNONMMUG009962', 'lNONMMUG013211', 'lNONMMUG017485', 'lNONMMUG017913', 'lNONMMUG020673', 'lNONMMUG023454', 'lNONMMUG026355', 'lNONMMUG029813', 'lNONMMUG030202', 'lNONMMUG033401', 'lNONMMUG034886', 'lNONMMUG038355', 'lNONMMUG039685', 'lNONMMUG041158', 'lNONMMUG041781', 'lNONMMUG045568', 'lNONMMUG045569', 'lNONMMUG045574', 'lENSMUSG00000044471', 'lENSMUSG00000075277', 'lENSMUSG00000078190', 'lENSMUSG00000078247', 'lENSMUSG00000085354', 'lENSMUSG00000085715', 'lENSMUSG00000085873', 'lENSMUSG00000086035', 'lENSMUSG00000086141', 'lENSMUSG00000090063', 'lENSMUSG00000097336', 'lENSMUSG00000097571', 'lENSMUSG00000097767', 'lENSMUSG00000098439', 'lENSMUSG00000101609', 'lENSMUSG00000106519', 'l9030622O22Rik', 'lDlx6os1', 'lDnm3os', 'lGas5', 'lGm12610', 'lMiat', 'lNeat1', 'lNONMMUG002771', 'lNONMMUG004366', 'lNONMMUG007120', 'lNONMMUG008199', 'lNONMMUG009173', 'lNONMMUG009235', 'lNONMMUG010099', 'lNONMMUG012984', 'lNONMMUG013851', 'lNONMMUG014034', 'lNONMMUG017321', 'lNONMMUG017372', 'lNONMMUG019692', 'lNONMMUG020560', 'lNONMMUG021010', 'lNONMMUG023106', 'lNONMMUG024809', 'lNONMMUG025805', 'lNONMMUG029789', 'lNONMMUG031524', 'lNONMMUG031860', 'lNONMMUG032531', 'lNONMMUG033434', 'lNONMMUG034060', 'lNONMMUG035589', 'lNONMMUG036314', 'lNONMMUG036495', 'lNONMMUG038170', 'lNONMMUG038692', 'lNONMMUG038718', 'lNONMMUG039825', 'lNONMMUG041948', 'lNONMMUG042190', 'lNONMMUG043393', 'lNONMMUG043843', 'lNONMMUG044302', 'lNONMMUG045259', 'lENSMUSG00000085908', 'lENSMUSG00000103692', 'lENSMUSG00000106828', 'lENSMUSG00000107766', 'lGm13291', 'lSnord11', 'lSnord67']","[0.0, 0.0, 0.0, 1.0, 0.0, 1.0, 0.0, 0.0, 1.0, 1.0, 0.0, 1.0, 1.0, 1.0, 1.0, 0.0, 0.0, 0.0, 0.0, 1.0, 0.0, 1.0, 1.0, 0.0, 0.0, 0.0, 0.0, 0.0, 1.0, 0.0, 0.0, 1.0, 1.0, 1.0, 0.0, 0.0, 1.0, 1.0, 1.0, 1.0, 1.0, 1.0, 0.0, 1.0, 1.0, 0.0, 0.0, 1.0, 0.0, 0.0, 1.0, 1.0, 0.0, 1.0, 0.0, 0.0, 0.0, 1.0, 1.0, 1.0, 0.0, 1.0, 0.0, 0.0, 1.0, 0.0, 1.0, 1.0, 0.0, 0.0, 0.0, 1.0, 1.0, 1.0, 1.0, 1.0, 1.0, 0.0, 0.0, 1.0, 0.0, 0.0, 0.0, 0.0, 0.0, 1.0, 1.0]",['lNONMMUG002239'],[1.0],[1.0],[0.9999977840768555]
4,"['lNONMMUG000508', 'lNONMMUG002215', 'lNONMMUG002239', 'lNONMMUG013211', 'lNONMMUG017485', 'lNONMMUG017913', 'lNONMMUG020673', 'lNONMMUG023454', 'lNONMMUG026355', 'lNONMMUG029813', 'lNONMMUG030202', 'lNONMMUG033401', 'lNONMMUG034886', 'lNONMMUG038355', 'lNONMMUG039685', 'lNONMMUG041158', 'lNONMMUG041781', 'lNONMMUG045568', 'lNONMMUG045569', 'lNONMMUG045574', 'lENSMUSG00000044471', 'lENSMUSG00000075277', 'lENSMUSG00000078190', 'lENSMUSG00000078247', 'lENSMUSG00000085354', 'lENSMUSG00000085715', 'lENSMUSG00000085873', 'lENSMUSG00000086035', 'lENSMUSG00000086141', 'lENSMUSG00000090063', 'lENSMUSG00000097336', 'lENSMUSG00000097571', 'lENSMUSG00000097767', 'lENSMUSG00000098439', 'lENSMUSG00000101609', 'lENSMUSG00000106519', 'l9030622O22Rik', 'lDlx6os1', 'lDnm3os', 'lGas5', 'lGm12610', 'lMiat', 'lNeat1', 'lNONMMUG002771', 'lNONMMUG004366', 'lNONMMUG007120', 'lNONMMUG008199', 'lNONMMUG009173', 'lNONMMUG009235', 'lNONMMUG010099', 'lNONMMUG012984', 'lNONMMUG013851', 'lNONMMUG014034', 'lNONMMUG017321', 'lNONMMUG017372', 'lNONMMUG019692', 'lNONMMUG020560', 'lNONMMUG021010', 'lNONMMUG023106', 'lNONMMUG024809', 'lNONMMUG025805', 'lNONMMUG029789', 'lNONMMUG031524', 'lNONMMUG031860', 'lNONMMUG032531', 'lNONMMUG033434', 'lNONMMUG034060', 'lNONMMUG035589', 'lNONMMUG036314', 'lNONMMUG036495', 'lNONMMUG038170', 'lNONMMUG038692', 'lNONMMUG038718', 'lNONMMUG039825', 'lNONMMUG041948', 'lNONMMUG042190', 'lNONMMUG043393', 'lNONMMUG043843', 'lNONMMUG044302', 'lNONMMUG045259', 'lENSMUSG00000085908', 'lENSMUSG00000103692', 'lENSMUSG00000106828', 'lENSMUSG00000107766', 'lGm13291', 'lSnord11', 'lSnord67']","[0.0, 0.0, 1.0, 1.0, 0.0, 1.0, 0.0, 0.0, 1.0, 1.0, 0.0, 1.0, 1.0, 1.0, 1.0, 0.0, 0.0, 0.0, 0.0, 1.0, 0.0, 1.0, 1.0, 0.0, 0.0, 0.0, 0.0, 0.0, 1.0, 0.0, 0.0, 1.0, 1.0, 1.0, 0.0, 0.0, 1.0, 1.0, 1.0, 1.0, 1.0, 1.0, 0.0, 1.0, 1.0, 0.0, 0.0, 1.0, 0.0, 0.0, 1.0, 1.0, 0.0, 1.0, 0.0, 0.0, 0.0, 1.0, 1.0, 1.0, 0.0, 1.0, 0.0, 0.0, 1.0, 0.0, 1.0, 1.0, 0.0, 0.0, 0.0, 1.0, 1.0, 1.0, 1.0, 1.0, 1.0, 0.0, 0.0, 1.0, 0.0, 0.0, 0.0, 0.0, 0.0, 1.0, 1.0]",['lNONMMUG009962'],[0.0],[0.0],[0.0008992081479348889]
5,"['lNONMMUG000508', 'lNONMMUG002215', 'lNONMMUG002239', 'lNONMMUG009962', 'lNONMMUG017485', 'lNONMMUG017913', 'lNONMMUG020673', 'lNONMMUG023454', 'lNONMMUG026355', 'lNONMMUG029813', 'lNONMMUG030202', 'lNONMMUG033401', 'lNONMMUG034886', 'lNONMMUG038355', 'lNONMMUG039685', 'lNONMMUG041158', 'lNONMMUG041781', 'lNONMMUG045568', 'lNONMMUG045569', 'lNONMMUG045574', 'lENSMUSG00000044471', 'lENSMUSG00000075277', 'lENSMUSG00000078190', 'lENSMUSG00000078247', 'lENSMUSG00000085354', 'lENSMUSG00000085715', 'lENSMUSG00000085873', 'lENSMUSG00000086035', 'lENSMUSG00000086141', 'lENSMUSG00000090063', 'lENSMUSG00000097336', 'lENSMUSG00000097571', 'lENSMUSG00000097767', 'lENSMUSG00000098439', 'lENSMUSG00000101609', 'lENSMUSG00000106519', 'l9030622O22Rik', 'lDlx6os1', 'lDnm3os', 'lGas5', 'lGm12610', 'lMiat', 'lNeat1', 'lNONMMUG002771', 'lNONMMUG004366', 'lNONMMUG007120', 'lNONMMUG008199', 'lNONMMUG009173', 'lNONMMUG009235', 'lNONMMUG010099', 'lNONMMUG012984', 'lNONMMUG013851', 'lNONMMUG014034', 'lNONMMUG017321', 'lNONMMUG017372', 'lNONMMUG019692', 'lNONMMUG020560', 'lNONMMUG021010', 'lNONMMUG023106', 'lNONMMUG024809', 'lNONMMUG025805', 'lNONMMUG029789', 'lNONMMUG031524', 'lNONMMUG031860', 'lNONMMUG032531', 'lNONMMUG033434', 'lNONMMUG034060', 'lNONMMUG035589', 'lNONMMUG036314', 'lNONMMUG036495', 'lNONMMUG038170', 'lNONMMUG038692', 'lNONMMUG038718', 'lNONMMUG039825', 'lNONMMUG041948', 'lNONMMUG042190', 'lNONMMUG043393', 'lNONMMUG043843', 'lNONMMUG044302', 'lNONMMUG045259', 'lENSMUSG00000085908', 'lENSMUSG00000103692', 'lENSMUSG00000106828', 'lENSMUSG00000107766', 'lGm13291', 'lSnord11', 'lSnord67']","[0.0, 0.0, 1.0, 0.0, 0.0, 1.0, 0.0, 0.0, 1.0, 1.0, 0.0, 1.0, 1.0, 1.0, 1.0, 0.0, 0.0, 0.0, 0.0, 1.0, 0.0, 1.0, 1.0, 0.0, 0.0, 0.0, 0.0, 0.0, 1.0, 0.0, 0.0, 1.0, 1.0, 1.0, 0.0, 0.0, 1.0, 1.0, 1.0, 1.0, 1.0, 1.0, 0.0, 1.0, 1.0, 0.0, 0.0, 1.0, 0.0, 0.0, 1.0, 1.0, 0.0, 1.0, 0.0, 0.0, 0.0, 1.0, 1.0, 1.0, 0.0, 1.0, 0.0, 0.0, 1.0, 0.0, 1.0, 1.0, 0.0, 0.0, 0.0, 1.0, 1.0, 1.0, 1.0, 1.0, 1.0, 0.0, 0.0, 1.0, 0.0, 0.0, 0.0, 0.0, 0.0, 1.0, 1.0]",['lNONMMUG013211'],[1.0],[1.0],[0.9999997708383656]
6,"['lNONMMUG000508', 'lNONMMUG002215', 'lNONMMUG002239', 'lNONMMUG009962', 'lNONMMUG013211', 'lNONMMUG017913', 'lNONMMUG020673', 'lNONMMUG023454', 'lNONMMUG026355', 'lNONMMUG029813', 'lNONMMUG030202', 'lNONMMUG033401', 'lNONMMUG034886', 'lNONMMUG038355', 'lNONMMUG039685', 'lNONMMUG041158', 'lNONMMUG041781', 'lNONMMUG045568', 'lNONMMUG045569', 'lNONMMUG045574', 'lENSMUSG00000044471', 'lENSMUSG00000075277', 'lENSMUSG00000078190', 'lENSMUSG00000078247', 'lENSMUSG00000085354', 'lENSMUSG00000085715', 'lENSMUSG00000085873', 'lENSMUSG00000086035', 'lENSMUSG00000086141', 'lENSMUSG00000090063', 'lENSMUSG00000097336', 'lENSMUSG00000097571', 'lENSMUSG00000097767', 'lENSMUSG00000098439', 'lENSMUSG00000101609', 'lENSMUSG00000106519', 'l9030622O22Rik', 'lDlx6os1', 'lDnm3os', 'lGas5', 'lGm12610', 'lMiat', 'lNeat1', 'lNONMMUG002771', 'lNONMMUG004366', 'lNONMMUG007120', 'lNONMMUG008199', 'lNONMMUG009173', 'lNONMMUG009235', 'lNONMMUG010099', 'lNONMMUG012984', 'lNONMMUG013851', 'lNONMMUG014034', 'lNONMMUG017321', 'lNONMMUG017372', 'lNONMMUG019692', 'lNONMMUG020560', 'lNONMMUG021010', 'lNONMMUG023106', 'lNONMMUG024809', 'lNONMMUG025805', 'lNONMMUG029789', 'lNONMMUG031524', 'lNONMMUG031860', 'lNONMMUG032531', 'lNONMMUG033434', 'lNONMMUG034060', 'lNONMMUG035589', 'lNONMMUG036314', 'lNONMMUG036495', 'lNONMMUG038170', 'lNONMMUG038692', 'lNONMMUG038718', 'lNONMMUG039825', 'lNONMMUG041948', 'lNONMMUG042190', 'lNONMMUG043393', 'lNONMMUG043843', 'lNONMMUG044302', 'lNONMMUG045259', 'lENSMUSG00000085908', 'lENSMUSG00000103692', 'lENSMUSG00000106828', 'lENSMUSG00000107766', 'lGm13291', 'lSnord11', 'lSnord67']","[0.0, 0.0, 1.0, 0.0, 1.0, 1.0, 0.0, 0.0, 1.0, 1.0, 0.0, 1.0, 1.0, 1.0, 1.0, 0.0, 0.0, 0.0, 0.0, 1.0, 0.0, 1.0, 1.0, 0.0, 0.0, 0.0, 0.0, 0.0, 1.0, 0.0, 0.0, 1.0, 1.0, 1.0, 0.0, 0.0, 1.0, 1.0, 1.0, 1.0, 1.0, 1.0, 0.0, 1.0, 1.0, 0.0, 0.0, 1.0, 0.0, 0.0, 1.0, 1.0, 0.0, 1.0, 0.0, 0.0, 0.0, 1.0, 1.0, 1.0, 0.0, 1.0, 0.0, 0.0, 1.0, 0.0, 1.0, 1.0, 0.0, 0.0, 0.0, 1.0, 1.0, 1.0, 1.0, 1.0, 1.0, 0.0, 0.0, 1.0, 0.0, 0.0, 0.0, 0.0, 0.0, 1.0, 1.0]",['lNONMMUG017485'],[0.0],[0.0],[0.0048691180558994825]
7,"['lNONMMUG000508', 'lNONMMUG002215', 'lNONMMUG002239', 'lNONMMUG009962', 'lNONMMUG013211', 'lNONMMUG017485', 'lNONMMUG020673', 'lNONMMUG023454', 'lNONMMUG026355', 'lNONMMUG029813', 'lNONMMUG030202', 'lNONMMUG033401', 'lNONMMUG034886', 'lNONMMUG038355', 'lNONMMUG039685', 'lNONMMUG041158', 'lNONMMUG041781', 'lNONMMUG045568', 'lNONMMUG045569', 'lNONMMUG045574', 'lENSMUSG00000044471', 'lENSMUSG00000075277', 'lENSMUSG00000078190', 'lENSMUSG00000078247', 'lENSMUSG00000085354', 'lENSMUSG00000085715', 'lENSMUSG00000085873', 'lENSMUSG00000086035', 'lENSMUSG00000086141', 'lENSMUSG00000090063', 'lENSMUSG00000097336', 'lENSMUSG00000097571', 'lENSMUSG00000097767', 'lENSMUSG00000098439', 'lENSMUSG00000101609', 'lENSMUSG00000106519', 'l9030622O22Rik', 'lDlx6os1', 'lDnm3os', 'lGas5', 'lGm12610', 'lMiat', 'lNeat1', 'lNONMMUG002771', 'lNONMMUG004366', 'lNONMMUG007120', 'lNONMMUG008199', 'lNONMMUG009173', 'lNONMMUG009235', 'lNONMMUG010099', 'lNONMMUG012984', 'lNONMMUG013851', 'lNONMMUG014034', 'lNONMMUG017321', 'lNONMMUG017372', 'lNONMMUG019692', 'lNONMMUG020560', 'lNONMMUG021010', 'lNONMMUG023106', 'lNONMMUG024809', 'lNONMMUG025805', 'lNONMMUG029789', 'lNONMMUG031524', 'lNONMMUG031860', 'lNONMMUG032531', 'lNONMMUG033434', 'lNONMMUG034060', 'lNONMMUG035589', 'lNONMMUG036314', 'lNONMMUG036495', 'lNONMMUG038170', 'lNONMMUG038692', 'lNONMMUG038718', 'lNONMMUG039825', 'lNONMMUG041948', 'lNONMMUG042190', 'lNONMMUG043393', 'lNONMMUG043843', 'lNONMMUG044302', 'lNONMMUG045259', 'lENSMUSG00000085908', 'lENSMUSG00000103692', 'lENSMUSG00000106828', 'lENSMUSG00000107766', 'lGm13291', 'lSnord11', 'lSnord67']","[0.0, 0.0, 1.0, 0.0, 1.0, 0.0, 0.0, 0.0, 1.0, 1.0, 0.0, 1.0, 1.0, 1.0, 1.0, 0.0, 0.0, 0.0, 0.0, 1.0, 0.0, 1.0, 1.0, 0.0, 0.0, 0.0, 0.0, 0.0, 1.0, 0.0, 0.0, 1.0, 1.0, 1.0, 0.0, 0.0, 1.0, 1.0, 1.0, 1.0, 1.0, 1.0, 0.0, 1.0, 1.0, 0.0, 0.0, 1.0, 0.0, 0.0, 1.0, 1.0, 0.0, 1.0, 0.0, 0.0, 0.0, 1.0, 1.0, 1.0, 0.0, 1.0, 0.0, 0.0, 1.0, 0.0, 1.0, 1.0, 0.0, 0.0, 0.0, 1.0, 1.0, 1.0, 1.0, 1.0, 1.0, 0.0, 0.0, 1.0, 0.0, 0.0, 0.0, 0.0, 0.0, 1.0, 1.0]",['lNONMMUG017913'],[1.0],[0.0],[0.057656988425783685]
8,"['lNONMMUG000508', 'lNONMMUG002215', 'lNONMMUG002239', 'lNONMMUG009962', 'lNONMMUG013211', 'lNONMMUG017485', 'lNONMMUG017913', 'lNONMMUG023454', 'lNONMMUG026355', 'lNONMMUG029813', 'lNONMMUG030202', 'lNONMMUG033401', 'lNONMMUG034886', 'lNONMMUG038355', 'lNONMMUG039685', 'lNONMMUG041158', 'lNONMMUG041781', 'lNONMMUG045568', 'lNONMMUG045569', 'lNONMMUG045574', 'lENSMUSG00000044471', 'lENSMUSG00000075277', 'lENSMUSG00000078190', 'lENSMUSG00000078247', 'lENSMUSG00000085354', 'lENSMUSG00000085715', 'lENSMUSG00000085873', 'lENSMUSG00000086035', 'lENSMUSG00000086141', 'lENSMUSG00000090063', 'lENSMUSG00000097336', 'lENSMUSG00000097571', 'lENSMUSG00000097767', 'lENSMUSG00000098439', 'lENSMUSG00000101609', 'lENSMUSG00000106519', 'l9030622O22Rik', 'lDlx6os1', 'lDnm3os', 'lGas5', 'lGm12610', 'lMiat', 'lNeat1', 'lNONMMUG002771', 'lNONMMUG004366', 'lNONMMUG007120', 'lNONMMUG008199', 'lNONMMUG009173', 'lNONMMUG009235', 'lNONMMUG010099', 'lNONMMUG012984', 'lNONMMUG013851', 'lNONMMUG014034', 'lNONMMUG017321', 'lNONMMUG017372', 'lNONMMUG019692', 'lNONMMUG020560', 'lNONMMUG021010', 'lNONMMUG023106', 'lNONMMUG024809', 'lNONMMUG025805', 'lNONMMUG029789', 'lNONMMUG031524', 'lNONMMUG031860', 'lNONMMUG032531', 'lNONMMUG033434', 'lNONMMUG034060', 'lNONMMUG035589', 'lNONMMUG036314', 'lNONMMUG036495', 'lNONMMUG038170', 'lNONMMUG038692', 'lNONMMUG038718', 'lNONMMUG039825', 'lNONMMUG041948', 'lNONMMUG042190', 'lNONMMUG043393', 'lNONMMUG043843', 'lNONMMUG044302', 'lNONMMUG045259', 'lENSMUSG00000085908', 'lENSMUSG00000103692', 'lENSMUSG00000106828', 'lENSMUSG00000107766', 'lGm13291', 'lSnord11', 'lSnord67']","[0.0, 0.0, 1.0, 0.0, 1.0, 0.0, 1.0, 0.0, 1.0, 1.0, 0.0, 1.0, 1.0, 1.0, 1.0, 0.0, 0.0, 0.0, 0.0, 1.0, 0.0, 1.0, 1.0, 0.0, 0.0, 0.0, 0.0, 0.0, 1.0, 0.0, 0.0, 1.0, 1.0, 1.0, 0.0, 0.0, 1.0, 1.0, 1.0, 1.0, 1.0, 1.0, 0.0, 1.0, 1.0, 0.0, 0.0, 1.0, 0.0, 0.0, 1.0, 1.0, 0.0, 1.0, 0.0, 0.0, 0.0, 1.0, 1.0, 1.0, 0.0, 1.0, 0.0, 0.0, 1.0, 0.0, 1.0, 1.0, 0.0, 0.0, 0.0, 1.0, 1.0, 1.0, 1.0, 1.0, 1.0, 0.0, 0.0, 1.0, 0.0, 0.0, 0.0, 0.0, 0.0, 1.0, 1.0]",['lNONMMUG020673'],[0.0],[1.0],[0.9074696407997144]
9,"['lNONMMUG000508', 'lNONMMUG002215', 'lNONMMUG002239', 'lNONMMUG009962', 'lNONMMUG013211', 'lNONMMUG017485', 'lNONMMUG017913', 'lNONMMUG020673', 'lNONMMUG026355', 'lNONMMUG029813', 'lNONMMUG030202', 'lNONMMUG033401', 'lNONMMUG034886', 'lNONMMUG038355', 'lNONMMUG039685', 'lNONMMUG041158', 'lNONMMUG041781', 'lNONMMUG045568', 'lNONMMUG045569', 'lNONMMUG045574', 'lENSMUSG00000044471', 'lENSMUSG00000075277', 'lENSMUSG00000078190', 'lENSMUSG00000078247', 'lENSMUSG00000085354', 'lENSMUSG00000085715', 'lENSMUSG00000085873', 'lENSMUSG00000086035', 'lENSMUSG00000086141', 'lENSMUSG00000090063', 'lENSMUSG00000097336', 'lENSMUSG00000097571', 'lENSMUSG00000097767', 'lENSMUSG00000098439', 'lENSMUSG00000101609', 'lENSMUSG00000106519', 'l9030622O22Rik', 'lDlx6os1', 'lDnm3os', 'lGas5', 'lGm12610', 'lMiat', 'lNeat1', 'lNONMMUG002771', 'lNONMMUG004366', 'lNONMMUG007120', 'lNONMMUG008199', 'lNONMMUG009173', 'lNONMMUG009235', 'lNONMMUG010099', 'lNONMMUG012984', 'lNONMMUG013851', 'lNONMMUG014034', 'lNONMMUG017321', 'lNONMMUG017372', 'lNONMMUG019692', 'lNONMMUG020560', 'lNONMMUG021010', 'lNONMMUG023106', 'lNONMMUG024809', 'lNONMMUG025805', 'lNONMMUG029789', 'lNONMMUG031524', 'lNONMMUG031860', 'lNONMMUG032531', 'lNONMMUG033434', 'lNONMMUG034060', 'lNONMMUG035589', 'lNONMMUG036314', 'lNONMMUG036495', 'lNONMMUG038170', 'lNONMMUG038692', 'lNONMMUG038718', 'lNONMMUG039825', 'lNONMMUG041948', 'lNONMMUG042190', 'lNONMMUG043393', 'lNONMMUG043843', 'lNONMMUG044302', 'lNONMMUG045259', 'lENSMUSG00000085908', 'lENSMUSG00000103692', 'lENSMUSG00000106828', 'lENSMUSG00000107766', 'lGm13291', 'lSnord11', 'lSnord67']","[0.0, 0.0, 1.0, 0.0, 1.0, 0.0, 1.0, 0.0, 1.0, 1.0, 0.0, 1.0, 1.0, 1.0, 1.0, 0.0, 0.0, 0.0, 0.0, 1.0, 0.0, 1.0, 1.0, 0.0, 0.0, 0.0, 0.0, 0.0, 1.0, 0.0, 0.0, 1.0, 1.0, 1.0, 0.0, 0.0, 1.0, 1.0, 1.0, 1.0, 1.0, 1.0, 0.0, 1.0, 1.0, 0.0, 0.0, 1.0, 0.0, 0.0, 1.0, 1.0, 0.0, 1.0, 0.0, 0.0, 0.0, 1.0, 1.0, 1.0, 0.0, 1.0, 0.0, 0.0, 1.0, 0.0, 1.0, 1.0, 0.0, 0.0, 0.0, 1.0, 1.0, 1.0, 1.0, 1.0, 1.0, 0.0, 0.0, 1.0, 0.0, 0.0, 0.0, 0.0, 0.0, 1.0, 1.0]",['lNONMMUG023454'],[0.0],[1.0],[1.0]
10,"['lNONMMUG000508', 'lNONMMUG002215', 'lNONMMUG002239', 'lNONMMUG009962', 'lNONMMUG013211', 'lNONMMUG017485', 'lNONMMUG017913', 'lNONMMUG020673', 'lNONMMUG023454', 'lNONMMUG029813', 'lNONMMUG030202', 'lNONMMUG033401', 'lNONMMUG034886', 'lNONMMUG038355', 'lNONMMUG039685', 'lNONMMUG041158', 'lNONMMUG041781', 'lNONMMUG045568', 'lNONMMUG045569', 'lNONMMUG045574', 'lENSMUSG00000044471', 'lENSMUSG00000075277', 'lENSMUSG00000078190', 'lENSMUSG00000078247', 'lENSMUSG00000085354', 'lENSMUSG00000085715', 'lENSMUSG00000085873', 'lENSMUSG00000086035', 'lENSMUSG00000086141', 'lENSMUSG00000090063', 'lENSMUSG00000097336', 'lENSMUSG00000097571', 'lENSMUSG00000097767', 'lENSMUSG00000098439', 'lENSMUSG00000101609', 'lENSMUSG00000106519', 'l9030622O22Rik', 'lDlx6os1', 'lDnm3os', 'lGas5', 'lGm12610', 'lMiat', 'lNeat1', 'lNONMMUG002771', 'lNONMMUG004366', 'lNONMMUG007120', 'lNONMMUG008199', 'lNONMMUG009173', 'lNONMMUG009235', 'lNONMMUG010099', 'lNONMMUG012984', 'lNONMMUG013851', 'lNONMMUG014034', 'lNONMMUG017321', 'lNONMMUG017372', 'lNONMMUG019692', 'lNONMMUG020560', 'lNONMMUG021010', 'lNONMMUG023106', 'lNONMMUG024809', 'lNONMMUG025805', 'lNONMMUG029789', 'lNONMMUG031524', 'lNONMMUG031860', 'lNONMMUG032531', 'lNONMMUG033434', 'lNONMMUG034060', 'lNONMMUG035589', 'lNONMMUG036314', 'lNONMMUG036495', 'lNONMMUG038170', 'lNONMMUG038692', 'lNONMMUG038718', 'lNONMMUG039825', 'lNONMMUG041948', 'lNONMMUG042190', 'lNONMMUG043393', 'lNONMMUG043843', 'lNONMMUG044302', 'lNONMMUG045259', 'lENSMUSG00000085908', 'lENSMUSG00000103692', 'lENSMUSG00000106828', 'lENSMUSG00000107766', 'lGm13291', 'lSnord11', 'lSnord67']","[0.0, 0.0, 1.0, 0.0, 1.0, 0.0, 1.0, 0.0, 0.0, 1.0, 0.0, 1.0, 1.0, 1.0, 1.0, 0.0, 0.0, 0.0, 0.0, 1.0, 0.0, 1.0, 1.0, 0.0, 0.0, 0.0, 0.0, 0.0, 1.0, 0.0, 0.0, 1.0, 1.0, 1.0, 0.0, 0.0, 1.0, 1.0, 1.0, 1.0, 1.0, 1.0, 0.0, 1.0, 1.0, 0.0, 0.0, 1.0, 0.0, 0.0, 1.0, 1.0, 0.0, 1.0, 0.0, 0.0, 0.0, 1.0, 1.0, 1.0, 0.0, 1.0, 0.0, 0.0, 1.0, 0.0, 1.0, 1.0, 0.0, 0.0, 0.0, 1.0, 1.0, 1.0, 1.0, 1.0, 1.0, 0.0, 0.0, 1.0, 0.0, 0.0, 0.0, 0.0, 0.0, 1.0, 1.0]",['lNONMMUG026355'],[1.0],[1.0],[0.999997571304359]
11,"['lNONMMUG000508', 'lNONMMUG002215', 'lNONMMUG002239', 'lNONMMUG009962', 'lNONMMUG013211', 'lNONMMUG017485', 'lNONMMUG017913', 'lNONMMUG020673', 'lNONMMUG023454', 'lNONMMUG026355', 'lNONMMUG030202', 'lNONMMUG033401', 'lNONMMUG034886', 'lNONMMUG038355', 'lNONMMUG039685', 'lNONMMUG041158', 'lNONMMUG041781', 'lNONMMUG045568', 'lNONMMUG045569', 'lNONMMUG045574', 'lENSMUSG00000044471', 'lENSMUSG00000075277', 'lENSMUSG00000078190', 'lENSMUSG00000078247', 'lENSMUSG00000085354', 'lENSMUSG00000085715', 'lENSMUSG00000085873', 'lENSMUSG00000086035', 'lENSMUSG00000086141', 'lENSMUSG00000090063', 'lENSMUSG00000097336', 'lENSMUSG00000097571', 'lENSMUSG00000097767', 'lENSMUSG00000098439', 'lENSMUSG00000101609', 'lENSMUSG00000106519', 'l9030622O22Rik', 'lDlx6os1', 'lDnm3os', 'lGas5', 'lGm12610', 'lMiat', 'lNeat1', 'lNONMMUG002771', 'lNONMMUG004366', 'lNONMMUG007120', 'lNONMMUG008199', 'lNONMMUG009173', 'lNONMMUG009235', 'lNONMMUG010099', 'lNONMMUG012984', 'lNONMMUG013851', 'lNONMMUG014034', 'lNONMMUG017321', 'lNONMMUG017372', 'lNONMMUG019692', 'lNONMMUG020560', 'lNONMMUG021010', 'lNONMMUG023106', 'lNONMMUG024809', 'lNONMMUG025805', 'lNONMMUG029789', 'lNONMMUG031524', 'lNONMMUG031860', 'lNONMMUG032531', 'lNONMMUG033434', 'lNONMMUG034060', 'lNONMMUG035589', 'lNONMMUG036314', 'lNONMMUG036495', 'lNONMMUG038170', 'lNONMMUG038692', 'lNONMMUG038718', 'lNONMMUG039825', 'lNONMMUG041948', 'lNONMMUG042190', 'lNONMMUG043393', 'lNONMMUG043843', 'lNONMMUG044302', 'lNONMMUG045259', 'lENSMUSG00000085908', 'lENSMUSG00000103692', 'lENSMUSG00000106828', 'lENSMUSG00000107766', 'lGm13291', 'lSnord11', 'lSnord67']","[0.0, 0.0, 1.0, 0.0, 1.0, 0.0, 1.0, 0.0, 0.0, 1.0, 0.0, 1.0, 1.0, 1.0, 1.0, 0.0, 0.0, 0.0, 0.0, 1.0, 0.0, 1.0, 1.0, 0.0, 0.0, 0.0, 0.0, 0.0, 1.0, 0.0, 0.0, 1.0, 1.0, 1.0, 0.0, 0.0, 1.0, 1.0, 1.0, 1.0, 1.0, 1.0, 0.0, 1.0, 1.0, 0.0, 0.0, 1.0, 0.0, 0.0, 1.0, 1.0, 0.0, 1.0, 0.0, 0.0, 0.0, 1.0, 1.0, 1.0, 0.0, 1.0, 0.0, 0.0, 1.0, 0.0, 1.0, 1.0, 0.0, 0.0, 0.0, 1.0, 1.0, 1.0, 1.0, 1.0, 1.0, 0.0, 0.0, 1.0, 0.0, 0.0, 0.0, 0.0, 0.0, 1.0, 1.0]",['lNONMMUG029813'],[1.0],[1.0],[0.7592957180846279]
12,"['lNONMMUG000508', 'lNONMMUG002215', 'lNONMMUG002239', 'lNONMMUG009962', 'lNONMMUG013211', 'lNONMMUG017485', 'lNONMMUG017913', 'lNONMMUG020673', 'lNONMMUG023454', 'lNONMMUG026355', 'lNONMMUG029813', 'lNONMMUG033401', 'lNONMMUG034886', 'lNONMMUG038355', 'lNONMMUG039685', 'lNONMMUG041158', 'lNONMMUG041781', 'lNONMMUG045568', 'lNONMMUG045569', 'lNONMMUG045574', 'lENSMUSG00000044471', 'lENSMUSG00000075277', 'lENSMUSG00000078190', 'lENSMUSG00000078247', 'lENSMUSG00000085354', 'lENSMUSG00000085715', 'lENSMUSG00000085873', 'lENSMUSG00000086035', 'lENSMUSG00000086141', 'lENSMUSG00000090063', 'lENSMUSG00000097336', 'lENSMUSG00000097571', 'lENSMUSG00000097767', 'lENSMUSG00000098439', 'lENSMUSG00000101609', 'lENSMUSG00000106519', 'l9030622O22Rik', 'lDlx6os1', 'lDnm3os', 'lGas5', 'lGm12610', 'lMiat', 'lNeat1', 'lNONMMUG002771', 'lNONMMUG004366', 'lNONMMUG007120', 'lNONMMUG008199', 'lNONMMUG009173', 'lNONMMUG009235', 'lNONMMUG010099', 'lNONMMUG012984', 'lNONMMUG013851', 'lNONMMUG014034', 'lNONMMUG017321', 'lNONMMUG017372', 'lNONMMUG019692', 'lNONMMUG020560', 'lNONMMUG021010', 'lNONMMUG023106', 'lNONMMUG024809', 'lNONMMUG025805', 'lNONMMUG029789', 'lNONMMUG031524', 'lNONMMUG031860', 'lNONMMUG032531', 'lNONMMUG033434', 'lNONMMUG034060', 'lNONMMUG035589', 'lNONMMUG036314', 'lNONMMUG036495', 'lNONMMUG038170', 'lNONMMUG038692', 'lNONMMUG038718', 'lNONMMUG039825', 'lNONMMUG041948', 'lNONMMUG042190', 'lNONMMUG043393', 'lNONMMUG043843', 'lNONMMUG044302', 'lNONMMUG045259', 'lENSMUSG00000085908', 'lENSMUSG00000103692', 'lENSMUSG00000106828', 'lENSMUSG00000107766', 'lGm13291', 'lSnord11', 'lSnord67']","[0.0, 0.0, 1.0, 0.0, 1.0, 0.0, 1.0, 0.0, 0.0, 1.0, 1.0, 1.0, 1.0, 1.0, 1.0, 0.0, 0.0, 0.0, 0.0, 1.0, 0.0, 1.0, 1.0, 0.0, 0.0, 0.0, 0.0, 0.0, 1.0, 0.0, 0.0, 1.0, 1.0, 1.0, 0.0, 0.0, 1.0, 1.0, 1.0, 1.0, 1.0, 1.0, 0.0, 1.0, 1.0, 0.0, 0.0, 1.0, 0.0, 0.0, 1.0, 1.0, 0.0, 1.0, 0.0, 0.0, 0.0, 1.0, 1.0, 1.0, 0.0, 1.0, 0.0, 0.0, 1.0, 0.0, 1.0, 1.0, 0.0, 0.0, 0.0, 1.0, 1.0, 1.0, 1.0, 1.0, 1.0, 0.0, 0.0, 1.0, 0.0, 0.0, 0.0, 0.0, 0.0, 1.0, 1.0]",['lNONMMUG030202'],[0.0],[1.0],[0.9895113423691838]
13,"['lNONMMUG000508', 'lNONMMUG002215', 'lNONMMUG002239', 'lNONMMUG009962', 'lNONMMUG013211', 'lNONMMUG017485', 'lNONMMUG017913', 'lNONMMUG020673', 'lNONMMUG023454', 'lNONMMUG026355', 'lNONMMUG029813', 'lNONMMUG030202', 'lNONMMUG034886', 'lNONMMUG038355', 'lNONMMUG039685', 'lNONMMUG041158', 'lNONMMUG041781', 'lNONMMUG045568', 'lNONMMUG045569', 'lNONMMUG045574', 'lENSMUSG00000044471', 'lENSMUSG00000075277', 'lENSMUSG00000078190', 'lENSMUSG00000078247', 'lENSMUSG00000085354', 'lENSMUSG00000085715', 'lENSMUSG00000085873', 'lENSMUSG00000086035', 'lENSMUSG00000086141', 'lENSMUSG00000090063', 'lENSMUSG00000097336', 'lENSMUSG00000097571', 'lENSMUSG00000097767', 'lENSMUSG00000098439', 'lENSMUSG00000101609', 'lENSMUSG00000106519', 'l9030622O22Rik', 'lDlx6os1', 'lDnm3os', 'lGas5', 'lGm12610', 'lMiat', 'lNeat1', 'lNONMMUG002771', 'lNONMMUG004366', 'lNONMMUG007120', 'lNONMMUG008199', 'lNONMMUG009173', 'lNONMMUG009235', 'lNONMMUG010099', 'lNONMMUG012984', 'lNONMMUG013851', 'lNONMMUG014034', 'lNONMMUG017321', 'lNONMMUG017372', 'lNONMMUG019692', 'lNONMMUG020560', 'lNONMMUG021010', 'lNONMMUG023106', 'lNONMMUG024809', 'lNONMMUG025805', 'lNONMMUG029789', 'lNONMMUG031524', 'lNONMMUG031860', 'lNONMMUG032531', 'lNONMMUG033434', 'lNONMMUG034060', 'lNONMMUG035589', 'lNONMMUG036314', 'lNONMMUG036495', 'lNONMMUG038170', 'lNONMMUG038692', 'lNONMMUG038718', 'lNONMMUG039825', 'lNONMMUG041948', 'lNONMMUG042190', 'lNONMMUG043393', 'lNONMMUG043843', 'lNONMMUG044302', 'lNONMMUG045259', 'lENSMUSG00000085908', 'lENSMUSG00000103692', 'lENSMUSG00000106828', 'lENSMUSG00000107766', 'lGm13291', 'lSnord11', 'lSnord67']","[0.0, 0.0, 1.0, 0.0, 1.0, 0.0, 1.0, 0.0, 0.0, 1.0, 1.0, 0.0, 1.0, 1.0, 1.0, 0.0, 0.0, 0.0, 0.0, 1.0, 0.0, 1.0, 1.0, 0.0, 0.0, 0.0, 0.0, 0.0, 1.0, 0.0, 0.0, 1.0, 1.0, 1.0, 0.0, 0.0, 1.0, 1.0, 1.0, 1.0, 1.0, 1.0, 0.0, 1.0, 1.0, 0.0, 0.0, 1.0, 0.0, 0.0, 1.0, 1.0, 0.0, 1.0, 0.0, 0.0, 0.0, 1.0, 1.0, 1.0, 0.0, 1.0, 0.0, 0.0, 1.0, 0.0, 1.0, 1.0, 0.0, 0.0, 0.0, 1.0, 1.0, 1.0, 1.0, 1.0, 1.0, 0.0, 0.0, 1.0, 0.0, 0.0, 0.0, 0.0, 0.0, 1.0, 1.0]",['lNONMMUG033401'],[1.0],[0.0],[0.46817645469359176]
14,"['lNONMMUG000508', 'lNONMMUG002215', 'lNONMMUG002239', 'lNONMMUG009962', 'lNONMMUG013211', 'lNONMMUG017485', 'lNONMMUG017913', 'lNONMMUG020673', 'lNONMMUG023454', 'lNONMMUG026355', 'lNONMMUG029813', 'lNONMMUG030202', 'lNONMMUG033401', 'lNONMMUG038355', 'lNONMMUG039685', 'lNONMMUG041158', 'lNONMMUG041781', 'lNONMMUG045568', 'lNONMMUG045569', 'lNONMMUG045574', 'lENSMUSG00000044471', 'lENSMUSG00000075277', 'lENSMUSG00000078190', 'lENSMUSG00000078247', 'lENSMUSG00000085354', 'lENSMUSG00000085715', 'lENSMUSG00000085873', 'lENSMUSG00000086035', 'lENSMUSG00000086141', 'lENSMUSG00000090063', 'lENSMUSG00000097336', 'lENSMUSG00000097571', 'lENSMUSG00000097767', 'lENSMUSG00000098439', 'lENSMUSG00000101609', 'lENSMUSG00000106519', 'l9030622O22Rik', 'lDlx6os1', 'lDnm3os', 'lGas5', 'lGm12610', 'lMiat', 'lNeat1', 'lNONMMUG002771', 'lNONMMUG004366', 'lNONMMUG007120', 'lNONMMUG008199', 'lNONMMUG009173', 'lNONMMUG009235', 'lNONMMUG010099', 'lNONMMUG012984', 'lNONMMUG013851', 'lNONMMUG014034', 'lNONMMUG017321', 'lNONMMUG017372', 'lNONMMUG019692', 'lNONMMUG020560', 'lNONMMUG021010', 'lNONMMUG023106', 'lNONMMUG024809', 'lNONMMUG025805', 'lNONMMUG029789', 'lNONMMUG031524', 'lNONMMUG031860', 'lNONMMUG032531', 'lNONMMUG033434', 'lNONMMUG034060', 'lNONMMUG035589', 'lNONMMUG036314', 'lNONMMUG036495', 'lNONMMUG038170', 'lNONMMUG038692', 'lNONMMUG038718', 'lNONMMUG039825', 'lNONMMUG041948', 'lNONMMUG042190', 'lNONMMUG043393', 'lNONMMUG043843', 'lNONMMUG044302', 'lNONMMUG045259', 'lENSMUSG00000085908', 'lENSMUSG00000103692', 'lENSMUSG00000106828', 'lENSMUSG00000107766', 'lGm13291', 'lSnord11', 'lSnord67']","[0.0, 0.0, 1.0, 0.0, 1.0, 0.0, 1.0, 0.0, 0.0, 1.0, 1.0, 0.0, 1.0, 1.0, 1.0, 0.0, 0.0, 0.0, 0.0, 1.0, 0.0, 1.0, 1.0, 0.0, 0.0, 0.0, 0.0, 0.0, 1.0, 0.0, 0.0, 1.0, 1.0, 1.0, 0.0, 0.0, 1.0, 1.0, 1.0, 1.0, 1.0, 1.0, 0.0, 1.0, 1.0, 0.0, 0.0, 1.0, 0.0, 0.0, 1.0, 1.0, 0.0, 1.0, 0.0, 0.0, 0.0, 1.0, 1.0, 1.0, 0.0, 1.0, 0.0, 0.0, 1.0, 0.0, 1.0, 1.0, 0.0, 0.0, 0.0, 1.0, 1.0, 1.0, 1.0, 1.0, 1.0, 0.0, 0.0, 1.0, 0.0, 0.0, 0.0, 0.0, 0.0, 1.0, 1.0]",['lNONMMUG034886'],[1.0],[0.0],[0.0001377495987337825]
15,"['lNONMMUG000508', 'lNONMMUG002215', 'lNONMMUG002239', 'lNONMMUG009962', 'lNONMMUG013211', 'lNONMMUG017485', 'lNONMMUG017913', 'lNONMMUG020673', 'lNONMMUG023454', 'lNONMMUG026355', 'lNONMMUG029813', 'lNONMMUG030202', 'lNONMMUG033401', 'lNONMMUG034886', 'lNONMMUG039685', 'lNONMMUG041158', 'lNONMMUG041781', 'lNONMMUG045568', 'lNONMMUG045569', 'lNONMMUG045574', 'lENSMUSG00000044471', 'lENSMUSG00000075277', 'lENSMUSG00000078190', 'lENSMUSG00000078247', 'lENSMUSG00000085354', 'lENSMUSG00000085715', 'lENSMUSG00000085873', 'lENSMUSG00000086035', 'lENSMUSG00000086141', 'lENSMUSG00000090063', 'lENSMUSG00000097336', 'lENSMUSG00000097571', 'lENSMUSG00000097767', 'lENSMUSG00000098439', 'lENSMUSG00000101609', 'lENSMUSG00000106519', 'l9030622O22Rik', 'lDlx6os1', 'lDnm3os', 'lGas5', 'lGm12610', 'lMiat', 'lNeat1', 'lNONMMUG002771', 'lNONMMUG004366', 'lNONMMUG007120', 'lNONMMUG008199', 'lNONMMUG009173', 'lNONMMUG009235', 'lNONMMUG010099', 'lNONMMUG012984', 'lNONMMUG013851', 'lNONMMUG014034', 'lNONMMUG017321', 'lNONMMUG017372', 'lNONMMUG019692', 'lNONMMUG020560', 'lNONMMUG021010', 'lNONMMUG023106', 'lNONMMUG024809', 'lNONMMUG025805', 'lNONMMUG029789', 'lNONMMUG031524', 'lNONMMUG031860', 'lNONMMUG032531', 'lNONMMUG033434', 'lNONMMUG034060', 'lNONMMUG035589', 'lNONMMUG036314', 'lNONMMUG036495', 'lNONMMUG038170', 'lNONMMUG038692', 'lNONMMUG038718', 'lNONMMUG039825', 'lNONMMUG041948', 'lNONMMUG042190', 'lNONMMUG043393', 'lNONMMUG043843', 'lNONMMUG044302', 'lNONMMUG045259', 'lENSMUSG00000085908', 'lENSMUSG00000103692', 'lENSMUSG00000106828', 'lENSMUSG00000107766', 'lGm13291', 'lSnord11', 'lSnord67']","[0.0, 0.0, 1.0, 0.0, 1.0, 0.0, 1.0, 0.0, 0.0, 1.0, 1.0, 0.0, 1.0, 1.0, 1.0, 0.0, 0.0, 0.0, 0.0, 1.0, 0.0, 1.0, 1.0, 0.0, 0.0, 0.0, 0.0, 0.0, 1.0, 0.0, 0.0, 1.0, 1.0, 1.0, 0.0, 0.0, 1.0, 1.0, 1.0, 1.0, 1.0, 1.0, 0.0, 1.0, 1.0, 0.0, 0.0, 1.0, 0.0, 0.0, 1.0, 1.0, 0.0, 1.0, 0.0, 0.0, 0.0, 1.0, 1.0, 1.0, 0.0, 1.0, 0.0, 0.0, 1.0, 0.0, 1.0, 1.0, 0.0, 0.0, 0.0, 1.0, 1.0, 1.0, 1.0, 1.0, 1.0, 0.0, 0.0, 1.0, 0.0, 0.0, 0.0, 0.0, 0.0, 1.0, 1.0]",['lNONMMUG038355'],[1.0],[0.0],[5.851686339917187e-07]
16,"['lNONMMUG000508', 'lNONMMUG002215', 'lNONMMUG002239', 'lNONMMUG009962', 'lNONMMUG013211', 'lNONMMUG017485', 'lNONMMUG017913', 'lNONMMUG020673', 'lNONMMUG023454', 'lNONMMUG026355', 'lNONMMUG029813', 'lNONMMUG030202', 'lNONMMUG033401', 'lNONMMUG034886', 'lNONMMUG038355', 'lNONMMUG041158', 'lNONMMUG041781', 'lNONMMUG045568', 'lNONMMUG045569', 'lNONMMUG045574', 'lENSMUSG00000044471', 'lENSMUSG00000075277', 'lENSMUSG00000078190', 'lENSMUSG00000078247', 'lENSMUSG00000085354', 'lENSMUSG00000085715', 'lENSMUSG00000085873', 'lENSMUSG00000086035', 'lENSMUSG00000086141', 'lENSMUSG00000090063', 'lENSMUSG00000097336', 'lENSMUSG00000097571', 'lENSMUSG00000097767', 'lENSMUSG00000098439', 'lENSMUSG00000101609', 'lENSMUSG00000106519', 'l9030622O22Rik', 'lDlx6os1', 'lDnm3os', 'lGas5', 'lGm12610', 'lMiat', 'lNeat1', 'lNONMMUG002771', 'lNONMMUG004366', 'lNONMMUG007120', 'lNONMMUG008199', 'lNONMMUG009173', 'lNONMMUG009235', 'lNONMMUG010099', 'lNONMMUG012984', 'lNONMMUG013851', 'lNONMMUG014034', 'lNONMMUG017321', 'lNONMMUG017372', 'lNONMMUG019692', 'lNONMMUG020560', 'lNONMMUG021010', 'lNONMMUG023106', 'lNONMMUG024809', 'lNONMMUG025805', 'lNONMMUG029789', 'lNONMMUG031524', 'lNONMMUG031860', 'lNONMMUG032531', 'lNONMMUG033434', 'lNONMMUG034060', 'lNONMMUG035589', 'lNONMMUG036314', 'lNONMMUG036495', 'lNONMMUG038170', 'lNONMMUG038692', 'lNONMMUG038718', 'lNONMMUG039825', 'lNONMMUG041948', 'lNONMMUG042190', 'lNONMMUG043393', 'lNONMMUG043843', 'lNONMMUG044302', 'lNONMMUG045259', 'lENSMUSG00000085908', 'lENSMUSG00000103692', 'lENSMUSG00000106828', 'lENSMUSG00000107766', 'lGm13291', 'lSnord11', 'lSnord67']","[0.0, 0.0, 1.0, 0.0, 1.0, 0.0, 1.0, 0.0, 0.0, 1.0, 1.0, 0.0, 1.0, 1.0, 1.0, 0.0, 0.0, 0.0, 0.0, 1.0, 0.0, 1.0, 1.0, 0.0, 0.0, 0.0, 0.0, 0.0, 1.0, 0.0, 0.0, 1.0, 1.0, 1.0, 0.0, 0.0, 1.0, 1.0, 1.0, 1.0, 1.0, 1.0, 0.0, 1.0, 1.0, 0.0, 0.0, 1.0, 0.0, 0.0, 1.0, 1.0, 0.0, 1.0, 0.0, 0.0, 0.0, 1.0, 1.0, 1.0, 0.0, 1.0, 0.0, 0.0, 1.0, 0.0, 1.0, 1.0, 0.0, 0.0, 0.0, 1.0, 1.0, 1.0, 1.0, 1.0, 1.0, 0.0, 0.0, 1.0, 0.0, 0.0, 0.0, 0.0, 0.0, 1.0, 1.0]",['lNONMMUG039685'],[1.0],[0.0],[0.008861672589823715]
17,"['lNONMMUG000508', 'lNONMMUG002215', 'lNONMMUG002239', 'lNONMMUG009962', 'lNONMMUG013211', 'lNONMMUG017485', 'lNONMMUG017913', 'lNONMMUG020673', 'lNONMMUG023454', 'lNONMMUG026355', 'lNONMMUG029813', 'lNONMMUG030202', 'lNONMMUG033401', 'lNONMMUG034886', 'lNONMMUG038355', 'lNONMMUG039685', 'lNONMMUG041781', 'lNONMMUG045568', 'lNONMMUG045569', 'lNONMMUG045574', 'lENSMUSG00000044471', 'lENSMUSG00000075277', 'lENSMUSG00000078190', 'lENSMUSG00000078247', 'lENSMUSG00000085354', 'lENSMUSG00000085715', 'lENSMUSG00000085873', 'lENSMUSG00000086035', 'lENSMUSG00000086141', 'lENSMUSG00000090063', 'lENSMUSG00000097336', 'lENSMUSG00000097571', 'lENSMUSG00000097767', 'lENSMUSG00000098439', 'lENSMUSG00000101609', 'lENSMUSG00000106519', 'l9030622O22Rik', 'lDlx6os1', 'lDnm3os', 'lGas5', 'lGm12610', 'lMiat', 'lNeat1', 'lNONMMUG002771', 'lNONMMUG004366', 'lNONMMUG007120', 'lNONMMUG008199', 'lNONMMUG009173', 'lNONMMUG009235', 'lNONMMUG010099', 'lNONMMUG012984', 'lNONMMUG013851', 'lNONMMUG014034', 'lNONMMUG017321', 'lNONMMUG017372', 'lNONMMUG019692', 'lNONMMUG020560', 'lNONMMUG021010', 'lNONMMUG023106', 'lNONMMUG024809', 'lNONMMUG025805', 'lNONMMUG029789', 'lNONMMUG031524', 'lNONMMUG031860', 'lNONMMUG032531', 'lNONMMUG033434', 'lNONMMUG034060', 'lNONMMUG035589', 'lNONMMUG036314', 'lNONMMUG036495', 'lNONMMUG038170', 'lNONMMUG038692', 'lNONMMUG038718', 'lNONMMUG039825', 'lNONMMUG041948', 'lNONMMUG042190', 'lNONMMUG043393', 'lNONMMUG043843', 'lNONMMUG044302', 'lNONMMUG045259', 'lENSMUSG00000085908', 'lENSMUSG00000103692', 'lENSMUSG00000106828', 'lENSMUSG00000107766', 'lGm13291', 'lSnord11', 'lSnord67']","[0.0, 0.0, 1.0, 0.0, 1.0, 0.0, 1.0, 0.0, 0.0, 1.0, 1.0, 0.0, 1.0, 1.0, 1.0, 1.0, 0.0, 0.0, 0.0, 1.0, 0.0, 1.0, 1.0, 0.0, 0.0, 0.0, 0.0, 0.0, 1.0, 0.0, 0.0, 1.0, 1.0, 1.0, 0.0, 0.0, 1.0, 1.0, 1.0, 1.0, 1.0, 1.0, 0.0, 1.0, 1.0, 0.0, 0.0, 1.0, 0.0, 0.0, 1.0, 1.0, 0.0, 1.0, 0.0, 0.0, 0.0, 1.0, 1.0, 1.0, 0.0, 1.0, 0.0, 0.0, 1.0, 0.0, 1.0, 1.0, 0.0, 0.0, 0.0, 1.0, 1.0, 1.0, 1.0, 1.0, 1.0, 0.0, 0.0, 1.0, 0.0, 0.0, 0.0, 0.0, 0.0, 1.0, 1.0]",['lNONMMUG041158'],[0.0],[1.0],[0.9999978172451778]
18,"['lNONMMUG000508', 'lNONMMUG002215', 'lNONMMUG002239', 'lNONMMUG009962', 'lNONMMUG013211', 'lNONMMUG017485', 'lNONMMUG017913', 'lNONMMUG020673', 'lNONMMUG023454', 'lNONMMUG026355', 'lNONMMUG029813', 'lNONMMUG030202', 'lNONMMUG033401', 'lNONMMUG034886', 'lNONMMUG038355', 'lNONMMUG039685', 'lNONMMUG041158', 'lNONMMUG045568', 'lNONMMUG045569', 'lNONMMUG045574', 'lENSMUSG00000044471', 'lENSMUSG00000075277', 'lENSMUSG00000078190', 'lENSMUSG00000078247', 'lENSMUSG00000085354', 'lENSMUSG00000085715', 'lENSMUSG00000085873', 'lENSMUSG00000086035', 'lENSMUSG00000086141', 'lENSMUSG00000090063', 'lENSMUSG00000097336', 'lENSMUSG00000097571', 'lENSMUSG00000097767', 'lENSMUSG00000098439', 'lENSMUSG00000101609', 'lENSMUSG00000106519', 'l9030622O22Rik', 'lDlx6os1', 'lDnm3os', 'lGas5', 'lGm12610', 'lMiat', 'lNeat1', 'lNONMMUG002771', 'lNONMMUG004366', 'lNONMMUG007120', 'lNONMMUG008199', 'lNONMMUG009173', 'lNONMMUG009235', 'lNONMMUG010099', 'lNONMMUG012984', 'lNONMMUG013851', 'lNONMMUG014034', 'lNONMMUG017321', 'lNONMMUG017372', 'lNONMMUG019692', 'lNONMMUG020560', 'lNONMMUG021010', 'lNONMMUG023106', 'lNONMMUG024809', 'lNONMMUG025805', 'lNONMMUG029789', 'lNONMMUG031524', 'lNONMMUG031860', 'lNONMMUG032531', 'lNONMMUG033434', 'lNONMMUG034060', 'lNONMMUG035589', 'lNONMMUG036314', 'lNONMMUG036495', 'lNONMMUG038170', 'lNONMMUG038692', 'lNONMMUG038718', 'lNONMMUG039825', 'lNONMMUG041948', 'lNONMMUG042190', 'lNONMMUG043393', 'lNONMMUG043843', 'lNONMMUG044302', 'lNONMMUG045259', 'lENSMUSG00000085908', 'lENSMUSG00000103692', 'lENSMUSG00000106828', 'lENSMUSG00000107766', 'lGm13291', 'lSnord11', 'lSnord67']","[0.0, 0.0, 1.0, 0.0, 1.0, 0.0, 1.0, 0.0, 0.0, 1.0, 1.0, 0.0, 1.0, 1.0, 1.0, 1.0, 0.0, 0.0, 0.0, 1.0, 0.0, 1.0, 1.0, 0.0, 0.0, 0.0, 0.0, 0.0, 1.0, 0.0, 0.0, 1.0, 1.0, 1.0, 0.0, 0.0, 1.0, 1.0, 1.0, 1.0, 1.0, 1.0, 0.0, 1.0, 1.0, 0.0, 0.0, 1.0, 0.0, 0.0, 1.0, 1.0, 0.0, 1.0, 0.0, 0.0, 0.0, 1.0, 1.0, 1.0, 0.0, 1.0, 0.0, 0.0, 1.0, 0.0, 1.0, 1.0, 0.0, 0.0, 0.0, 1.0, 1.0, 1.0, 1.0, 1.0, 1.0, 0.0, 0.0, 1.0, 0.0, 0.0, 0.0, 0.0, 0.0, 1.0, 1.0]",['lNONMMUG041781'],[0.0],[1.0],[0.9465228315316945]
19,"['lNONMMUG000508', 'lNONMMUG002215', 'lNONMMUG002239', 'lNONMMUG009962', 'lNONMMUG013211', 'lNONMMUG017485', 'lNONMMUG017913', 'lNONMMUG020673', 'lNONMMUG023454', 'lNONMMUG026355', 'lNONMMUG029813', 'lNONMMUG030202', 'lNONMMUG033401', 'lNONMMUG034886', 'lNONMMUG038355', 'lNONMMUG039685', 'lNONMMUG041158', 'lNONMMUG041781', 'lNONMMUG045569', 'lNONMMUG045574', 'lENSMUSG00000044471', 'lENSMUSG00000075277', 'lENSMUSG00000078190', 'lENSMUSG00000078247', 'lENSMUSG00000085354', 'lENSMUSG00000085715', 'lENSMUSG00000085873', 'lENSMUSG00000086035', 'lENSMUSG00000086141', 'lENSMUSG00000090063', 'lENSMUSG00000097336', 'lENSMUSG00000097571', 'lENSMUSG00000097767', 'lENSMUSG00000098439', 'lENSMUSG00000101609', 'lENSMUSG00000106519', 'l9030622O22Rik', 'lDlx6os1', 'lDnm3os', 'lGas5', 'lGm12610', 'lMiat', 'lNeat1', 'lNONMMUG002771', 'lNONMMUG004366', 'lNONMMUG007120', 'lNONMMUG008199', 'lNONMMUG009173', 'lNONMMUG009235', 'lNONMMUG010099', 'lNONMMUG012984', 'lNONMMUG013851', 'lNONMMUG014034', 'lNONMMUG017321', 'lNONMMUG017372', 'lNONMMUG019692', 'lNONMMUG020560', 'lNONMMUG021010', 'lNONMMUG023106', 'lNONMMUG024809', 'lNONMMUG025805', 'lNONMMUG029789', 'lNONMMUG031524', 'lNONMMUG031860', 'lNONMMUG032531', 'lNONMMUG033434', 'lNONMMUG034060', 'lNONMMUG035589', 'lNONMMUG036314', 'lNONMMUG036495', 'lNONMMUG038170', 'lNONMMUG038692', 'lNONMMUG038718', 'lNONMMUG039825', 'lNONMMUG041948', 'lNONMMUG042190', 'lNONMMUG043393', 'lNONMMUG043843', 'lNONMMUG044302', 'lNONMMUG045259', 'lENSMUSG00000085908', 'lENSMUSG00000103692', 'lENSMUSG00000106828', 'lENSMUSG00000107766', 'lGm13291', 'lSnord11', 'lSnord67']","[0.0, 0.0, 1.0, 0.0, 1.0, 0.0, 1.0, 0.0, 0.0, 1.0, 1.0, 0.0, 1.0, 1.0, 1.0, 1.0, 0.0, 0.0, 0.0, 1.0, 0.0, 1.0, 1.0, 0.0, 0.0, 0.0, 0.0, 0.0, 1.0, 0.0, 0.0, 1.0, 1.0, 1.0, 0.0, 0.0, 1.0, 1.0, 1.0, 1.0, 1.0, 1.0, 0.0, 1.0, 1.0, 0.0, 0.0, 1.0, 0.0, 0.0, 1.0, 1.0, 0.0, 1.0, 0.0, 0.0, 0.0, 1.0, 1.0, 1.0, 0.0, 1.0, 0.0, 0.0, 1.0, 0.0, 1.0, 1.0, 0.0, 0.0, 0.0, 1.0, 1.0, 1.0, 1.0, 1.0, 1.0, 0.0, 0.0, 1.0, 0.0, 0.0, 0.0, 0.0, 0.0, 1.0, 1.0]",['lNONMMUG045568'],[0.0],[0.0],[0.053725712151082274]
20,"['lNONMMUG000508', 'lNONMMUG002215', 'lNONMMUG002239', 'lNONMMUG009962', 'lNONMMUG013211', 'lNONMMUG017485', 'lNONMMUG017913', 'lNONMMUG020673', 'lNONMMUG023454', 'lNONMMUG026355', 'lNONMMUG029813', 'lNONMMUG030202', 'lNONMMUG033401', 'lNONMMUG034886', 'lNONMMUG038355', 'lNONMMUG039685', 'lNONMMUG041158', 'lNONMMUG041781', 'lNONMMUG045568', 'lNONMMUG045574', 'lENSMUSG00000044471', 'lENSMUSG00000075277', 'lENSMUSG00000078190', 'lENSMUSG00000078247', 'lENSMUSG00000085354', 'lENSMUSG00000085715', 'lENSMUSG00000085873', 'lENSMUSG00000086035', 'lENSMUSG00000086141', 'lENSMUSG00000090063', 'lENSMUSG00000097336', 'lENSMUSG00000097571', 'lENSMUSG00000097767', 'lENSMUSG00000098439', 'lENSMUSG00000101609', 'lENSMUSG00000106519', 'l9030622O22Rik', 'lDlx6os1', 'lDnm3os', 'lGas5', 'lGm12610', 'lMiat', 'lNeat1', 'lNONMMUG002771', 'lNONMMUG004366', 'lNONMMUG007120', 'lNONMMUG008199', 'lNONMMUG009173', 'lNONMMUG009235', 'lNONMMUG010099', 'lNONMMUG012984', 'lNONMMUG013851', 'lNONMMUG014034', 'lNONMMUG017321', 'lNONMMUG017372', 'lNONMMUG019692', 'lNONMMUG020560', 'lNONMMUG021010', 'lNONMMUG023106', 'lNONMMUG024809', 'lNONMMUG025805', 'lNONMMUG029789', 'lNONMMUG031524', 'lNONMMUG031860', 'lNONMMUG032531', 'lNONMMUG033434', 'lNONMMUG034060', 'lNONMMUG035589', 'lNONMMUG036314', 'lNONMMUG036495', 'lNONMMUG038170', 'lNONMMUG038692', 'lNONMMUG038718', 'lNONMMUG039825', 'lNONMMUG041948', 'lNONMMUG042190', 'lNONMMUG043393', 'lNONMMUG043843', 'lNONMMUG044302', 'lNONMMUG045259', 'lENSMUSG00000085908', 'lENSMUSG00000103692', 'lENSMUSG00000106828', 'lENSMUSG00000107766', 'lGm13291', 'lSnord11', 'lSnord67']","[0.0, 0.0, 1.0, 0.0, 1.0, 0.0, 1.0, 0.0, 0.0, 1.0, 1.0, 0.0, 1.0, 1.0, 1.0, 1.0, 0.0, 0.0, 0.0, 1.0, 0.0, 1.0, 1.0, 0.0, 0.0, 0.0, 0.0, 0.0, 1.0, 0.0, 0.0, 1.0, 1.0, 1.0, 0.0, 0.0, 1.0, 1.0, 1.0, 1.0, 1.0, 1.0, 0.0, 1.0, 1.0, 0.0, 0.0, 1.0, 0.0, 0.0, 1.0, 1.0, 0.0, 1.0, 0.0, 0.0, 0.0, 1.0, 1.0, 1.0, 0.0, 1.0, 0.0, 0.0, 1.0, 0.0, 1.0, 1.0, 0.0, 0.0, 0.0, 1.0, 1.0, 1.0, 1.0, 1.0, 1.0, 0.0, 0.0, 1.0, 0.0, 0.0, 0.0, 0.0, 0.0, 1.0, 1.0]",['lNONMMUG045569'],[0.0],[1.0],[0.6548676989264016]
21,"['lNONMMUG000508', 'lNONMMUG002215', 'lNONMMUG002239', 'lNONMMUG009962', 'lNONMMUG013211', 'lNONMMUG017485', 'lNONMMUG017913', 'lNONMMUG020673', 'lNONMMUG023454', 'lNONMMUG026355', 'lNONMMUG029813', 'lNONMMUG030202', 'lNONMMUG033401', 'lNONMMUG034886', 'lNONMMUG038355', 'lNONMMUG039685', 'lNONMMUG041158', 'lNONMMUG041781', 'lNONMMUG045568', 'lNONMMUG045569', 'lENSMUSG00000044471', 'lENSMUSG00000075277', 'lENSMUSG00000078190', 'lENSMUSG00000078247', 'lENSMUSG00000085354', 'lENSMUSG00000085715', 'lENSMUSG00000085873', 'lENSMUSG00000086035', 'lENSMUSG00000086141', 'lENSMUSG00000090063', 'lENSMUSG00000097336', 'lENSMUSG00000097571', 'lENSMUSG00000097767', 'lENSMUSG00000098439', 'lENSMUSG00000101609', 'lENSMUSG00000106519', 'l9030622O22Rik', 'lDlx6os1', 'lDnm3os', 'lGas5', 'lGm12610', 'lMiat', 'lNeat1', 'lNONMMUG002771', 'lNONMMUG004366', 'lNONMMUG007120', 'lNONMMUG008199', 'lNONMMUG009173', 'lNONMMUG009235', 'lNONMMUG010099', 'lNONMMUG012984', 'lNONMMUG013851', 'lNONMMUG014034', 'lNONMMUG017321', 'lNONMMUG017372', 'lNONMMUG019692', 'lNONMMUG020560', 'lNONMMUG021010', 'lNONMMUG023106', 'lNONMMUG024809', 'lNONMMUG025805', 'lNONMMUG029789', 'lNONMMUG031524', 'lNONMMUG031860', 'lNONMMUG032531', 'lNONMMUG033434', 'lNONMMUG034060', 'lNONMMUG035589', 'lNONMMUG036314', 'lNONMMUG036495', 'lNONMMUG038170', 'lNONMMUG038692', 'lNONMMUG038718', 'lNONMMUG039825', 'lNONMMUG041948', 'lNONMMUG042190', 'lNONMMUG043393', 'lNONMMUG043843', 'lNONMMUG044302', 'lNONMMUG045259', 'lENSMUSG00000085908', 'lENSMUSG00000103692', 'lENSMUSG00000106828', 'lENSMUSG00000107766', 'lGm13291', 'lSnord11', 'lSnord67']","[0.0, 0.0, 1.0, 0.0, 1.0, 0.0, 1.0, 0.0, 0.0, 1.0, 1.0, 0.0, 1.0, 1.0, 1.0, 1.0, 0.0, 0.0, 0.0, 0.0, 0.0, 1.0, 1.0, 0.0, 0.0, 0.0, 0.0, 0.0, 1.0, 0.0, 0.0, 1.0, 1.0, 1.0, 0.0, 0.0, 1.0, 1.0, 1.0, 1.0, 1.0, 1.0, 0.0, 1.0, 1.0, 0.0, 0.0, 1.0, 0.0, 0.0, 1.0, 1.0, 0.0, 1.0, 0.0, 0.0, 0.0, 1.0, 1.0, 1.0, 0.0, 1.0, 0.0, 0.0, 1.0, 0.0, 1.0, 1.0, 0.0, 0.0, 0.0, 1.0, 1.0, 1.0, 1.0, 1.0, 1.0, 0.0, 0.0, 1.0, 0.0, 0.0, 0.0, 0.0, 0.0, 1.0, 1.0]",['lNONMMUG045574'],[1.0],[1.0],[0.9992572446275357]
22,"['lNONMMUG000508', 'lNONMMUG002215', 'lNONMMUG002239', 'lNONMMUG009962', 'lNONMMUG013211', 'lNONMMUG017485', 'lNONMMUG017913', 'lNONMMUG020673', 'lNONMMUG023454', 'lNONMMUG026355', 'lNONMMUG029813', 'lNONMMUG030202', 'lNONMMUG033401', 'lNONMMUG034886', 'lNONMMUG038355', 'lNONMMUG039685', 'lNONMMUG041158', 'lNONMMUG041781', 'lNONMMUG045568', 'lNONMMUG045569', 'lNONMMUG045574', 'lENSMUSG00000075277', 'lENSMUSG00000078190', 'lENSMUSG00000078247', 'lENSMUSG00000085354', 'lENSMUSG00000085715', 'lENSMUSG00000085873', 'lENSMUSG00000086035', 'lENSMUSG00000086141', 'lENSMUSG00000090063', 'lENSMUSG00000097336', 'lENSMUSG00000097571', 'lENSMUSG00000097767', 'lENSMUSG00000098439', 'lENSMUSG00000101609', 'lENSMUSG00000106519', 'l9030622O22Rik', 'lDlx6os1', 'lDnm3os', 'lGas5', 'lGm12610', 'lMiat', 'lNeat1', 'lNONMMUG002771', 'lNONMMUG004366', 'lNONMMUG007120', 'lNONMMUG008199', 'lNONMMUG009173', 'lNONMMUG009235', 'lNONMMUG010099', 'lNONMMUG012984', 'lNONMMUG013851', 'lNONMMUG014034', 'lNONMMUG017321', 'lNONMMUG017372', 'lNONMMUG019692', 'lNONMMUG020560', 'lNONMMUG021010', 'lNONMMUG023106', 'lNONMMUG024809', 'lNONMMUG025805', 'lNONMMUG029789', 'lNONMMUG031524', 'lNONMMUG031860', 'lNONMMUG032531', 'lNONMMUG033434', 'lNONMMUG034060', 'lNONMMUG035589', 'lNONMMUG036314', 'lNONMMUG036495', 'lNONMMUG038170', 'lNONMMUG038692', 'lNONMMUG038718', 'lNONMMUG039825', 'lNONMMUG041948', 'lNONMMUG042190', 'lNONMMUG043393', 'lNONMMUG043843', 'lNONMMUG044302', 'lNONMMUG045259', 'lENSMUSG00000085908', 'lENSMUSG00000103692', 'lENSMUSG00000106828', 'lENSMUSG00000107766', 'lGm13291', 'lSnord11', 'lSnord67']","[0.0, 0.0, 1.0, 0.0, 1.0, 0.0, 1.0, 0.0, 0.0, 1.0, 1.0, 0.0, 1.0, 1.0, 1.0, 1.0, 0.0, 0.0, 0.0, 0.0, 1.0, 1.0, 1.0, 0.0, 0.0, 0.0, 0.0, 0.0, 1.0, 0.0, 0.0, 1.0, 1.0, 1.0, 0.0, 0.0, 1.0, 1.0, 1.0, 1.0, 1.0, 1.0, 0.0, 1.0, 1.0, 0.0, 0.0, 1.0, 0.0, 0.0, 1.0, 1.0, 0.0, 1.0, 0.0, 0.0, 0.0, 1.0, 1.0, 1.0, 0.0, 1.0, 0.0, 0.0, 1.0, 0.0, 1.0, 1.0, 0.0, 0.0, 0.0, 1.0, 1.0, 1.0, 1.0, 1.0, 1.0, 0.0, 0.0, 1.0, 0.0, 0.0, 0.0, 0.0, 0.0, 1.0, 1.0]",['lENSMUSG00000044471'],[0.0],[0.0],[0.27489556063911724]
23,"['lNONMMUG000508', 'lNONMMUG002215', 'lNONMMUG002239', 'lNONMMUG009962', 'lNONMMUG013211', 'lNONMMUG017485', 'lNONMMUG017913', 'lNONMMUG020673', 'lNONMMUG023454', 'lNONMMUG026355', 'lNONMMUG029813', 'lNONMMUG030202', 'lNONMMUG033401', 'lNONMMUG034886', 'lNONMMUG038355', 'lNONMMUG039685', 'lNONMMUG041158', 'lNONMMUG041781', 'lNONMMUG045568', 'lNONMMUG045569', 'lNONMMUG045574', 'lENSMUSG00000044471', 'lENSMUSG00000078190', 'lENSMUSG00000078247', 'lENSMUSG00000085354', 'lENSMUSG00000085715', 'lENSMUSG00000085873', 'lENSMUSG00000086035', 'lENSMUSG00000086141', 'lENSMUSG00000090063', 'lENSMUSG00000097336', 'lENSMUSG00000097571', 'lENSMUSG00000097767', 'lENSMUSG00000098439', 'lENSMUSG00000101609', 'lENSMUSG00000106519', 'l9030622O22Rik', 'lDlx6os1', 'lDnm3os', 'lGas5', 'lGm12610', 'lMiat', 'lNeat1', 'lNONMMUG002771', 'lNONMMUG004366', 'lNONMMUG007120', 'lNONMMUG008199', 'lNONMMUG009173', 'lNONMMUG009235', 'lNONMMUG010099', 'lNONMMUG012984', 'lNONMMUG013851', 'lNONMMUG014034', 'lNONMMUG017321', 'lNONMMUG017372', 'lNONMMUG019692', 'lNONMMUG020560', 'lNONMMUG021010', 'lNONMMUG023106', 'lNONMMUG024809', 'lNONMMUG025805', 'lNONMMUG029789', 'lNONMMUG031524', 'lNONMMUG031860', 'lNONMMUG032531', 'lNONMMUG033434', 'lNONMMUG034060', 'lNONMMUG035589', 'lNONMMUG036314', 'lNONMMUG036495', 'lNONMMUG038170', 'lNONMMUG038692', 'lNONMMUG038718', 'lNONMMUG039825', 'lNONMMUG041948', 'lNONMMUG042190', 'lNONMMUG043393', 'lNONMMUG043843', 'lNONMMUG044302', 'lNONMMUG045259', 'lENSMUSG00000085908', 'lENSMUSG00000103692', 'lENSMUSG00000106828', 'lENSMUSG00000107766', 'lGm13291', 'lSnord11', 'lSnord67']","[0.0, 0.0, 1.0, 0.0, 1.0, 0.0, 1.0, 0.0, 0.0, 1.0, 1.0, 0.0, 1.0, 1.0, 1.0, 1.0, 0.0, 0.0, 0.0, 0.0, 1.0, 0.0, 1.0, 0.0, 0.0, 0.0, 0.0, 0.0, 1.0, 0.0, 0.0, 1.0, 1.0, 1.0, 0.0, 0.0, 1.0, 1.0, 1.0, 1.0, 1.0, 1.0, 0.0, 1.0, 1.0, 0.0, 0.0, 1.0, 0.0, 0.0, 1.0, 1.0, 0.0, 1.0, 0.0, 0.0, 0.0, 1.0, 1.0, 1.0, 0.0, 1.0, 0.0, 0.0, 1.0, 0.0, 1.0, 1.0, 0.0, 0.0, 0.0, 1.0, 1.0, 1.0, 1.0, 1.0, 1.0, 0.0, 0.0, 1.0, 0.0, 0.0, 0.0, 0.0, 0.0, 1.0, 1.0]",['lENSMUSG00000075277'],[1.0],[0.0],[1.9232364222466294e-07]
24,"['lNONMMUG000508', 'lNONMMUG002215', 'lNONMMUG002239', 'lNONMMUG009962', 'lNONMMUG013211', 'lNONMMUG017485', 'lNONMMUG017913', 'lNONMMUG020673', 'lNONMMUG023454', 'lNONMMUG026355', 'lNONMMUG029813', 'lNONMMUG030202', 'lNONMMUG033401', 'lNONMMUG034886', 'lNONMMUG038355', 'lNONMMUG039685', 'lNONMMUG041158', 'lNONMMUG041781', 'lNONMMUG045568', 'lNONMMUG045569', 'lNONMMUG045574', 'lENSMUSG00000044471', 'lENSMUSG00000075277', 'lENSMUSG00000078247', 'lENSMUSG00000085354', 'lENSMUSG00000085715', 'lENSMUSG00000085873', 'lENSMUSG00000086035', 'lENSMUSG00000086141', 'lENSMUSG00000090063', 'lENSMUSG00000097336', 'lENSMUSG00000097571', 'lENSMUSG00000097767', 'lENSMUSG00000098439', 'lENSMUSG00000101609', 'lENSMUSG00000106519', 'l9030622O22Rik', 'lDlx6os1', 'lDnm3os', 'lGas5', 'lGm12610', 'lMiat', 'lNeat1', 'lNONMMUG002771', 'lNONMMUG004366', 'lNONMMUG007120', 'lNONMMUG008199', 'lNONMMUG009173', 'lNONMMUG009235', 'lNONMMUG010099', 'lNONMMUG012984', 'lNONMMUG013851', 'lNONMMUG014034', 'lNONMMUG017321', 'lNONMMUG017372', 'lNONMMUG019692', 'lNONMMUG020560', 'lNONMMUG021010', 'lNONMMUG023106', 'lNONMMUG024809', 'lNONMMUG025805', 'lNONMMUG029789', 'lNONMMUG031524', 'lNONMMUG031860', 'lNONMMUG032531', 'lNONMMUG033434', 'lNONMMUG034060', 'lNONMMUG035589', 'lNONMMUG036314', 'lNONMMUG036495', 'lNONMMUG038170', 'lNONMMUG038692', 'lNONMMUG038718', 'lNONMMUG039825', 'lNONMMUG041948', 'lNONMMUG042190', 'lNONMMUG043393', 'lNONMMUG043843', 'lNONMMUG044302', 'lNONMMUG045259', 'lENSMUSG00000085908', 'lENSMUSG00000103692', 'lENSMUSG00000106828', 'lENSMUSG00000107766', 'lGm13291', 'lSnord11', 'lSnord67']","[0.0, 0.0, 1.0, 0.0, 1.0, 0.0, 1.0, 0.0, 0.0, 1.0, 1.0, 0.0, 1.0, 1.0, 1.0, 1.0, 0.0, 0.0, 0.0, 0.0, 1.0, 0.0, 1.0, 0.0, 0.0, 0.0, 0.0, 0.0, 1.0, 0.0, 0.0, 1.0, 1.0, 1.0, 0.0, 0.0, 1.0, 1.0, 1.0, 1.0, 1.0, 1.0, 0.0, 1.0, 1.0, 0.0, 0.0, 1.0, 0.0, 0.0, 1.0, 1.0, 0.0, 1.0, 0.0, 0.0, 0.0, 1.0, 1.0, 1.0, 0.0, 1.0, 0.0, 0.0, 1.0, 0.0, 1.0, 1.0, 0.0, 0.0, 0.0, 1.0, 1.0, 1.0, 1.0, 1.0, 1.0, 0.0, 0.0, 1.0, 0.0, 0.0, 0.0, 0.0, 0.0, 1.0, 1.0]",['lENSMUSG00000078190'],[1.0],[0.0],[0.01205932987674641]
25,"['lNONMMUG000508', 'lNONMMUG002215', 'lNONMMUG002239', 'lNONMMUG009962', 'lNONMMUG013211', 'lNONMMUG017485', 'lNONMMUG017913', 'lNONMMUG020673', 'lNONMMUG023454', 'lNONMMUG026355', 'lNONMMUG029813', 'lNONMMUG030202', 'lNONMMUG033401', 'lNONMMUG034886', 'lNONMMUG038355', 'lNONMMUG039685', 'lNONMMUG041158', 'lNONMMUG041781', 'lNONMMUG045568', 'lNONMMUG045569', 'lNONMMUG045574', 'lENSMUSG00000044471', 'lENSMUSG00000075277', 'lENSMUSG00000078190', 'lENSMUSG00000085354', 'lENSMUSG00000085715', 'lENSMUSG00000085873', 'lENSMUSG00000086035', 'lENSMUSG00000086141', 'lENSMUSG00000090063', 'lENSMUSG00000097336', 'lENSMUSG00000097571', 'lENSMUSG00000097767', 'lENSMUSG00000098439', 'lENSMUSG00000101609', 'lENSMUSG00000106519', 'l9030622O22Rik', 'lDlx6os1', 'lDnm3os', 'lGas5', 'lGm12610', 'lMiat', 'lNeat1', 'lNONMMUG002771', 'lNONMMUG004366', 'lNONMMUG007120', 'lNONMMUG008199', 'lNONMMUG009173', 'lNONMMUG009235', 'lNONMMUG010099', 'lNONMMUG012984', 'lNONMMUG013851', 'lNONMMUG014034', 'lNONMMUG017321', 'lNONMMUG017372', 'lNONMMUG019692', 'lNONMMUG020560', 'lNONMMUG021010', 'lNONMMUG023106', 'lNONMMUG024809', 'lNONMMUG025805', 'lNONMMUG029789', 'lNONMMUG031524', 'lNONMMUG031860', 'lNONMMUG032531', 'lNONMMUG033434', 'lNONMMUG034060', 'lNONMMUG035589', 'lNONMMUG036314', 'lNONMMUG036495', 'lNONMMUG038170', 'lNONMMUG038692', 'lNONMMUG038718', 'lNONMMUG039825', 'lNONMMUG041948', 'lNONMMUG042190', 'lNONMMUG043393', 'lNONMMUG043843', 'lNONMMUG044302', 'lNONMMUG045259', 'lENSMUSG00000085908', 'lENSMUSG00000103692', 'lENSMUSG00000106828', 'lENSMUSG00000107766', 'lGm13291', 'lSnord11', 'lSnord67']","[0.0, 0.0, 1.0, 0.0, 1.0, 0.0, 1.0, 0.0, 0.0, 1.0, 1.0, 0.0, 1.0, 1.0, 1.0, 1.0, 0.0, 0.0, 0.0, 0.0, 1.0, 0.0, 1.0, 1.0, 0.0, 0.0, 0.0, 0.0, 1.0, 0.0, 0.0, 1.0, 1.0, 1.0, 0.0, 0.0, 1.0, 1.0, 1.0, 1.0, 1.0, 1.0, 0.0, 1.0, 1.0, 0.0, 0.0, 1.0, 0.0, 0.0, 1.0, 1.0, 0.0, 1.0, 0.0, 0.0, 0.0, 1.0, 1.0, 1.0, 0.0, 1.0, 0.0, 0.0, 1.0, 0.0, 1.0, 1.0, 0.0, 0.0, 0.0, 1.0, 1.0, 1.0, 1.0, 1.0, 1.0, 0.0, 0.0, 1.0, 0.0, 0.0, 0.0, 0.0, 0.0, 1.0, 1.0]",['lENSMUSG00000078247'],[0.0],[0.0],[1.6970976476042052e-05]
26,"['lNONMMUG000508', 'lNONMMUG002215', 'lNONMMUG002239', 'lNONMMUG009962', 'lNONMMUG013211', 'lNONMMUG017485', 'lNONMMUG017913', 'lNONMMUG020673', 'lNONMMUG023454', 'lNONMMUG026355', 'lNONMMUG029813', 'lNONMMUG030202', 'lNONMMUG033401', 'lNONMMUG034886', 'lNONMMUG038355', 'lNONMMUG039685', 'lNONMMUG041158', 'lNONMMUG041781', 'lNONMMUG045568', 'lNONMMUG045569', 'lNONMMUG045574', 'lENSMUSG00000044471', 'lENSMUSG00000075277', 'lENSMUSG00000078190', 'lENSMUSG00000078247', 'lENSMUSG00000085715', 'lENSMUSG00000085873', 'lENSMUSG00000086035', 'lENSMUSG00000086141', 'lENSMUSG00000090063', 'lENSMUSG00000097336', 'lENSMUSG00000097571', 'lENSMUSG00000097767', 'lENSMUSG00000098439', 'lENSMUSG00000101609', 'lENSMUSG00000106519', 'l9030622O22Rik', 'lDlx6os1', 'lDnm3os', 'lGas5', 'lGm12610', 'lMiat', 'lNeat1', 'lNONMMUG002771', 'lNONMMUG004366', 'lNONMMUG007120', 'lNONMMUG008199', 'lNONMMUG009173', 'lNONMMUG009235', 'lNONMMUG010099', 'lNONMMUG012984', 'lNONMMUG013851', 'lNONMMUG014034', 'lNONMMUG017321', 'lNONMMUG017372', 'lNONMMUG019692', 'lNONMMUG020560', 'lNONMMUG021010', 'lNONMMUG023106', 'lNONMMUG024809', 'lNONMMUG025805', 'lNONMMUG029789', 'lNONMMUG031524', 'lNONMMUG031860', 'lNONMMUG032531', 'lNONMMUG033434', 'lNONMMUG034060', 'lNONMMUG035589', 'lNONMMUG036314', 'lNONMMUG036495', 'lNONMMUG038170', 'lNONMMUG038692', 'lNONMMUG038718', 'lNONMMUG039825', 'lNONMMUG041948', 'lNONMMUG042190', 'lNONMMUG043393', 'lNONMMUG043843', 'lNONMMUG044302', 'lNONMMUG045259', 'lENSMUSG00000085908', 'lENSMUSG00000103692', 'lENSMUSG00000106828', 'lENSMUSG00000107766', 'lGm13291', 'lSnord11', 'lSnord67']","[0.0, 0.0, 1.0, 0.0, 1.0, 0.0, 1.0, 0.0, 0.0, 1.0, 1.0, 0.0, 1.0, 1.0, 1.0, 1.0, 0.0, 0.0, 0.0, 0.0, 1.0, 0.0, 1.0, 1.0, 0.0, 0.0, 0.0, 0.0, 1.0, 0.0, 0.0, 1.0, 1.0, 1.0, 0.0, 0.0, 1.0, 1.0, 1.0, 1.0, 1.0, 1.0, 0.0, 1.0, 1.0, 0.0, 0.0, 1.0, 0.0, 0.0, 1.0, 1.0, 0.0, 1.0, 0.0, 0.0, 0.0, 1.0, 1.0, 1.0, 0.0, 1.0, 0.0, 0.0, 1.0, 0.0, 1.0, 1.0, 0.0, 0.0, 0.0, 1.0, 1.0, 1.0, 1.0, 1.0, 1.0, 0.0, 0.0, 1.0, 0.0, 0.0, 0.0, 0.0, 0.0, 1.0, 1.0]",['lENSMUSG00000085354'],[0.0],[0.0],[0.012360454111142786]
27,"['lNONMMUG000508', 'lNONMMUG002215', 'lNONMMUG002239', 'lNONMMUG009962', 'lNONMMUG013211', 'lNONMMUG017485', 'lNONMMUG017913', 'lNONMMUG020673', 'lNONMMUG023454', 'lNONMMUG026355', 'lNONMMUG029813', 'lNONMMUG030202', 'lNONMMUG033401', 'lNONMMUG034886', 'lNONMMUG038355', 'lNONMMUG039685', 'lNONMMUG041158', 'lNONMMUG041781', 'lNONMMUG045568', 'lNONMMUG045569', 'lNONMMUG045574', 'lENSMUSG00000044471', 'lENSMUSG00000075277', 'lENSMUSG00000078190', 'lENSMUSG00000078247', 'lENSMUSG00000085354', 'lENSMUSG00000085873', 'lENSMUSG00000086035', 'lENSMUSG00000086141', 'lENSMUSG00000090063', 'lENSMUSG00000097336', 'lENSMUSG00000097571', 'lENSMUSG00000097767', 'lENSMUSG00000098439', 'lENSMUSG00000101609', 'lENSMUSG00000106519', 'l9030622O22Rik', 'lDlx6os1', 'lDnm3os', 'lGas5', 'lGm12610', 'lMiat', 'lNeat1', 'lNONMMUG002771', 'lNONMMUG004366', 'lNONMMUG007120', 'lNONMMUG008199', 'lNONMMUG009173', 'lNONMMUG009235', 'lNONMMUG010099', 'lNONMMUG012984', 'lNONMMUG013851', 'lNONMMUG014034', 'lNONMMUG017321', 'lNONMMUG017372', 'lNONMMUG019692', 'lNONMMUG020560', 'lNONMMUG021010', 'lNONMMUG023106', 'lNONMMUG024809', 'lNONMMUG025805', 'lNONMMUG029789', 'lNONMMUG031524', 'lNONMMUG031860', 'lNONMMUG032531', 'lNONMMUG033434', 'lNONMMUG034060', 'lNONMMUG035589', 'lNONMMUG036314', 'lNONMMUG036495', 'lNONMMUG038170', 'lNONMMUG038692', 'lNONMMUG038718', 'lNONMMUG039825', 'lNONMMUG041948', 'lNONMMUG042190', 'lNONMMUG043393', 'lNONMMUG043843', 'lNONMMUG044302', 'lNONMMUG045259', 'lENSMUSG00000085908', 'lENSMUSG00000103692', 'lENSMUSG00000106828', 'lENSMUSG00000107766', 'lGm13291', 'lSnord11', 'lSnord67']","[0.0, 0.0, 1.0, 0.0, 1.0, 0.0, 1.0, 0.0, 0.0, 1.0, 1.0, 0.0, 1.0, 1.0, 1.0, 1.0, 0.0, 0.0, 0.0, 0.0, 1.0, 0.0, 1.0, 1.0, 0.0, 0.0, 0.0, 0.0, 1.0, 0.0, 0.0, 1.0, 1.0, 1.0, 0.0, 0.0, 1.0, 1.0, 1.0, 1.0, 1.0, 1.0, 0.0, 1.0, 1.0, 0.0, 0.0, 1.0, 0.0, 0.0, 1.0, 1.0, 0.0, 1.0, 0.0, 0.0, 0.0, 1.0, 1.0, 1.0, 0.0, 1.0, 0.0, 0.0, 1.0, 0.0, 1.0, 1.0, 0.0, 0.0, 0.0, 1.0, 1.0, 1.0, 1.0, 1.0, 1.0, 0.0, 0.0, 1.0, 0.0, 0.0, 0.0, 0.0, 0.0, 1.0, 1.0]",['lENSMUSG00000085715'],[0.0],[0.0],[0.000269169438849587]
28,"['lNONMMUG000508', 'lNONMMUG002215', 'lNONMMUG002239', 'lNONMMUG009962', 'lNONMMUG013211', 'lNONMMUG017485', 'lNONMMUG017913', 'lNONMMUG020673', 'lNONMMUG023454', 'lNONMMUG026355', 'lNONMMUG029813', 'lNONMMUG030202', 'lNONMMUG033401', 'lNONMMUG034886', 'lNONMMUG038355', 'lNONMMUG039685', 'lNONMMUG041158', 'lNONMMUG041781', 'lNONMMUG045568', 'lNONMMUG045569', 'lNONMMUG045574', 'lENSMUSG00000044471', 'lENSMUSG00000075277', 'lENSMUSG00000078190', 'lENSMUSG00000078247', 'lENSMUSG00000085354', 'lENSMUSG00000085715', 'lENSMUSG00000086035', 'lENSMUSG00000086141', 'lENSMUSG00000090063', 'lENSMUSG00000097336', 'lENSMUSG00000097571', 'lENSMUSG00000097767', 'lENSMUSG00000098439', 'lENSMUSG00000101609', 'lENSMUSG00000106519', 'l9030622O22Rik', 'lDlx6os1', 'lDnm3os', 'lGas5', 'lGm12610', 'lMiat', 'lNeat1', 'lNONMMUG002771', 'lNONMMUG004366', 'lNONMMUG007120', 'lNONMMUG008199', 'lNONMMUG009173', 'lNONMMUG009235', 'lNONMMUG010099', 'lNONMMUG012984', 'lNONMMUG013851', 'lNONMMUG014034', 'lNONMMUG017321', 'lNONMMUG017372', 'lNONMMUG019692', 'lNONMMUG020560', 'lNONMMUG021010', 'lNONMMUG023106', 'lNONMMUG024809', 'lNONMMUG025805', 'lNONMMUG029789', 'lNONMMUG031524', 'lNONMMUG031860', 'lNONMMUG032531', 'lNONMMUG033434', 'lNONMMUG034060', 'lNONMMUG035589', 'lNONMMUG036314', 'lNONMMUG036495', 'lNONMMUG038170', 'lNONMMUG038692', 'lNONMMUG038718', 'lNONMMUG039825', 'lNONMMUG041948', 'lNONMMUG042190', 'lNONMMUG043393', 'lNONMMUG043843', 'lNONMMUG044302', 'lNONMMUG045259', 'lENSMUSG00000085908', 'lENSMUSG00000103692', 'lENSMUSG00000106828', 'lENSMUSG00000107766', 'lGm13291', 'lSnord11', 'lSnord67']","[0.0, 0.0, 1.0, 0.0, 1.0, 0.0, 1.0, 0.0, 0.0, 1.0, 1.0, 0.0, 1.0, 1.0, 1.0, 1.0, 0.0, 0.0, 0.0, 0.0, 1.0, 0.0, 1.0, 1.0, 0.0, 0.0, 0.0, 0.0, 1.0, 0.0, 0.0, 1.0, 1.0, 1.0, 0.0, 0.0, 1.0, 1.0, 1.0, 1.0, 1.0, 1.0, 0.0, 1.0, 1.0, 0.0, 0.0, 1.0, 0.0, 0.0, 1.0, 1.0, 0.0, 1.0, 0.0, 0.0, 0.0, 1.0, 1.0, 1.0, 0.0, 1.0, 0.0, 0.0, 1.0, 0.0, 1.0, 1.0, 0.0, 0.0, 0.0, 1.0, 1.0, 1.0, 1.0, 1.0, 1.0, 0.0, 0.0, 1.0, 0.0, 0.0, 0.0, 0.0, 0.0, 1.0, 1.0]",['lENSMUSG00000085873'],[0.0],[0.0],[0.39918831965417756]
29,"['lNONMMUG000508', 'lNONMMUG002215', 'lNONMMUG002239', 'lNONMMUG009962', 'lNONMMUG013211', 'lNONMMUG017485', 'lNONMMUG017913', 'lNONMMUG020673', 'lNONMMUG023454', 'lNONMMUG026355', 'lNONMMUG029813', 'lNONMMUG030202', 'lNONMMUG033401', 'lNONMMUG034886', 'lNONMMUG038355', 'lNONMMUG039685', 'lNONMMUG041158', 'lNONMMUG041781', 'lNONMMUG045568', 'lNONMMUG045569', 'lNONMMUG045574', 'lENSMUSG00000044471', 'lENSMUSG00000075277', 'lENSMUSG00000078190', 'lENSMUSG00000078247', 'lENSMUSG00000085354', 'lENSMUSG00000085715', 'lENSMUSG00000085873', 'lENSMUSG00000086141', 'lENSMUSG00000090063', 'lENSMUSG00000097336', 'lENSMUSG00000097571', 'lENSMUSG00000097767', 'lENSMUSG00000098439', 'lENSMUSG00000101609', 'lENSMUSG00000106519', 'l9030622O22Rik', 'lDlx6os1', 'lDnm3os', 'lGas5', 'lGm12610', 'lMiat', 'lNeat1', 'lNONMMUG002771', 'lNONMMUG004366', 'lNONMMUG007120', 'lNONMMUG008199', 'lNONMMUG009173', 'lNONMMUG009235', 'lNONMMUG010099', 'lNONMMUG012984', 'lNONMMUG013851', 'lNONMMUG014034', 'lNONMMUG017321', 'lNONMMUG017372', 'lNONMMUG019692', 'lNONMMUG020560', 'lNONMMUG021010', 'lNONMMUG023106', 'lNONMMUG024809', 'lNONMMUG025805', 'lNONMMUG029789', 'lNONMMUG031524', 'lNONMMUG031860', 'lNONMMUG032531', 'lNONMMUG033434', 'lNONMMUG034060', 'lNONMMUG035589', 'lNONMMUG036314', 'lNONMMUG036495', 'lNONMMUG038170', 'lNONMMUG038692', 'lNONMMUG038718', 'lNONMMUG039825', 'lNONMMUG041948', 'lNONMMUG042190', 'lNONMMUG043393', 'lNONMMUG043843', 'lNONMMUG044302', 'lNONMMUG045259', 'lENSMUSG00000085908', 'lENSMUSG00000103692', 'lENSMUSG00000106828', 'lENSMUSG00000107766', 'lGm13291', 'lSnord11', 'lSnord67']","[0.0, 0.0, 1.0, 0.0, 1.0, 0.0, 1.0, 0.0, 0.0, 1.0, 1.0, 0.0, 1.0, 1.0, 1.0, 1.0, 0.0, 0.0, 0.0, 0.0, 1.0, 0.0, 1.0, 1.0, 0.0, 0.0, 0.0, 0.0, 1.0, 0.0, 0.0, 1.0, 1.0, 1.0, 0.0, 0.0, 1.0, 1.0, 1.0, 1.0, 1.0, 1.0, 0.0, 1.0, 1.0, 0.0, 0.0, 1.0, 0.0, 0.0, 1.0, 1.0, 0.0, 1.0, 0.0, 0.0, 0.0, 1.0, 1.0, 1.0, 0.0, 1.0, 0.0, 0.0, 1.0, 0.0, 1.0, 1.0, 0.0, 0.0, 0.0, 1.0, 1.0, 1.0, 1.0, 1.0, 1.0, 0.0, 0.0, 1.0, 0.0, 0.0, 0.0, 0.0, 0.0, 1.0, 1.0]",['lENSMUSG00000086035'],[0.0],[0.0],[3.673885411290765e-05]
30,"['lNONMMUG000508', 'lNONMMUG002215', 'lNONMMUG002239', 'lNONMMUG009962', 'lNONMMUG013211', 'lNONMMUG017485', 'lNONMMUG017913', 'lNONMMUG020673', 'lNONMMUG023454', 'lNONMMUG026355', 'lNONMMUG029813', 'lNONMMUG030202', 'lNONMMUG033401', 'lNONMMUG034886', 'lNONMMUG038355', 'lNONMMUG039685', 'lNONMMUG041158', 'lNONMMUG041781', 'lNONMMUG045568', 'lNONMMUG045569', 'lNONMMUG045574', 'lENSMUSG00000044471', 'lENSMUSG00000075277', 'lENSMUSG00000078190', 'lENSMUSG00000078247', 'lENSMUSG00000085354', 'lENSMUSG00000085715', 'lENSMUSG00000085873', 'lENSMUSG00000086035', 'lENSMUSG00000090063', 'lENSMUSG00000097336', 'lENSMUSG00000097571', 'lENSMUSG00000097767', 'lENSMUSG00000098439', 'lENSMUSG00000101609', 'lENSMUSG00000106519', 'l9030622O22Rik', 'lDlx6os1', 'lDnm3os', 'lGas5', 'lGm12610', 'lMiat', 'lNeat1', 'lNONMMUG002771', 'lNONMMUG004366', 'lNONMMUG007120', 'lNONMMUG008199', 'lNONMMUG009173', 'lNONMMUG009235', 'lNONMMUG010099', 'lNONMMUG012984', 'lNONMMUG013851', 'lNONMMUG014034', 'lNONMMUG017321', 'lNONMMUG017372', 'lNONMMUG019692', 'lNONMMUG020560', 'lNONMMUG021010', 'lNONMMUG023106', 'lNONMMUG024809', 'lNONMMUG025805', 'lNONMMUG029789', 'lNONMMUG031524', 'lNONMMUG031860', 'lNONMMUG032531', 'lNONMMUG033434', 'lNONMMUG034060', 'lNONMMUG035589', 'lNONMMUG036314', 'lNONMMUG036495', 'lNONMMUG038170', 'lNONMMUG038692', 'lNONMMUG038718', 'lNONMMUG039825', 'lNONMMUG041948', 'lNONMMUG042190', 'lNONMMUG043393', 'lNONMMUG043843', 'lNONMMUG044302', 'lNONMMUG045259', 'lENSMUSG00000085908', 'lENSMUSG00000103692', 'lENSMUSG00000106828', 'lENSMUSG00000107766', 'lGm13291', 'lSnord11', 'lSnord67']","[0.0, 0.0, 1.0, 0.0, 1.0, 0.0, 1.0, 0.0, 0.0, 1.0, 1.0, 0.0, 1.0, 1.0, 1.0, 1.0, 0.0, 0.0, 0.0, 0.0, 1.0, 0.0, 1.0, 1.0, 0.0, 0.0, 0.0, 0.0, 0.0, 0.0, 0.0, 1.0, 1.0, 1.0, 0.0, 0.0, 1.0, 1.0, 1.0, 1.0, 1.0, 1.0, 0.0, 1.0, 1.0, 0.0, 0.0, 1.0, 0.0, 0.0, 1.0, 1.0, 0.0, 1.0, 0.0, 0.0, 0.0, 1.0, 1.0, 1.0, 0.0, 1.0, 0.0, 0.0, 1.0, 0.0, 1.0, 1.0, 0.0, 0.0, 0.0, 1.0, 1.0, 1.0, 1.0, 1.0, 1.0, 0.0, 0.0, 1.0, 0.0, 0.0, 0.0, 0.0, 0.0, 1.0, 1.0]",['lENSMUSG00000086141'],[1.0],[1.0],[0.994761293288313]
31,"['lNONMMUG000508', 'lNONMMUG002215', 'lNONMMUG002239', 'lNONMMUG009962', 'lNONMMUG013211', 'lNONMMUG017485', 'lNONMMUG017913', 'lNONMMUG020673', 'lNONMMUG023454', 'lNONMMUG026355', 'lNONMMUG029813', 'lNONMMUG030202', 'lNONMMUG033401', 'lNONMMUG034886', 'lNONMMUG038355', 'lNONMMUG039685', 'lNONMMUG041158', 'lNONMMUG041781', 'lNONMMUG045568', 'lNONMMUG045569', 'lNONMMUG045574', 'lENSMUSG00000044471', 'lENSMUSG00000075277', 'lENSMUSG00000078190', 'lENSMUSG00000078247', 'lENSMUSG00000085354', 'lENSMUSG00000085715', 'lENSMUSG00000085873', 'lENSMUSG00000086035', 'lENSMUSG00000086141', 'lENSMUSG00000097336', 'lENSMUSG00000097571', 'lENSMUSG00000097767', 'lENSMUSG00000098439', 'lENSMUSG00000101609', 'lENSMUSG00000106519', 'l9030622O22Rik', 'lDlx6os1', 'lDnm3os', 'lGas5', 'lGm12610', 'lMiat', 'lNeat1', 'lNONMMUG002771', 'lNONMMUG004366', 'lNONMMUG007120', 'lNONMMUG008199', 'lNONMMUG009173', 'lNONMMUG009235', 'lNONMMUG010099', 'lNONMMUG012984', 'lNONMMUG013851', 'lNONMMUG014034', 'lNONMMUG017321', 'lNONMMUG017372', 'lNONMMUG019692', 'lNONMMUG020560', 'lNONMMUG021010', 'lNONMMUG023106', 'lNONMMUG024809', 'lNONMMUG025805', 'lNONMMUG029789', 'lNONMMUG031524', 'lNONMMUG031860', 'lNONMMUG032531', 'lNONMMUG033434', 'lNONMMUG034060', 'lNONMMUG035589', 'lNONMMUG036314', 'lNONMMUG036495', 'lNONMMUG038170', 'lNONMMUG038692', 'lNONMMUG038718', 'lNONMMUG039825', 'lNONMMUG041948', 'lNONMMUG042190', 'lNONMMUG043393', 'lNONMMUG043843', 'lNONMMUG044302', 'lNONMMUG045259', 'lENSMUSG00000085908', 'lENSMUSG00000103692', 'lENSMUSG00000106828', 'lENSMUSG00000107766', 'lGm13291', 'lSnord11', 'lSnord67']","[0.0, 0.0, 1.0, 0.0, 1.0, 0.0, 1.0, 0.0, 0.0, 1.0, 1.0, 0.0, 1.0, 1.0, 1.0, 1.0, 0.0, 0.0, 0.0, 0.0, 1.0, 0.0, 1.0, 1.0, 0.0, 0.0, 0.0, 0.0, 0.0, 1.0, 0.0, 1.0, 1.0, 1.0, 0.0, 0.0, 1.0, 1.0, 1.0, 1.0, 1.0, 1.0, 0.0, 1.0, 1.0, 0.0, 0.0, 1.0, 0.0, 0.0, 1.0, 1.0, 0.0, 1.0, 0.0, 0.0, 0.0, 1.0, 1.0, 1.0, 0.0, 1.0, 0.0, 0.0, 1.0, 0.0, 1.0, 1.0, 0.0, 0.0, 0.0, 1.0, 1.0, 1.0, 1.0, 1.0, 1.0, 0.0, 0.0, 1.0, 0.0, 0.0, 0.0, 0.0, 0.0, 1.0, 1.0]",['lENSMUSG00000090063'],[0.0],[0.0],[0.015221279293278286]
32,"['lNONMMUG000508', 'lNONMMUG002215', 'lNONMMUG002239', 'lNONMMUG009962', 'lNONMMUG013211', 'lNONMMUG017485', 'lNONMMUG017913', 'lNONMMUG020673', 'lNONMMUG023454', 'lNONMMUG026355', 'lNONMMUG029813', 'lNONMMUG030202', 'lNONMMUG033401', 'lNONMMUG034886', 'lNONMMUG038355', 'lNONMMUG039685', 'lNONMMUG041158', 'lNONMMUG041781', 'lNONMMUG045568', 'lNONMMUG045569', 'lNONMMUG045574', 'lENSMUSG00000044471', 'lENSMUSG00000075277', 'lENSMUSG00000078190', 'lENSMUSG00000078247', 'lENSMUSG00000085354', 'lENSMUSG00000085715', 'lENSMUSG00000085873', 'lENSMUSG00000086035', 'lENSMUSG00000086141', 'lENSMUSG00000090063', 'lENSMUSG00000097571', 'lENSMUSG00000097767', 'lENSMUSG00000098439', 'lENSMUSG00000101609', 'lENSMUSG00000106519', 'l9030622O22Rik', 'lDlx6os1', 'lDnm3os', 'lGas5', 'lGm12610', 'lMiat', 'lNeat1', 'lNONMMUG002771', 'lNONMMUG004366', 'lNONMMUG007120', 'lNONMMUG008199', 'lNONMMUG009173', 'lNONMMUG009235', 'lNONMMUG010099', 'lNONMMUG012984', 'lNONMMUG013851', 'lNONMMUG014034', 'lNONMMUG017321', 'lNONMMUG017372', 'lNONMMUG019692', 'lNONMMUG020560', 'lNONMMUG021010', 'lNONMMUG023106', 'lNONMMUG024809', 'lNONMMUG025805', 'lNONMMUG029789', 'lNONMMUG031524', 'lNONMMUG031860', 'lNONMMUG032531', 'lNONMMUG033434', 'lNONMMUG034060', 'lNONMMUG035589', 'lNONMMUG036314', 'lNONMMUG036495', 'lNONMMUG038170', 'lNONMMUG038692', 'lNONMMUG038718', 'lNONMMUG039825', 'lNONMMUG041948', 'lNONMMUG042190', 'lNONMMUG043393', 'lNONMMUG043843', 'lNONMMUG044302', 'lNONMMUG045259', 'lENSMUSG00000085908', 'lENSMUSG00000103692', 'lENSMUSG00000106828', 'lENSMUSG00000107766', 'lGm13291', 'lSnord11', 'lSnord67']","[0.0, 0.0, 1.0, 0.0, 1.0, 0.0, 1.0, 0.0, 0.0, 1.0, 1.0, 0.0, 1.0, 1.0, 1.0, 1.0, 0.0, 0.0, 0.0, 0.0, 1.0, 0.0, 1.0, 1.0, 0.0, 0.0, 0.0, 0.0, 0.0, 1.0, 0.0, 1.0, 1.0, 1.0, 0.0, 0.0, 1.0, 1.0, 1.0, 1.0, 1.0, 1.0, 0.0, 1.0, 1.0, 0.0, 0.0, 1.0, 0.0, 0.0, 1.0, 1.0, 0.0, 1.0, 0.0, 0.0, 0.0, 1.0, 1.0, 1.0, 0.0, 1.0, 0.0, 0.0, 1.0, 0.0, 1.0, 1.0, 0.0, 0.0, 0.0, 1.0, 1.0, 1.0, 1.0, 1.0, 1.0, 0.0, 0.0, 1.0, 0.0, 0.0, 0.0, 0.0, 0.0, 1.0, 1.0]",['lENSMUSG00000097336'],[0.0],[0.0],[0.006787401597401186]
33,"['lNONMMUG000508', 'lNONMMUG002215', 'lNONMMUG002239', 'lNONMMUG009962', 'lNONMMUG013211', 'lNONMMUG017485', 'lNONMMUG017913', 'lNONMMUG020673', 'lNONMMUG023454', 'lNONMMUG026355', 'lNONMMUG029813', 'lNONMMUG030202', 'lNONMMUG033401', 'lNONMMUG034886', 'lNONMMUG038355', 'lNONMMUG039685', 'lNONMMUG041158', 'lNONMMUG041781', 'lNONMMUG045568', 'lNONMMUG045569', 'lNONMMUG045574', 'lENSMUSG00000044471', 'lENSMUSG00000075277', 'lENSMUSG00000078190', 'lENSMUSG00000078247', 'lENSMUSG00000085354', 'lENSMUSG00000085715', 'lENSMUSG00000085873', 'lENSMUSG00000086035', 'lENSMUSG00000086141', 'lENSMUSG00000090063', 'lENSMUSG00000097336', 'lENSMUSG00000097767', 'lENSMUSG00000098439', 'lENSMUSG00000101609', 'lENSMUSG00000106519', 'l9030622O22Rik', 'lDlx6os1', 'lDnm3os', 'lGas5', 'lGm12610', 'lMiat', 'lNeat1', 'lNONMMUG002771', 'lNONMMUG004366', 'lNONMMUG007120', 'lNONMMUG008199', 'lNONMMUG009173', 'lNONMMUG009235', 'lNONMMUG010099', 'lNONMMUG012984', 'lNONMMUG013851', 'lNONMMUG014034', 'lNONMMUG017321', 'lNONMMUG017372', 'lNONMMUG019692', 'lNONMMUG020560', 'lNONMMUG021010', 'lNONMMUG023106', 'lNONMMUG024809', 'lNONMMUG025805', 'lNONMMUG029789', 'lNONMMUG031524', 'lNONMMUG031860', 'lNONMMUG032531', 'lNONMMUG033434', 'lNONMMUG034060', 'lNONMMUG035589', 'lNONMMUG036314', 'lNONMMUG036495', 'lNONMMUG038170', 'lNONMMUG038692', 'lNONMMUG038718', 'lNONMMUG039825', 'lNONMMUG041948', 'lNONMMUG042190', 'lNONMMUG043393', 'lNONMMUG043843', 'lNONMMUG044302', 'lNONMMUG045259', 'lENSMUSG00000085908', 'lENSMUSG00000103692', 'lENSMUSG00000106828', 'lENSMUSG00000107766', 'lGm13291', 'lSnord11', 'lSnord67']","[0.0, 0.0, 1.0, 0.0, 1.0, 0.0, 1.0, 0.0, 0.0, 1.0, 1.0, 0.0, 1.0, 1.0, 1.0, 1.0, 0.0, 0.0, 0.0, 0.0, 1.0, 0.0, 1.0, 1.0, 0.0, 0.0, 0.0, 0.0, 0.0, 1.0, 0.0, 0.0, 1.0, 1.0, 0.0, 0.0, 1.0, 1.0, 1.0, 1.0, 1.0, 1.0, 0.0, 1.0, 1.0, 0.0, 0.0, 1.0, 0.0, 0.0, 1.0, 1.0, 0.0, 1.0, 0.0, 0.0, 0.0, 1.0, 1.0, 1.0, 0.0, 1.0, 0.0, 0.0, 1.0, 0.0, 1.0, 1.0, 0.0, 0.0, 0.0, 1.0, 1.0, 1.0, 1.0, 1.0, 1.0, 0.0, 0.0, 1.0, 0.0, 0.0, 0.0, 0.0, 0.0, 1.0, 1.0]",['lENSMUSG00000097571'],[1.0],[0.0],[0.3072489637141987]
34,"['lNONMMUG000508', 'lNONMMUG002215', 'lNONMMUG002239', 'lNONMMUG009962', 'lNONMMUG013211', 'lNONMMUG017485', 'lNONMMUG017913', 'lNONMMUG020673', 'lNONMMUG023454', 'lNONMMUG026355', 'lNONMMUG029813', 'lNONMMUG030202', 'lNONMMUG033401', 'lNONMMUG034886', 'lNONMMUG038355', 'lNONMMUG039685', 'lNONMMUG041158', 'lNONMMUG041781', 'lNONMMUG045568', 'lNONMMUG045569', 'lNONMMUG045574', 'lENSMUSG00000044471', 'lENSMUSG00000075277', 'lENSMUSG00000078190', 'lENSMUSG00000078247', 'lENSMUSG00000085354', 'lENSMUSG00000085715', 'lENSMUSG00000085873', 'lENSMUSG00000086035', 'lENSMUSG00000086141', 'lENSMUSG00000090063', 'lENSMUSG00000097336', 'lENSMUSG00000097571', 'lENSMUSG00000098439', 'lENSMUSG00000101609', 'lENSMUSG00000106519', 'l9030622O22Rik', 'lDlx6os1', 'lDnm3os', 'lGas5', 'lGm12610', 'lMiat', 'lNeat1', 'lNONMMUG002771', 'lNONMMUG004366', 'lNONMMUG007120', 'lNONMMUG008199', 'lNONMMUG009173', 'lNONMMUG009235', 'lNONMMUG010099', 'lNONMMUG012984', 'lNONMMUG013851', 'lNONMMUG014034', 'lNONMMUG017321', 'lNONMMUG017372', 'lNONMMUG019692', 'lNONMMUG020560', 'lNONMMUG021010', 'lNONMMUG023106', 'lNONMMUG024809', 'lNONMMUG025805', 'lNONMMUG029789', 'lNONMMUG031524', 'lNONMMUG031860', 'lNONMMUG032531', 'lNONMMUG033434', 'lNONMMUG034060', 'lNONMMUG035589', 'lNONMMUG036314', 'lNONMMUG036495', 'lNONMMUG038170', 'lNONMMUG038692', 'lNONMMUG038718', 'lNONMMUG039825', 'lNONMMUG041948', 'lNONMMUG042190', 'lNONMMUG043393', 'lNONMMUG043843', 'lNONMMUG044302', 'lNONMMUG045259', 'lENSMUSG00000085908', 'lENSMUSG00000103692', 'lENSMUSG00000106828', 'lENSMUSG00000107766', 'lGm13291', 'lSnord11', 'lSnord67']","[0.0, 0.0, 1.0, 0.0, 1.0, 0.0, 1.0, 0.0, 0.0, 1.0, 1.0, 0.0, 1.0, 1.0, 1.0, 1.0, 0.0, 0.0, 0.0, 0.0, 1.0, 0.0, 1.0, 1.0, 0.0, 0.0, 0.0, 0.0, 0.0, 1.0, 0.0, 0.0, 1.0, 1.0, 0.0, 0.0, 1.0, 1.0, 1.0, 1.0, 1.0, 1.0, 0.0, 1.0, 1.0, 0.0, 0.0, 1.0, 0.0, 0.0, 1.0, 1.0, 0.0, 1.0, 0.0, 0.0, 0.0, 1.0, 1.0, 1.0, 0.0, 1.0, 0.0, 0.0, 1.0, 0.0, 1.0, 1.0, 0.0, 0.0, 0.0, 1.0, 1.0, 1.0, 1.0, 1.0, 1.0, 0.0, 0.0, 1.0, 0.0, 0.0, 0.0, 0.0, 0.0, 1.0, 1.0]",['lENSMUSG00000097767'],[1.0],[1.0],[0.8878415438119981]
35,"['lNONMMUG000508', 'lNONMMUG002215', 'lNONMMUG002239', 'lNONMMUG009962', 'lNONMMUG013211', 'lNONMMUG017485', 'lNONMMUG017913', 'lNONMMUG020673', 'lNONMMUG023454', 'lNONMMUG026355', 'lNONMMUG029813', 'lNONMMUG030202', 'lNONMMUG033401', 'lNONMMUG034886', 'lNONMMUG038355', 'lNONMMUG039685', 'lNONMMUG041158', 'lNONMMUG041781', 'lNONMMUG045568', 'lNONMMUG045569', 'lNONMMUG045574', 'lENSMUSG00000044471', 'lENSMUSG00000075277', 'lENSMUSG00000078190', 'lENSMUSG00000078247', 'lENSMUSG00000085354', 'lENSMUSG00000085715', 'lENSMUSG00000085873', 'lENSMUSG00000086035', 'lENSMUSG00000086141', 'lENSMUSG00000090063', 'lENSMUSG00000097336', 'lENSMUSG00000097571', 'lENSMUSG00000097767', 'lENSMUSG00000101609', 'lENSMUSG00000106519', 'l9030622O22Rik', 'lDlx6os1', 'lDnm3os', 'lGas5', 'lGm12610', 'lMiat', 'lNeat1', 'lNONMMUG002771', 'lNONMMUG004366', 'lNONMMUG007120', 'lNONMMUG008199', 'lNONMMUG009173', 'lNONMMUG009235', 'lNONMMUG010099', 'lNONMMUG012984', 'lNONMMUG013851', 'lNONMMUG014034', 'lNONMMUG017321', 'lNONMMUG017372', 'lNONMMUG019692', 'lNONMMUG020560', 'lNONMMUG021010', 'lNONMMUG023106', 'lNONMMUG024809', 'lNONMMUG025805', 'lNONMMUG029789', 'lNONMMUG031524', 'lNONMMUG031860', 'lNONMMUG032531', 'lNONMMUG033434', 'lNONMMUG034060', 'lNONMMUG035589', 'lNONMMUG036314', 'lNONMMUG036495', 'lNONMMUG038170', 'lNONMMUG038692', 'lNONMMUG038718', 'lNONMMUG039825', 'lNONMMUG041948', 'lNONMMUG042190', 'lNONMMUG043393', 'lNONMMUG043843', 'lNONMMUG044302', 'lNONMMUG045259', 'lENSMUSG00000085908', 'lENSMUSG00000103692', 'lENSMUSG00000106828', 'lENSMUSG00000107766', 'lGm13291', 'lSnord11', 'lSnord67']","[0.0, 0.0, 1.0, 0.0, 1.0, 0.0, 1.0, 0.0, 0.0, 1.0, 1.0, 0.0, 1.0, 1.0, 1.0, 1.0, 0.0, 0.0, 0.0, 0.0, 1.0, 0.0, 1.0, 1.0, 0.0, 0.0, 0.0, 0.0, 0.0, 1.0, 0.0, 0.0, 1.0, 1.0, 0.0, 0.0, 1.0, 1.0, 1.0, 1.0, 1.0, 1.0, 0.0, 1.0, 1.0, 0.0, 0.0, 1.0, 0.0, 0.0, 1.0, 1.0, 0.0, 1.0, 0.0, 0.0, 0.0, 1.0, 1.0, 1.0, 0.0, 1.0, 0.0, 0.0, 1.0, 0.0, 1.0, 1.0, 0.0, 0.0, 0.0, 1.0, 1.0, 1.0, 1.0, 1.0, 1.0, 0.0, 0.0, 1.0, 0.0, 0.0, 0.0, 0.0, 0.0, 1.0, 1.0]",['lENSMUSG00000098439'],[1.0],[1.0],[0.7578713151291685]
36,"['lNONMMUG000508', 'lNONMMUG002215', 'lNONMMUG002239', 'lNONMMUG009962', 'lNONMMUG013211', 'lNONMMUG017485', 'lNONMMUG017913', 'lNONMMUG020673', 'lNONMMUG023454', 'lNONMMUG026355', 'lNONMMUG029813', 'lNONMMUG030202', 'lNONMMUG033401', 'lNONMMUG034886', 'lNONMMUG038355', 'lNONMMUG039685', 'lNONMMUG041158', 'lNONMMUG041781', 'lNONMMUG045568', 'lNONMMUG045569', 'lNONMMUG045574', 'lENSMUSG00000044471', 'lENSMUSG00000075277', 'lENSMUSG00000078190', 'lENSMUSG00000078247', 'lENSMUSG00000085354', 'lENSMUSG00000085715', 'lENSMUSG00000085873', 'lENSMUSG00000086035', 'lENSMUSG00000086141', 'lENSMUSG00000090063', 'lENSMUSG00000097336', 'lENSMUSG00000097571', 'lENSMUSG00000097767', 'lENSMUSG00000098439', 'lENSMUSG00000106519', 'l9030622O22Rik', 'lDlx6os1', 'lDnm3os', 'lGas5', 'lGm12610', 'lMiat', 'lNeat1', 'lNONMMUG002771', 'lNONMMUG004366', 'lNONMMUG007120', 'lNONMMUG008199', 'lNONMMUG009173', 'lNONMMUG009235', 'lNONMMUG010099', 'lNONMMUG012984', 'lNONMMUG013851', 'lNONMMUG014034', 'lNONMMUG017321', 'lNONMMUG017372', 'lNONMMUG019692', 'lNONMMUG020560', 'lNONMMUG021010', 'lNONMMUG023106', 'lNONMMUG024809', 'lNONMMUG025805', 'lNONMMUG029789', 'lNONMMUG031524', 'lNONMMUG031860', 'lNONMMUG032531', 'lNONMMUG033434', 'lNONMMUG034060', 'lNONMMUG035589', 'lNONMMUG036314', 'lNONMMUG036495', 'lNONMMUG038170', 'lNONMMUG038692', 'lNONMMUG038718', 'lNONMMUG039825', 'lNONMMUG041948', 'lNONMMUG042190', 'lNONMMUG043393', 'lNONMMUG043843', 'lNONMMUG044302', 'lNONMMUG045259', 'lENSMUSG00000085908', 'lENSMUSG00000103692', 'lENSMUSG00000106828', 'lENSMUSG00000107766', 'lGm13291', 'lSnord11', 'lSnord67']","[0.0, 0.0, 1.0, 0.0, 1.0, 0.0, 1.0, 0.0, 0.0, 1.0, 1.0, 0.0, 1.0, 1.0, 1.0, 1.0, 0.0, 0.0, 0.0, 0.0, 1.0, 0.0, 1.0, 1.0, 0.0, 0.0, 0.0, 0.0, 0.0, 1.0, 0.0, 0.0, 1.0, 1.0, 1.0, 0.0, 1.0, 1.0, 1.0, 1.0, 1.0, 1.0, 0.0, 1.0, 1.0, 0.0, 0.0, 1.0, 0.0, 0.0, 1.0, 1.0, 0.0, 1.0, 0.0, 0.0, 0.0, 1.0, 1.0, 1.0, 0.0, 1.0, 0.0, 0.0, 1.0, 0.0, 1.0, 1.0, 0.0, 0.0, 0.0, 1.0, 1.0, 1.0, 1.0, 1.0, 1.0, 0.0, 0.0, 1.0, 0.0, 0.0, 0.0, 0.0, 0.0, 1.0, 1.0]",['lENSMUSG00000101609'],[0.0],[0.0],[0.042445688962770886]
37,"['lNONMMUG000508', 'lNONMMUG002215', 'lNONMMUG002239', 'lNONMMUG009962', 'lNONMMUG013211', 'lNONMMUG017485', 'lNONMMUG017913', 'lNONMMUG020673', 'lNONMMUG023454', 'lNONMMUG026355', 'lNONMMUG029813', 'lNONMMUG030202', 'lNONMMUG033401', 'lNONMMUG034886', 'lNONMMUG038355', 'lNONMMUG039685', 'lNONMMUG041158', 'lNONMMUG041781', 'lNONMMUG045568', 'lNONMMUG045569', 'lNONMMUG045574', 'lENSMUSG00000044471', 'lENSMUSG00000075277', 'lENSMUSG00000078190', 'lENSMUSG00000078247', 'lENSMUSG00000085354', 'lENSMUSG00000085715', 'lENSMUSG00000085873', 'lENSMUSG00000086035', 'lENSMUSG00000086141', 'lENSMUSG00000090063', 'lENSMUSG00000097336', 'lENSMUSG00000097571', 'lENSMUSG00000097767', 'lENSMUSG00000098439', 'lENSMUSG00000101609', 'l9030622O22Rik', 'lDlx6os1', 'lDnm3os', 'lGas5', 'lGm12610', 'lMiat', 'lNeat1', 'lNONMMUG002771', 'lNONMMUG004366', 'lNONMMUG007120', 'lNONMMUG008199', 'lNONMMUG009173', 'lNONMMUG009235', 'lNONMMUG010099', 'lNONMMUG012984', 'lNONMMUG013851', 'lNONMMUG014034', 'lNONMMUG017321', 'lNONMMUG017372', 'lNONMMUG019692', 'lNONMMUG020560', 'lNONMMUG021010', 'lNONMMUG023106', 'lNONMMUG024809', 'lNONMMUG025805', 'lNONMMUG029789', 'lNONMMUG031524', 'lNONMMUG031860', 'lNONMMUG032531', 'lNONMMUG033434', 'lNONMMUG034060', 'lNONMMUG035589', 'lNONMMUG036314', 'lNONMMUG036495', 'lNONMMUG038170', 'lNONMMUG038692', 'lNONMMUG038718', 'lNONMMUG039825', 'lNONMMUG041948', 'lNONMMUG042190', 'lNONMMUG043393', 'lNONMMUG043843', 'lNONMMUG044302', 'lNONMMUG045259', 'lENSMUSG00000085908', 'lENSMUSG00000103692', 'lENSMUSG00000106828', 'lENSMUSG00000107766', 'lGm13291', 'lSnord11', 'lSnord67']","[0.0, 0.0, 1.0, 0.0, 1.0, 0.0, 1.0, 0.0, 0.0, 1.0, 1.0, 0.0, 1.0, 1.0, 1.0, 1.0, 0.0, 0.0, 0.0, 0.0, 1.0, 0.0, 1.0, 1.0, 0.0, 0.0, 0.0, 0.0, 0.0, 1.0, 0.0, 0.0, 1.0, 1.0, 1.0, 0.0, 1.0, 1.0, 1.0, 1.0, 1.0, 1.0, 0.0, 1.0, 1.0, 0.0, 0.0, 1.0, 0.0, 0.0, 1.0, 1.0, 0.0, 1.0, 0.0, 0.0, 0.0, 1.0, 1.0, 1.0, 0.0, 1.0, 0.0, 0.0, 1.0, 0.0, 1.0, 1.0, 0.0, 0.0, 0.0, 1.0, 1.0, 1.0, 1.0, 1.0, 1.0, 0.0, 0.0, 1.0, 0.0, 0.0, 0.0, 0.0, 0.0, 1.0, 1.0]",['lENSMUSG00000106519'],[0.0],[1.0],[0.9995352921404885]
38,"['lNONMMUG000508', 'lNONMMUG002215', 'lNONMMUG002239', 'lNONMMUG009962', 'lNONMMUG013211', 'lNONMMUG017485', 'lNONMMUG017913', 'lNONMMUG020673', 'lNONMMUG023454', 'lNONMMUG026355', 'lNONMMUG029813', 'lNONMMUG030202', 'lNONMMUG033401', 'lNONMMUG034886', 'lNONMMUG038355', 'lNONMMUG039685', 'lNONMMUG041158', 'lNONMMUG041781', 'lNONMMUG045568', 'lNONMMUG045569', 'lNONMMUG045574', 'lENSMUSG00000044471', 'lENSMUSG00000075277', 'lENSMUSG00000078190', 'lENSMUSG00000078247', 'lENSMUSG00000085354', 'lENSMUSG00000085715', 'lENSMUSG00000085873', 'lENSMUSG00000086035', 'lENSMUSG00000086141', 'lENSMUSG00000090063', 'lENSMUSG00000097336', 'lENSMUSG00000097571', 'lENSMUSG00000097767', 'lENSMUSG00000098439', 'lENSMUSG00000101609', 'lENSMUSG00000106519', 'lDlx6os1', 'lDnm3os', 'lGas5', 'lGm12610', 'lMiat', 'lNeat1', 'lNONMMUG002771', 'lNONMMUG004366', 'lNONMMUG007120', 'lNONMMUG008199', 'lNONMMUG009173', 'lNONMMUG009235', 'lNONMMUG010099', 'lNONMMUG012984', 'lNONMMUG013851', 'lNONMMUG014034', 'lNONMMUG017321', 'lNONMMUG017372', 'lNONMMUG019692', 'lNONMMUG020560', 'lNONMMUG021010', 'lNONMMUG023106', 'lNONMMUG024809', 'lNONMMUG025805', 'lNONMMUG029789', 'lNONMMUG031524', 'lNONMMUG031860', 'lNONMMUG032531', 'lNONMMUG033434', 'lNONMMUG034060', 'lNONMMUG035589', 'lNONMMUG036314', 'lNONMMUG036495', 'lNONMMUG038170', 'lNONMMUG038692', 'lNONMMUG038718', 'lNONMMUG039825', 'lNONMMUG041948', 'lNONMMUG042190', 'lNONMMUG043393', 'lNONMMUG043843', 'lNONMMUG044302', 'lNONMMUG045259', 'lENSMUSG00000085908', 'lENSMUSG00000103692', 'lENSMUSG00000106828', 'lENSMUSG00000107766', 'lGm13291', 'lSnord11', 'lSnord67']","[0.0, 0.0, 1.0, 0.0, 1.0, 0.0, 1.0, 0.0, 0.0, 1.0, 1.0, 0.0, 1.0, 1.0, 1.0, 1.0, 0.0, 0.0, 0.0, 0.0, 1.0, 0.0, 1.0, 1.0, 0.0, 0.0, 0.0, 0.0, 0.0, 1.0, 0.0, 0.0, 1.0, 1.0, 1.0, 0.0, 0.0, 1.0, 1.0, 1.0, 1.0, 1.0, 0.0, 1.0, 1.0, 0.0, 0.0, 1.0, 0.0, 0.0, 1.0, 1.0, 0.0, 1.0, 0.0, 0.0, 0.0, 1.0, 1.0, 1.0, 0.0, 1.0, 0.0, 0.0, 1.0, 0.0, 1.0, 1.0, 0.0, 0.0, 0.0, 1.0, 1.0, 1.0, 1.0, 1.0, 1.0, 0.0, 0.0, 1.0, 0.0, 0.0, 0.0, 0.0, 0.0, 1.0, 1.0]",['l9030622O22Rik'],[1.0],[0.0],[0.351983698955276]
39,"['lNONMMUG000508', 'lNONMMUG002215', 'lNONMMUG002239', 'lNONMMUG009962', 'lNONMMUG013211', 'lNONMMUG017485', 'lNONMMUG017913', 'lNONMMUG020673', 'lNONMMUG023454', 'lNONMMUG026355', 'lNONMMUG029813', 'lNONMMUG030202', 'lNONMMUG033401', 'lNONMMUG034886', 'lNONMMUG038355', 'lNONMMUG039685', 'lNONMMUG041158', 'lNONMMUG041781', 'lNONMMUG045568', 'lNONMMUG045569', 'lNONMMUG045574', 'lENSMUSG00000044471', 'lENSMUSG00000075277', 'lENSMUSG00000078190', 'lENSMUSG00000078247', 'lENSMUSG00000085354', 'lENSMUSG00000085715', 'lENSMUSG00000085873', 'lENSMUSG00000086035', 'lENSMUSG00000086141', 'lENSMUSG00000090063', 'lENSMUSG00000097336', 'lENSMUSG00000097571', 'lENSMUSG00000097767', 'lENSMUSG00000098439', 'lENSMUSG00000101609', 'lENSMUSG00000106519', 'l9030622O22Rik', 'lDnm3os', 'lGas5', 'lGm12610', 'lMiat', 'lNeat1', 'lNONMMUG002771', 'lNONMMUG004366', 'lNONMMUG007120', 'lNONMMUG008199', 'lNONMMUG009173', 'lNONMMUG009235', 'lNONMMUG010099', 'lNONMMUG012984', 'lNONMMUG013851', 'lNONMMUG014034', 'lNONMMUG017321', 'lNONMMUG017372', 'lNONMMUG019692', 'lNONMMUG020560', 'lNONMMUG021010', 'lNONMMUG023106', 'lNONMMUG024809', 'lNONMMUG025805', 'lNONMMUG029789', 'lNONMMUG031524', 'lNONMMUG031860', 'lNONMMUG032531', 'lNONMMUG033434', 'lNONMMUG034060', 'lNONMMUG035589', 'lNONMMUG036314', 'lNONMMUG036495', 'lNONMMUG038170', 'lNONMMUG038692', 'lNONMMUG038718', 'lNONMMUG039825', 'lNONMMUG041948', 'lNONMMUG042190', 'lNONMMUG043393', 'lNONMMUG043843', 'lNONMMUG044302', 'lNONMMUG045259', 'lENSMUSG00000085908', 'lENSMUSG00000103692', 'lENSMUSG00000106828', 'lENSMUSG00000107766', 'lGm13291', 'lSnord11', 'lSnord67']","[0.0, 0.0, 1.0, 0.0, 1.0, 0.0, 1.0, 0.0, 0.0, 1.0, 1.0, 0.0, 1.0, 1.0, 1.0, 1.0, 0.0, 0.0, 0.0, 0.0, 1.0, 0.0, 1.0, 1.0, 0.0, 0.0, 0.0, 0.0, 0.0, 1.0, 0.0, 0.0, 1.0, 1.0, 1.0, 0.0, 0.0, 1.0, 1.0, 1.0, 1.0, 1.0, 0.0, 1.0, 1.0, 0.0, 0.0, 1.0, 0.0, 0.0, 1.0, 1.0, 0.0, 1.0, 0.0, 0.0, 0.0, 1.0, 1.0, 1.0, 0.0, 1.0, 0.0, 0.0, 1.0, 0.0, 1.0, 1.0, 0.0, 0.0, 0.0, 1.0, 1.0, 1.0, 1.0, 1.0, 1.0, 0.0, 0.0, 1.0, 0.0, 0.0, 0.0, 0.0, 0.0, 1.0, 1.0]",['lDlx6os1'],[1.0],[0.0],[0.11244663007983659]
40,"['lNONMMUG000508', 'lNONMMUG002215', 'lNONMMUG002239', 'lNONMMUG009962', 'lNONMMUG013211', 'lNONMMUG017485', 'lNONMMUG017913', 'lNONMMUG020673', 'lNONMMUG023454', 'lNONMMUG026355', 'lNONMMUG029813', 'lNONMMUG030202', 'lNONMMUG033401', 'lNONMMUG034886', 'lNONMMUG038355', 'lNONMMUG039685', 'lNONMMUG041158', 'lNONMMUG041781', 'lNONMMUG045568', 'lNONMMUG045569', 'lNONMMUG045574', 'lENSMUSG00000044471', 'lENSMUSG00000075277', 'lENSMUSG00000078190', 'lENSMUSG00000078247', 'lENSMUSG00000085354', 'lENSMUSG00000085715', 'lENSMUSG00000085873', 'lENSMUSG00000086035', 'lENSMUSG00000086141', 'lENSMUSG00000090063', 'lENSMUSG00000097336', 'lENSMUSG00000097571', 'lENSMUSG00000097767', 'lENSMUSG00000098439', 'lENSMUSG00000101609', 'lENSMUSG00000106519', 'l9030622O22Rik', 'lDlx6os1', 'lGas5', 'lGm12610', 'lMiat', 'lNeat1', 'lNONMMUG002771', 'lNONMMUG004366', 'lNONMMUG007120', 'lNONMMUG008199', 'lNONMMUG009173', 'lNONMMUG009235', 'lNONMMUG010099', 'lNONMMUG012984', 'lNONMMUG013851', 'lNONMMUG014034', 'lNONMMUG017321', 'lNONMMUG017372', 'lNONMMUG019692', 'lNONMMUG020560', 'lNONMMUG021010', 'lNONMMUG023106', 'lNONMMUG024809', 'lNONMMUG025805', 'lNONMMUG029789', 'lNONMMUG031524', 'lNONMMUG031860', 'lNONMMUG032531', 'lNONMMUG033434', 'lNONMMUG034060', 'lNONMMUG035589', 'lNONMMUG036314', 'lNONMMUG036495', 'lNONMMUG038170', 'lNONMMUG038692', 'lNONMMUG038718', 'lNONMMUG039825', 'lNONMMUG041948', 'lNONMMUG042190', 'lNONMMUG043393', 'lNONMMUG043843', 'lNONMMUG044302', 'lNONMMUG045259', 'lENSMUSG00000085908', 'lENSMUSG00000103692', 'lENSMUSG00000106828', 'lENSMUSG00000107766', 'lGm13291', 'lSnord11', 'lSnord67']","[0.0, 0.0, 1.0, 0.0, 1.0, 0.0, 1.0, 0.0, 0.0, 1.0, 1.0, 0.0, 1.0, 1.0, 1.0, 1.0, 0.0, 0.0, 0.0, 0.0, 1.0, 0.0, 1.0, 1.0, 0.0, 0.0, 0.0, 0.0, 0.0, 1.0, 0.0, 0.0, 1.0, 1.0, 1.0, 0.0, 0.0, 1.0, 1.0, 1.0, 1.0, 1.0, 0.0, 1.0, 1.0, 0.0, 0.0, 1.0, 0.0, 0.0, 1.0, 1.0, 0.0, 1.0, 0.0, 0.0, 0.0, 1.0, 1.0, 1.0, 0.0, 1.0, 0.0, 0.0, 1.0, 0.0, 1.0, 1.0, 0.0, 0.0, 0.0, 1.0, 1.0, 1.0, 1.0, 1.0, 1.0, 0.0, 0.0, 1.0, 0.0, 0.0, 0.0, 0.0, 0.0, 1.0, 1.0]",['lDnm3os'],[1.0],[0.0],[0.013141459991846734]
41,"['lNONMMUG000508', 'lNONMMUG002215', 'lNONMMUG002239', 'lNONMMUG009962', 'lNONMMUG013211', 'lNONMMUG017485', 'lNONMMUG017913', 'lNONMMUG020673', 'lNONMMUG023454', 'lNONMMUG026355', 'lNONMMUG029813', 'lNONMMUG030202', 'lNONMMUG033401', 'lNONMMUG034886', 'lNONMMUG038355', 'lNONMMUG039685', 'lNONMMUG041158', 'lNONMMUG041781', 'lNONMMUG045568', 'lNONMMUG045569', 'lNONMMUG045574', 'lENSMUSG00000044471', 'lENSMUSG00000075277', 'lENSMUSG00000078190', 'lENSMUSG00000078247', 'lENSMUSG00000085354', 'lENSMUSG00000085715', 'lENSMUSG00000085873', 'lENSMUSG00000086035', 'lENSMUSG00000086141', 'lENSMUSG00000090063', 'lENSMUSG00000097336', 'lENSMUSG00000097571', 'lENSMUSG00000097767', 'lENSMUSG00000098439', 'lENSMUSG00000101609', 'lENSMUSG00000106519', 'l9030622O22Rik', 'lDlx6os1', 'lDnm3os', 'lGm12610', 'lMiat', 'lNeat1', 'lNONMMUG002771', 'lNONMMUG004366', 'lNONMMUG007120', 'lNONMMUG008199', 'lNONMMUG009173', 'lNONMMUG009235', 'lNONMMUG010099', 'lNONMMUG012984', 'lNONMMUG013851', 'lNONMMUG014034', 'lNONMMUG017321', 'lNONMMUG017372', 'lNONMMUG019692', 'lNONMMUG020560', 'lNONMMUG021010', 'lNONMMUG023106', 'lNONMMUG024809', 'lNONMMUG025805', 'lNONMMUG029789', 'lNONMMUG031524', 'lNONMMUG031860', 'lNONMMUG032531', 'lNONMMUG033434', 'lNONMMUG034060', 'lNONMMUG035589', 'lNONMMUG036314', 'lNONMMUG036495', 'lNONMMUG038170', 'lNONMMUG038692', 'lNONMMUG038718', 'lNONMMUG039825', 'lNONMMUG041948', 'lNONMMUG042190', 'lNONMMUG043393', 'lNONMMUG043843', 'lNONMMUG044302', 'lNONMMUG045259', 'lENSMUSG00000085908', 'lENSMUSG00000103692', 'lENSMUSG00000106828', 'lENSMUSG00000107766', 'lGm13291', 'lSnord11', 'lSnord67']","[0.0, 0.0, 1.0, 0.0, 1.0, 0.0, 1.0, 0.0, 0.0, 1.0, 1.0, 0.0, 1.0, 1.0, 1.0, 1.0, 0.0, 0.0, 0.0, 0.0, 1.0, 0.0, 1.0, 1.0, 0.0, 0.0, 0.0, 0.0, 0.0, 1.0, 0.0, 0.0, 1.0, 1.0, 1.0, 0.0, 0.0, 1.0, 1.0, 1.0, 1.0, 1.0, 0.0, 1.0, 1.0, 0.0, 0.0, 1.0, 0.0, 0.0, 1.0, 1.0, 0.0, 1.0, 0.0, 0.0, 0.0, 1.0, 1.0, 1.0, 0.0, 1.0, 0.0, 0.0, 1.0, 0.0, 1.0, 1.0, 0.0, 0.0, 0.0, 1.0, 1.0, 1.0, 1.0, 1.0, 1.0, 0.0, 0.0, 1.0, 0.0, 0.0, 0.0, 0.0, 0.0, 1.0, 1.0]",['lGas5'],[1.0],[0.0],[0.09058304206801146]
42,"['lNONMMUG000508', 'lNONMMUG002215', 'lNONMMUG002239', 'lNONMMUG009962', 'lNONMMUG013211', 'lNONMMUG017485', 'lNONMMUG017913', 'lNONMMUG020673', 'lNONMMUG023454', 'lNONMMUG026355', 'lNONMMUG029813', 'lNONMMUG030202', 'lNONMMUG033401', 'lNONMMUG034886', 'lNONMMUG038355', 'lNONMMUG039685', 'lNONMMUG041158', 'lNONMMUG041781', 'lNONMMUG045568', 'lNONMMUG045569', 'lNONMMUG045574', 'lENSMUSG00000044471', 'lENSMUSG00000075277', 'lENSMUSG00000078190', 'lENSMUSG00000078247', 'lENSMUSG00000085354', 'lENSMUSG00000085715', 'lENSMUSG00000085873', 'lENSMUSG00000086035', 'lENSMUSG00000086141', 'lENSMUSG00000090063', 'lENSMUSG00000097336', 'lENSMUSG00000097571', 'lENSMUSG00000097767', 'lENSMUSG00000098439', 'lENSMUSG00000101609', 'lENSMUSG00000106519', 'l9030622O22Rik', 'lDlx6os1', 'lDnm3os', 'lGas5', 'lMiat', 'lNeat1', 'lNONMMUG002771', 'lNONMMUG004366', 'lNONMMUG007120', 'lNONMMUG008199', 'lNONMMUG009173', 'lNONMMUG009235', 'lNONMMUG010099', 'lNONMMUG012984', 'lNONMMUG013851', 'lNONMMUG014034', 'lNONMMUG017321', 'lNONMMUG017372', 'lNONMMUG019692', 'lNONMMUG020560', 'lNONMMUG021010', 'lNONMMUG023106', 'lNONMMUG024809', 'lNONMMUG025805', 'lNONMMUG029789', 'lNONMMUG031524', 'lNONMMUG031860', 'lNONMMUG032531', 'lNONMMUG033434', 'lNONMMUG034060', 'lNONMMUG035589', 'lNONMMUG036314', 'lNONMMUG036495', 'lNONMMUG038170', 'lNONMMUG038692', 'lNONMMUG038718', 'lNONMMUG039825', 'lNONMMUG041948', 'lNONMMUG042190', 'lNONMMUG043393', 'lNONMMUG043843', 'lNONMMUG044302', 'lNONMMUG045259', 'lENSMUSG00000085908', 'lENSMUSG00000103692', 'lENSMUSG00000106828', 'lENSMUSG00000107766', 'lGm13291', 'lSnord11', 'lSnord67']","[0.0, 0.0, 1.0, 0.0, 1.0, 0.0, 1.0, 0.0, 0.0, 1.0, 1.0, 0.0, 1.0, 1.0, 1.0, 1.0, 0.0, 0.0, 0.0, 0.0, 1.0, 0.0, 1.0, 1.0, 0.0, 0.0, 0.0, 0.0, 0.0, 1.0, 0.0, 0.0, 1.0, 1.0, 1.0, 0.0, 0.0, 1.0, 1.0, 1.0, 1.0, 1.0, 0.0, 1.0, 1.0, 0.0, 0.0, 1.0, 0.0, 0.0, 1.0, 1.0, 0.0, 1.0, 0.0, 0.0, 0.0, 1.0, 1.0, 1.0, 0.0, 1.0, 0.0, 0.0, 1.0, 0.0, 1.0, 1.0, 0.0, 0.0, 0.0, 1.0, 1.0, 1.0, 1.0, 1.0, 1.0, 0.0, 0.0, 1.0, 0.0, 0.0, 0.0, 0.0, 0.0, 1.0, 1.0]",['lGm12610'],[1.0],[0.0],[0.29933386764029984]
43,"['lNONMMUG000508', 'lNONMMUG002215', 'lNONMMUG002239', 'lNONMMUG009962', 'lNONMMUG013211', 'lNONMMUG017485', 'lNONMMUG017913', 'lNONMMUG020673', 'lNONMMUG023454', 'lNONMMUG026355', 'lNONMMUG029813', 'lNONMMUG030202', 'lNONMMUG033401', 'lNONMMUG034886', 'lNONMMUG038355', 'lNONMMUG039685', 'lNONMMUG041158', 'lNONMMUG041781', 'lNONMMUG045568', 'lNONMMUG045569', 'lNONMMUG045574', 'lENSMUSG00000044471', 'lENSMUSG00000075277', 'lENSMUSG00000078190', 'lENSMUSG00000078247', 'lENSMUSG00000085354', 'lENSMUSG00000085715', 'lENSMUSG00000085873', 'lENSMUSG00000086035', 'lENSMUSG00000086141', 'lENSMUSG00000090063', 'lENSMUSG00000097336', 'lENSMUSG00000097571', 'lENSMUSG00000097767', 'lENSMUSG00000098439', 'lENSMUSG00000101609', 'lENSMUSG00000106519', 'l9030622O22Rik', 'lDlx6os1', 'lDnm3os', 'lGas5', 'lGm12610', 'lNeat1', 'lNONMMUG002771', 'lNONMMUG004366', 'lNONMMUG007120', 'lNONMMUG008199', 'lNONMMUG009173', 'lNONMMUG009235', 'lNONMMUG010099', 'lNONMMUG012984', 'lNONMMUG013851', 'lNONMMUG014034', 'lNONMMUG017321', 'lNONMMUG017372', 'lNONMMUG019692', 'lNONMMUG020560', 'lNONMMUG021010', 'lNONMMUG023106', 'lNONMMUG024809', 'lNONMMUG025805', 'lNONMMUG029789', 'lNONMMUG031524', 'lNONMMUG031860', 'lNONMMUG032531', 'lNONMMUG033434', 'lNONMMUG034060', 'lNONMMUG035589', 'lNONMMUG036314', 'lNONMMUG036495', 'lNONMMUG038170', 'lNONMMUG038692', 'lNONMMUG038718', 'lNONMMUG039825', 'lNONMMUG041948', 'lNONMMUG042190', 'lNONMMUG043393', 'lNONMMUG043843', 'lNONMMUG044302', 'lNONMMUG045259', 'lENSMUSG00000085908', 'lENSMUSG00000103692', 'lENSMUSG00000106828', 'lENSMUSG00000107766', 'lGm13291', 'lSnord11', 'lSnord67']","[0.0, 0.0, 1.0, 0.0, 1.0, 0.0, 1.0, 0.0, 0.0, 1.0, 1.0, 0.0, 1.0, 1.0, 1.0, 1.0, 0.0, 0.0, 0.0, 0.0, 1.0, 0.0, 1.0, 1.0, 0.0, 0.0, 0.0, 0.0, 0.0, 1.0, 0.0, 0.0, 1.0, 1.0, 1.0, 0.0, 0.0, 1.0, 1.0, 1.0, 1.0, 1.0, 0.0, 1.0, 1.0, 0.0, 0.0, 1.0, 0.0, 0.0, 1.0, 1.0, 0.0, 1.0, 0.0, 0.0, 0.0, 1.0, 1.0, 1.0, 0.0, 1.0, 0.0, 0.0, 1.0, 0.0, 1.0, 1.0, 0.0, 0.0, 0.0, 1.0, 1.0, 1.0, 1.0, 1.0, 1.0, 0.0, 0.0, 1.0, 0.0, 0.0, 0.0, 0.0, 0.0, 1.0, 1.0]",['lMiat'],[1.0],[1.0],[0.9585911958832624]
44,"['lNONMMUG000508', 'lNONMMUG002215', 'lNONMMUG002239', 'lNONMMUG009962', 'lNONMMUG013211', 'lNONMMUG017485', 'lNONMMUG017913', 'lNONMMUG020673', 'lNONMMUG023454', 'lNONMMUG026355', 'lNONMMUG029813', 'lNONMMUG030202', 'lNONMMUG033401', 'lNONMMUG034886', 'lNONMMUG038355', 'lNONMMUG039685', 'lNONMMUG041158', 'lNONMMUG041781', 'lNONMMUG045568', 'lNONMMUG045569', 'lNONMMUG045574', 'lENSMUSG00000044471', 'lENSMUSG00000075277', 'lENSMUSG00000078190', 'lENSMUSG00000078247', 'lENSMUSG00000085354', 'lENSMUSG00000085715', 'lENSMUSG00000085873', 'lENSMUSG00000086035', 'lENSMUSG00000086141', 'lENSMUSG00000090063', 'lENSMUSG00000097336', 'lENSMUSG00000097571', 'lENSMUSG00000097767', 'lENSMUSG00000098439', 'lENSMUSG00000101609', 'lENSMUSG00000106519', 'l9030622O22Rik', 'lDlx6os1', 'lDnm3os', 'lGas5', 'lGm12610', 'lMiat', 'lNONMMUG002771', 'lNONMMUG004366', 'lNONMMUG007120', 'lNONMMUG008199', 'lNONMMUG009173', 'lNONMMUG009235', 'lNONMMUG010099', 'lNONMMUG012984', 'lNONMMUG013851', 'lNONMMUG014034', 'lNONMMUG017321', 'lNONMMUG017372', 'lNONMMUG019692', 'lNONMMUG020560', 'lNONMMUG021010', 'lNONMMUG023106', 'lNONMMUG024809', 'lNONMMUG025805', 'lNONMMUG029789', 'lNONMMUG031524', 'lNONMMUG031860', 'lNONMMUG032531', 'lNONMMUG033434', 'lNONMMUG034060', 'lNONMMUG035589', 'lNONMMUG036314', 'lNONMMUG036495', 'lNONMMUG038170', 'lNONMMUG038692', 'lNONMMUG038718', 'lNONMMUG039825', 'lNONMMUG041948', 'lNONMMUG042190', 'lNONMMUG043393', 'lNONMMUG043843', 'lNONMMUG044302', 'lNONMMUG045259', 'lENSMUSG00000085908', 'lENSMUSG00000103692', 'lENSMUSG00000106828', 'lENSMUSG00000107766', 'lGm13291', 'lSnord11', 'lSnord67']","[0.0, 0.0, 1.0, 0.0, 1.0, 0.0, 1.0, 0.0, 0.0, 1.0, 1.0, 0.0, 1.0, 1.0, 1.0, 1.0, 0.0, 0.0, 0.0, 0.0, 1.0, 0.0, 1.0, 1.0, 0.0, 0.0, 0.0, 0.0, 0.0, 1.0, 0.0, 0.0, 1.0, 1.0, 1.0, 0.0, 0.0, 1.0, 1.0, 1.0, 1.0, 1.0, 1.0, 1.0, 1.0, 0.0, 0.0, 1.0, 0.0, 0.0, 1.0, 1.0, 0.0, 1.0, 0.0, 0.0, 0.0, 1.0, 1.0, 1.0, 0.0, 1.0, 0.0, 0.0, 1.0, 0.0, 1.0, 1.0, 0.0, 0.0, 0.0, 1.0, 1.0, 1.0, 1.0, 1.0, 1.0, 0.0, 0.0, 1.0, 0.0, 0.0, 0.0, 0.0, 0.0, 1.0, 1.0]",['lNeat1'],[0.0],[0.0],[0.3909478356712065]
45,"['lNONMMUG000508', 'lNONMMUG002215', 'lNONMMUG002239', 'lNONMMUG009962', 'lNONMMUG013211', 'lNONMMUG017485', 'lNONMMUG017913', 'lNONMMUG020673', 'lNONMMUG023454', 'lNONMMUG026355', 'lNONMMUG029813', 'lNONMMUG030202', 'lNONMMUG033401', 'lNONMMUG034886', 'lNONMMUG038355', 'lNONMMUG039685', 'lNONMMUG041158', 'lNONMMUG041781', 'lNONMMUG045568', 'lNONMMUG045569', 'lNONMMUG045574', 'lENSMUSG00000044471', 'lENSMUSG00000075277', 'lENSMUSG00000078190', 'lENSMUSG00000078247', 'lENSMUSG00000085354', 'lENSMUSG00000085715', 'lENSMUSG00000085873', 'lENSMUSG00000086035', 'lENSMUSG00000086141', 'lENSMUSG00000090063', 'lENSMUSG00000097336', 'lENSMUSG00000097571', 'lENSMUSG00000097767', 'lENSMUSG00000098439', 'lENSMUSG00000101609', 'lENSMUSG00000106519', 'l9030622O22Rik', 'lDlx6os1', 'lDnm3os', 'lGas5', 'lGm12610', 'lMiat', 'lNeat1', 'lNONMMUG004366', 'lNONMMUG007120', 'lNONMMUG008199', 'lNONMMUG009173', 'lNONMMUG009235', 'lNONMMUG010099', 'lNONMMUG012984', 'lNONMMUG013851', 'lNONMMUG014034', 'lNONMMUG017321', 'lNONMMUG017372', 'lNONMMUG019692', 'lNONMMUG020560', 'lNONMMUG021010', 'lNONMMUG023106', 'lNONMMUG024809', 'lNONMMUG025805', 'lNONMMUG029789', 'lNONMMUG031524', 'lNONMMUG031860', 'lNONMMUG032531', 'lNONMMUG033434', 'lNONMMUG034060', 'lNONMMUG035589', 'lNONMMUG036314', 'lNONMMUG036495', 'lNONMMUG038170', 'lNONMMUG038692', 'lNONMMUG038718', 'lNONMMUG039825', 'lNONMMUG041948', 'lNONMMUG042190', 'lNONMMUG043393', 'lNONMMUG043843', 'lNONMMUG044302', 'lNONMMUG045259', 'lENSMUSG00000085908', 'lENSMUSG00000103692', 'lENSMUSG00000106828', 'lENSMUSG00000107766', 'lGm13291', 'lSnord11', 'lSnord67']","[0.0, 0.0, 1.0, 0.0, 1.0, 0.0, 1.0, 0.0, 0.0, 1.0, 1.0, 0.0, 1.0, 1.0, 1.0, 1.0, 0.0, 0.0, 0.0, 0.0, 1.0, 0.0, 1.0, 1.0, 0.0, 0.0, 0.0, 0.0, 0.0, 1.0, 0.0, 0.0, 1.0, 1.0, 1.0, 0.0, 0.0, 1.0, 1.0, 1.0, 1.0, 1.0, 1.0, 0.0, 1.0, 0.0, 0.0, 1.0, 0.0, 0.0, 1.0, 1.0, 0.0, 1.0, 0.0, 0.0, 0.0, 1.0, 1.0, 1.0, 0.0, 1.0, 0.0, 0.0, 1.0, 0.0, 1.0, 1.0, 0.0, 0.0, 0.0, 1.0, 1.0, 1.0, 1.0, 1.0, 1.0, 0.0, 0.0, 1.0, 0.0, 0.0, 0.0, 0.0, 0.0, 1.0, 1.0]",['lNONMMUG002771'],[1.0],[0.0],[0.0018449726199334427]
46,"['lNONMMUG000508', 'lNONMMUG002215', 'lNONMMUG002239', 'lNONMMUG009962', 'lNONMMUG013211', 'lNONMMUG017485', 'lNONMMUG017913', 'lNONMMUG020673', 'lNONMMUG023454', 'lNONMMUG026355', 'lNONMMUG029813', 'lNONMMUG030202', 'lNONMMUG033401', 'lNONMMUG034886', 'lNONMMUG038355', 'lNONMMUG039685', 'lNONMMUG041158', 'lNONMMUG041781', 'lNONMMUG045568', 'lNONMMUG045569', 'lNONMMUG045574', 'lENSMUSG00000044471', 'lENSMUSG00000075277', 'lENSMUSG00000078190', 'lENSMUSG00000078247', 'lENSMUSG00000085354', 'lENSMUSG00000085715', 'lENSMUSG00000085873', 'lENSMUSG00000086035', 'lENSMUSG00000086141', 'lENSMUSG00000090063', 'lENSMUSG00000097336', 'lENSMUSG00000097571', 'lENSMUSG00000097767', 'lENSMUSG00000098439', 'lENSMUSG00000101609', 'lENSMUSG00000106519', 'l9030622O22Rik', 'lDlx6os1', 'lDnm3os', 'lGas5', 'lGm12610', 'lMiat', 'lNeat1', 'lNONMMUG002771', 'lNONMMUG007120', 'lNONMMUG008199', 'lNONMMUG009173', 'lNONMMUG009235', 'lNONMMUG010099', 'lNONMMUG012984', 'lNONMMUG013851', 'lNONMMUG014034', 'lNONMMUG017321', 'lNONMMUG017372', 'lNONMMUG019692', 'lNONMMUG020560', 'lNONMMUG021010', 'lNONMMUG023106', 'lNONMMUG024809', 'lNONMMUG025805', 'lNONMMUG029789', 'lNONMMUG031524', 'lNONMMUG031860', 'lNONMMUG032531', 'lNONMMUG033434', 'lNONMMUG034060', 'lNONMMUG035589', 'lNONMMUG036314', 'lNONMMUG036495', 'lNONMMUG038170', 'lNONMMUG038692', 'lNONMMUG038718', 'lNONMMUG039825', 'lNONMMUG041948', 'lNONMMUG042190', 'lNONMMUG043393', 'lNONMMUG043843', 'lNONMMUG044302', 'lNONMMUG045259', 'lENSMUSG00000085908', 'lENSMUSG00000103692', 'lENSMUSG00000106828', 'lENSMUSG00000107766', 'lGm13291', 'lSnord11', 'lSnord67']","[0.0, 0.0, 1.0, 0.0, 1.0, 0.0, 1.0, 0.0, 0.0, 1.0, 1.0, 0.0, 1.0, 1.0, 1.0, 1.0, 0.0, 0.0, 0.0, 0.0, 1.0, 0.0, 1.0, 1.0, 0.0, 0.0, 0.0, 0.0, 0.0, 1.0, 0.0, 0.0, 1.0, 1.0, 1.0, 0.0, 0.0, 1.0, 1.0, 1.0, 1.0, 1.0, 1.0, 0.0, 1.0, 0.0, 0.0, 1.0, 0.0, 0.0, 1.0, 1.0, 0.0, 1.0, 0.0, 0.0, 0.0, 1.0, 1.0, 1.0, 0.0, 1.0, 0.0, 0.0, 1.0, 0.0, 1.0, 1.0, 0.0, 0.0, 0.0, 1.0, 1.0, 1.0, 1.0, 1.0, 1.0, 0.0, 0.0, 1.0, 0.0, 0.0, 0.0, 0.0, 0.0, 1.0, 1.0]",['lNONMMUG004366'],[1.0],[1.0],[0.9944615307717187]
47,"['lNONMMUG000508', 'lNONMMUG002215', 'lNONMMUG002239', 'lNONMMUG009962', 'lNONMMUG013211', 'lNONMMUG017485', 'lNONMMUG017913', 'lNONMMUG020673', 'lNONMMUG023454', 'lNONMMUG026355', 'lNONMMUG029813', 'lNONMMUG030202', 'lNONMMUG033401', 'lNONMMUG034886', 'lNONMMUG038355', 'lNONMMUG039685', 'lNONMMUG041158', 'lNONMMUG041781', 'lNONMMUG045568', 'lNONMMUG045569', 'lNONMMUG045574', 'lENSMUSG00000044471', 'lENSMUSG00000075277', 'lENSMUSG00000078190', 'lENSMUSG00000078247', 'lENSMUSG00000085354', 'lENSMUSG00000085715', 'lENSMUSG00000085873', 'lENSMUSG00000086035', 'lENSMUSG00000086141', 'lENSMUSG00000090063', 'lENSMUSG00000097336', 'lENSMUSG00000097571', 'lENSMUSG00000097767', 'lENSMUSG00000098439', 'lENSMUSG00000101609', 'lENSMUSG00000106519', 'l9030622O22Rik', 'lDlx6os1', 'lDnm3os', 'lGas5', 'lGm12610', 'lMiat', 'lNeat1', 'lNONMMUG002771', 'lNONMMUG004366', 'lNONMMUG008199', 'lNONMMUG009173', 'lNONMMUG009235', 'lNONMMUG010099', 'lNONMMUG012984', 'lNONMMUG013851', 'lNONMMUG014034', 'lNONMMUG017321', 'lNONMMUG017372', 'lNONMMUG019692', 'lNONMMUG020560', 'lNONMMUG021010', 'lNONMMUG023106', 'lNONMMUG024809', 'lNONMMUG025805', 'lNONMMUG029789', 'lNONMMUG031524', 'lNONMMUG031860', 'lNONMMUG032531', 'lNONMMUG033434', 'lNONMMUG034060', 'lNONMMUG035589', 'lNONMMUG036314', 'lNONMMUG036495', 'lNONMMUG038170', 'lNONMMUG038692', 'lNONMMUG038718', 'lNONMMUG039825', 'lNONMMUG041948', 'lNONMMUG042190', 'lNONMMUG043393', 'lNONMMUG043843', 'lNONMMUG044302', 'lNONMMUG045259', 'lENSMUSG00000085908', 'lENSMUSG00000103692', 'lENSMUSG00000106828', 'lENSMUSG00000107766', 'lGm13291', 'lSnord11', 'lSnord67']","[0.0, 0.0, 1.0, 0.0, 1.0, 0.0, 1.0, 0.0, 0.0, 1.0, 1.0, 0.0, 1.0, 1.0, 1.0, 1.0, 0.0, 0.0, 0.0, 0.0, 1.0, 0.0, 1.0, 1.0, 0.0, 0.0, 0.0, 0.0, 0.0, 1.0, 0.0, 0.0, 1.0, 1.0, 1.0, 0.0, 0.0, 1.0, 1.0, 1.0, 1.0, 1.0, 1.0, 0.0, 1.0, 1.0, 0.0, 1.0, 0.0, 0.0, 1.0, 1.0, 0.0, 1.0, 0.0, 0.0, 0.0, 1.0, 1.0, 1.0, 0.0, 1.0, 0.0, 0.0, 1.0, 0.0, 1.0, 1.0, 0.0, 0.0, 0.0, 1.0, 1.0, 1.0, 1.0, 1.0, 1.0, 0.0, 0.0, 1.0, 0.0, 0.0, 0.0, 0.0, 0.0, 1.0, 1.0]",['lNONMMUG007120'],[0.0],[1.0],[0.9551958982389223]
48,"['lNONMMUG000508', 'lNONMMUG002215', 'lNONMMUG002239', 'lNONMMUG009962', 'lNONMMUG013211', 'lNONMMUG017485', 'lNONMMUG017913', 'lNONMMUG020673', 'lNONMMUG023454', 'lNONMMUG026355', 'lNONMMUG029813', 'lNONMMUG030202', 'lNONMMUG033401', 'lNONMMUG034886', 'lNONMMUG038355', 'lNONMMUG039685', 'lNONMMUG041158', 'lNONMMUG041781', 'lNONMMUG045568', 'lNONMMUG045569', 'lNONMMUG045574', 'lENSMUSG00000044471', 'lENSMUSG00000075277', 'lENSMUSG00000078190', 'lENSMUSG00000078247', 'lENSMUSG00000085354', 'lENSMUSG00000085715', 'lENSMUSG00000085873', 'lENSMUSG00000086035', 'lENSMUSG00000086141', 'lENSMUSG00000090063', 'lENSMUSG00000097336', 'lENSMUSG00000097571', 'lENSMUSG00000097767', 'lENSMUSG00000098439', 'lENSMUSG00000101609', 'lENSMUSG00000106519', 'l9030622O22Rik', 'lDlx6os1', 'lDnm3os', 'lGas5', 'lGm12610', 'lMiat', 'lNeat1', 'lNONMMUG002771', 'lNONMMUG004366', 'lNONMMUG007120', 'lNONMMUG009173', 'lNONMMUG009235', 'lNONMMUG010099', 'lNONMMUG012984', 'lNONMMUG013851', 'lNONMMUG014034', 'lNONMMUG017321', 'lNONMMUG017372', 'lNONMMUG019692', 'lNONMMUG020560', 'lNONMMUG021010', 'lNONMMUG023106', 'lNONMMUG024809', 'lNONMMUG025805', 'lNONMMUG029789', 'lNONMMUG031524', 'lNONMMUG031860', 'lNONMMUG032531', 'lNONMMUG033434', 'lNONMMUG034060', 'lNONMMUG035589', 'lNONMMUG036314', 'lNONMMUG036495', 'lNONMMUG038170', 'lNONMMUG038692', 'lNONMMUG038718', 'lNONMMUG039825', 'lNONMMUG041948', 'lNONMMUG042190', 'lNONMMUG043393', 'lNONMMUG043843', 'lNONMMUG044302', 'lNONMMUG045259', 'lENSMUSG00000085908', 'lENSMUSG00000103692', 'lENSMUSG00000106828', 'lENSMUSG00000107766', 'lGm13291', 'lSnord11', 'lSnord67']","[0.0, 0.0, 1.0, 0.0, 1.0, 0.0, 1.0, 0.0, 0.0, 1.0, 1.0, 0.0, 1.0, 1.0, 1.0, 1.0, 0.0, 0.0, 0.0, 0.0, 1.0, 0.0, 1.0, 1.0, 0.0, 0.0, 0.0, 0.0, 0.0, 1.0, 0.0, 0.0, 1.0, 1.0, 1.0, 0.0, 0.0, 1.0, 1.0, 1.0, 1.0, 1.0, 1.0, 0.0, 1.0, 1.0, 0.0, 1.0, 0.0, 0.0, 1.0, 1.0, 0.0, 1.0, 0.0, 0.0, 0.0, 1.0, 1.0, 1.0, 0.0, 1.0, 0.0, 0.0, 1.0, 0.0, 1.0, 1.0, 0.0, 0.0, 0.0, 1.0, 1.0, 1.0, 1.0, 1.0, 1.0, 0.0, 0.0, 1.0, 0.0, 0.0, 0.0, 0.0, 0.0, 1.0, 1.0]",['lNONMMUG008199'],[0.0],[0.0],[0.16352299456377625]
49,"['lNONMMUG000508', 'lNONMMUG002215', 'lNONMMUG002239', 'lNONMMUG009962', 'lNONMMUG013211', 'lNONMMUG017485', 'lNONMMUG017913', 'lNONMMUG020673', 'lNONMMUG023454', 'lNONMMUG026355', 'lNONMMUG029813', 'lNONMMUG030202', 'lNONMMUG033401', 'lNONMMUG034886', 'lNONMMUG038355', 'lNONMMUG039685', 'lNONMMUG041158', 'lNONMMUG041781', 'lNONMMUG045568', 'lNONMMUG045569', 'lNONMMUG045574', 'lENSMUSG00000044471', 'lENSMUSG00000075277', 'lENSMUSG00000078190', 'lENSMUSG00000078247', 'lENSMUSG00000085354', 'lENSMUSG00000085715', 'lENSMUSG00000085873', 'lENSMUSG00000086035', 'lENSMUSG00000086141', 'lENSMUSG00000090063', 'lENSMUSG00000097336', 'lENSMUSG00000097571', 'lENSMUSG00000097767', 'lENSMUSG00000098439', 'lENSMUSG00000101609', 'lENSMUSG00000106519', 'l9030622O22Rik', 'lDlx6os1', 'lDnm3os', 'lGas5', 'lGm12610', 'lMiat', 'lNeat1', 'lNONMMUG002771', 'lNONMMUG004366', 'lNONMMUG007120', 'lNONMMUG008199', 'lNONMMUG009235', 'lNONMMUG010099', 'lNONMMUG012984', 'lNONMMUG013851', 'lNONMMUG014034', 'lNONMMUG017321', 'lNONMMUG017372', 'lNONMMUG019692', 'lNONMMUG020560', 'lNONMMUG021010', 'lNONMMUG023106', 'lNONMMUG024809', 'lNONMMUG025805', 'lNONMMUG029789', 'lNONMMUG031524', 'lNONMMUG031860', 'lNONMMUG032531', 'lNONMMUG033434', 'lNONMMUG034060', 'lNONMMUG035589', 'lNONMMUG036314', 'lNONMMUG036495', 'lNONMMUG038170', 'lNONMMUG038692', 'lNONMMUG038718', 'lNONMMUG039825', 'lNONMMUG041948', 'lNONMMUG042190', 'lNONMMUG043393', 'lNONMMUG043843', 'lNONMMUG044302', 'lNONMMUG045259', 'lENSMUSG00000085908', 'lENSMUSG00000103692', 'lENSMUSG00000106828', 'lENSMUSG00000107766', 'lGm13291', 'lSnord11', 'lSnord67']","[0.0, 0.0, 1.0, 0.0, 1.0, 0.0, 1.0, 0.0, 0.0, 1.0, 1.0, 0.0, 1.0, 1.0, 1.0, 1.0, 0.0, 0.0, 0.0, 0.0, 1.0, 0.0, 1.0, 1.0, 0.0, 0.0, 0.0, 0.0, 0.0, 1.0, 0.0, 0.0, 1.0, 1.0, 1.0, 0.0, 0.0, 1.0, 1.0, 1.0, 1.0, 1.0, 1.0, 0.0, 1.0, 1.0, 0.0, 0.0, 0.0, 0.0, 1.0, 1.0, 0.0, 1.0, 0.0, 0.0, 0.0, 1.0, 1.0, 1.0, 0.0, 1.0, 0.0, 0.0, 1.0, 0.0, 1.0, 1.0, 0.0, 0.0, 0.0, 1.0, 1.0, 1.0, 1.0, 1.0, 1.0, 0.0, 0.0, 1.0, 0.0, 0.0, 0.0, 0.0, 0.0, 1.0, 1.0]",['lNONMMUG009173'],[1.0],[0.0],[0.19975186010747334]
50,"['lNONMMUG000508', 'lNONMMUG002215', 'lNONMMUG002239', 'lNONMMUG009962', 'lNONMMUG013211', 'lNONMMUG017485', 'lNONMMUG017913', 'lNONMMUG020673', 'lNONMMUG023454', 'lNONMMUG026355', 'lNONMMUG029813', 'lNONMMUG030202', 'lNONMMUG033401', 'lNONMMUG034886', 'lNONMMUG038355', 'lNONMMUG039685', 'lNONMMUG041158', 'lNONMMUG041781', 'lNONMMUG045568', 'lNONMMUG045569', 'lNONMMUG045574', 'lENSMUSG00000044471', 'lENSMUSG00000075277', 'lENSMUSG00000078190', 'lENSMUSG00000078247', 'lENSMUSG00000085354', 'lENSMUSG00000085715', 'lENSMUSG00000085873', 'lENSMUSG00000086035', 'lENSMUSG00000086141', 'lENSMUSG00000090063', 'lENSMUSG00000097336', 'lENSMUSG00000097571', 'lENSMUSG00000097767', 'lENSMUSG00000098439', 'lENSMUSG00000101609', 'lENSMUSG00000106519', 'l9030622O22Rik', 'lDlx6os1', 'lDnm3os', 'lGas5', 'lGm12610', 'lMiat', 'lNeat1', 'lNONMMUG002771', 'lNONMMUG004366', 'lNONMMUG007120', 'lNONMMUG008199', 'lNONMMUG009173', 'lNONMMUG010099', 'lNONMMUG012984', 'lNONMMUG013851', 'lNONMMUG014034', 'lNONMMUG017321', 'lNONMMUG017372', 'lNONMMUG019692', 'lNONMMUG020560', 'lNONMMUG021010', 'lNONMMUG023106', 'lNONMMUG024809', 'lNONMMUG025805', 'lNONMMUG029789', 'lNONMMUG031524', 'lNONMMUG031860', 'lNONMMUG032531', 'lNONMMUG033434', 'lNONMMUG034060', 'lNONMMUG035589', 'lNONMMUG036314', 'lNONMMUG036495', 'lNONMMUG038170', 'lNONMMUG038692', 'lNONMMUG038718', 'lNONMMUG039825', 'lNONMMUG041948', 'lNONMMUG042190', 'lNONMMUG043393', 'lNONMMUG043843', 'lNONMMUG044302', 'lNONMMUG045259', 'lENSMUSG00000085908', 'lENSMUSG00000103692', 'lENSMUSG00000106828', 'lENSMUSG00000107766', 'lGm13291', 'lSnord11', 'lSnord67']","[0.0, 0.0, 1.0, 0.0, 1.0, 0.0, 1.0, 0.0, 0.0, 1.0, 1.0, 0.0, 1.0, 1.0, 1.0, 1.0, 0.0, 0.0, 0.0, 0.0, 1.0, 0.0, 1.0, 1.0, 0.0, 0.0, 0.0, 0.0, 0.0, 1.0, 0.0, 0.0, 1.0, 1.0, 1.0, 0.0, 0.0, 1.0, 1.0, 1.0, 1.0, 1.0, 1.0, 0.0, 1.0, 1.0, 0.0, 0.0, 1.0, 0.0, 1.0, 1.0, 0.0, 1.0, 0.0, 0.0, 0.0, 1.0, 1.0, 1.0, 0.0, 1.0, 0.0, 0.0, 1.0, 0.0, 1.0, 1.0, 0.0, 0.0, 0.0, 1.0, 1.0, 1.0, 1.0, 1.0, 1.0, 0.0, 0.0, 1.0, 0.0, 0.0, 0.0, 0.0, 0.0, 1.0, 1.0]",['lNONMMUG009235'],[0.0],[1.0],[0.9977821830759803]
51,"['lNONMMUG000508', 'lNONMMUG002215', 'lNONMMUG002239', 'lNONMMUG009962', 'lNONMMUG013211', 'lNONMMUG017485', 'lNONMMUG017913', 'lNONMMUG020673', 'lNONMMUG023454', 'lNONMMUG026355', 'lNONMMUG029813', 'lNONMMUG030202', 'lNONMMUG033401', 'lNONMMUG034886', 'lNONMMUG038355', 'lNONMMUG039685', 'lNONMMUG041158', 'lNONMMUG041781', 'lNONMMUG045568', 'lNONMMUG045569', 'lNONMMUG045574', 'lENSMUSG00000044471', 'lENSMUSG00000075277', 'lENSMUSG00000078190', 'lENSMUSG00000078247', 'lENSMUSG00000085354', 'lENSMUSG00000085715', 'lENSMUSG00000085873', 'lENSMUSG00000086035', 'lENSMUSG00000086141', 'lENSMUSG00000090063', 'lENSMUSG00000097336', 'lENSMUSG00000097571', 'lENSMUSG00000097767', 'lENSMUSG00000098439', 'lENSMUSG00000101609', 'lENSMUSG00000106519', 'l9030622O22Rik', 'lDlx6os1', 'lDnm3os', 'lGas5', 'lGm12610', 'lMiat', 'lNeat1', 'lNONMMUG002771', 'lNONMMUG004366', 'lNONMMUG007120', 'lNONMMUG008199', 'lNONMMUG009173', 'lNONMMUG009235', 'lNONMMUG012984', 'lNONMMUG013851', 'lNONMMUG014034', 'lNONMMUG017321', 'lNONMMUG017372', 'lNONMMUG019692', 'lNONMMUG020560', 'lNONMMUG021010', 'lNONMMUG023106', 'lNONMMUG024809', 'lNONMMUG025805', 'lNONMMUG029789', 'lNONMMUG031524', 'lNONMMUG031860', 'lNONMMUG032531', 'lNONMMUG033434', 'lNONMMUG034060', 'lNONMMUG035589', 'lNONMMUG036314', 'lNONMMUG036495', 'lNONMMUG038170', 'lNONMMUG038692', 'lNONMMUG038718', 'lNONMMUG039825', 'lNONMMUG041948', 'lNONMMUG042190', 'lNONMMUG043393', 'lNONMMUG043843', 'lNONMMUG044302', 'lNONMMUG045259', 'lENSMUSG00000085908', 'lENSMUSG00000103692', 'lENSMUSG00000106828', 'lENSMUSG00000107766', 'lGm13291', 'lSnord11', 'lSnord67']","[0.0, 0.0, 1.0, 0.0, 1.0, 0.0, 1.0, 0.0, 0.0, 1.0, 1.0, 0.0, 1.0, 1.0, 1.0, 1.0, 0.0, 0.0, 0.0, 0.0, 1.0, 0.0, 1.0, 1.0, 0.0, 0.0, 0.0, 0.0, 0.0, 1.0, 0.0, 0.0, 1.0, 1.0, 1.0, 0.0, 0.0, 1.0, 1.0, 1.0, 1.0, 1.0, 1.0, 0.0, 1.0, 1.0, 0.0, 0.0, 1.0, 0.0, 1.0, 1.0, 0.0, 1.0, 0.0, 0.0, 0.0, 1.0, 1.0, 1.0, 0.0, 1.0, 0.0, 0.0, 1.0, 0.0, 1.0, 1.0, 0.0, 0.0, 0.0, 1.0, 1.0, 1.0, 1.0, 1.0, 1.0, 0.0, 0.0, 1.0, 0.0, 0.0, 0.0, 0.0, 0.0, 1.0, 1.0]",['lNONMMUG010099'],[0.0],[1.0],[0.8620991775837499]
52,"['lNONMMUG000508', 'lNONMMUG002215', 'lNONMMUG002239', 'lNONMMUG009962', 'lNONMMUG013211', 'lNONMMUG017485', 'lNONMMUG017913', 'lNONMMUG020673', 'lNONMMUG023454', 'lNONMMUG026355', 'lNONMMUG029813', 'lNONMMUG030202', 'lNONMMUG033401', 'lNONMMUG034886', 'lNONMMUG038355', 'lNONMMUG039685', 'lNONMMUG041158', 'lNONMMUG041781', 'lNONMMUG045568', 'lNONMMUG045569', 'lNONMMUG045574', 'lENSMUSG00000044471', 'lENSMUSG00000075277', 'lENSMUSG00000078190', 'lENSMUSG00000078247', 'lENSMUSG00000085354', 'lENSMUSG00000085715', 'lENSMUSG00000085873', 'lENSMUSG00000086035', 'lENSMUSG00000086141', 'lENSMUSG00000090063', 'lENSMUSG00000097336', 'lENSMUSG00000097571', 'lENSMUSG00000097767', 'lENSMUSG00000098439', 'lENSMUSG00000101609', 'lENSMUSG00000106519', 'l9030622O22Rik', 'lDlx6os1', 'lDnm3os', 'lGas5', 'lGm12610', 'lMiat', 'lNeat1', 'lNONMMUG002771', 'lNONMMUG004366', 'lNONMMUG007120', 'lNONMMUG008199', 'lNONMMUG009173', 'lNONMMUG009235', 'lNONMMUG010099', 'lNONMMUG013851', 'lNONMMUG014034', 'lNONMMUG017321', 'lNONMMUG017372', 'lNONMMUG019692', 'lNONMMUG020560', 'lNONMMUG021010', 'lNONMMUG023106', 'lNONMMUG024809', 'lNONMMUG025805', 'lNONMMUG029789', 'lNONMMUG031524', 'lNONMMUG031860', 'lNONMMUG032531', 'lNONMMUG033434', 'lNONMMUG034060', 'lNONMMUG035589', 'lNONMMUG036314', 'lNONMMUG036495', 'lNONMMUG038170', 'lNONMMUG038692', 'lNONMMUG038718', 'lNONMMUG039825', 'lNONMMUG041948', 'lNONMMUG042190', 'lNONMMUG043393', 'lNONMMUG043843', 'lNONMMUG044302', 'lNONMMUG045259', 'lENSMUSG00000085908', 'lENSMUSG00000103692', 'lENSMUSG00000106828', 'lENSMUSG00000107766', 'lGm13291', 'lSnord11', 'lSnord67']","[0.0, 0.0, 1.0, 0.0, 1.0, 0.0, 1.0, 0.0, 0.0, 1.0, 1.0, 0.0, 1.0, 1.0, 1.0, 1.0, 0.0, 0.0, 0.0, 0.0, 1.0, 0.0, 1.0, 1.0, 0.0, 0.0, 0.0, 0.0, 0.0, 1.0, 0.0, 0.0, 1.0, 1.0, 1.0, 0.0, 0.0, 1.0, 1.0, 1.0, 1.0, 1.0, 1.0, 0.0, 1.0, 1.0, 0.0, 0.0, 1.0, 0.0, 0.0, 1.0, 0.0, 1.0, 0.0, 0.0, 0.0, 1.0, 1.0, 1.0, 0.0, 1.0, 0.0, 0.0, 1.0, 0.0, 1.0, 1.0, 0.0, 0.0, 0.0, 1.0, 1.0, 1.0, 1.0, 1.0, 1.0, 0.0, 0.0, 1.0, 0.0, 0.0, 0.0, 0.0, 0.0, 1.0, 1.0]",['lNONMMUG012984'],[1.0],[0.0],[0.006257155864236623]
53,"['lNONMMUG000508', 'lNONMMUG002215', 'lNONMMUG002239', 'lNONMMUG009962', 'lNONMMUG013211', 'lNONMMUG017485', 'lNONMMUG017913', 'lNONMMUG020673', 'lNONMMUG023454', 'lNONMMUG026355', 'lNONMMUG029813', 'lNONMMUG030202', 'lNONMMUG033401', 'lNONMMUG034886', 'lNONMMUG038355', 'lNONMMUG039685', 'lNONMMUG041158', 'lNONMMUG041781', 'lNONMMUG045568', 'lNONMMUG045569', 'lNONMMUG045574', 'lENSMUSG00000044471', 'lENSMUSG00000075277', 'lENSMUSG00000078190', 'lENSMUSG00000078247', 'lENSMUSG00000085354', 'lENSMUSG00000085715', 'lENSMUSG00000085873', 'lENSMUSG00000086035', 'lENSMUSG00000086141', 'lENSMUSG00000090063', 'lENSMUSG00000097336', 'lENSMUSG00000097571', 'lENSMUSG00000097767', 'lENSMUSG00000098439', 'lENSMUSG00000101609', 'lENSMUSG00000106519', 'l9030622O22Rik', 'lDlx6os1', 'lDnm3os', 'lGas5', 'lGm12610', 'lMiat', 'lNeat1', 'lNONMMUG002771', 'lNONMMUG004366', 'lNONMMUG007120', 'lNONMMUG008199', 'lNONMMUG009173', 'lNONMMUG009235', 'lNONMMUG010099', 'lNONMMUG012984', 'lNONMMUG014034', 'lNONMMUG017321', 'lNONMMUG017372', 'lNONMMUG019692', 'lNONMMUG020560', 'lNONMMUG021010', 'lNONMMUG023106', 'lNONMMUG024809', 'lNONMMUG025805', 'lNONMMUG029789', 'lNONMMUG031524', 'lNONMMUG031860', 'lNONMMUG032531', 'lNONMMUG033434', 'lNONMMUG034060', 'lNONMMUG035589', 'lNONMMUG036314', 'lNONMMUG036495', 'lNONMMUG038170', 'lNONMMUG038692', 'lNONMMUG038718', 'lNONMMUG039825', 'lNONMMUG041948', 'lNONMMUG042190', 'lNONMMUG043393', 'lNONMMUG043843', 'lNONMMUG044302', 'lNONMMUG045259', 'lENSMUSG00000085908', 'lENSMUSG00000103692', 'lENSMUSG00000106828', 'lENSMUSG00000107766', 'lGm13291', 'lSnord11', 'lSnord67']","[0.0, 0.0, 1.0, 0.0, 1.0, 0.0, 1.0, 0.0, 0.0, 1.0, 1.0, 0.0, 1.0, 1.0, 1.0, 1.0, 0.0, 0.0, 0.0, 0.0, 1.0, 0.0, 1.0, 1.0, 0.0, 0.0, 0.0, 0.0, 0.0, 1.0, 0.0, 0.0, 1.0, 1.0, 1.0, 0.0, 0.0, 1.0, 1.0, 1.0, 1.0, 1.0, 1.0, 0.0, 1.0, 1.0, 0.0, 0.0, 1.0, 0.0, 0.0, 1.0, 0.0, 1.0, 0.0, 0.0, 0.0, 1.0, 1.0, 1.0, 0.0, 1.0, 0.0, 0.0, 1.0, 0.0, 1.0, 1.0, 0.0, 0.0, 0.0, 1.0, 1.0, 1.0, 1.0, 1.0, 1.0, 0.0, 0.0, 1.0, 0.0, 0.0, 0.0, 0.0, 0.0, 1.0, 1.0]",['lNONMMUG013851'],[1.0],[0.0],[1.6280234853740893e-05]
54,"['lNONMMUG000508', 'lNONMMUG002215', 'lNONMMUG002239', 'lNONMMUG009962', 'lNONMMUG013211', 'lNONMMUG017485', 'lNONMMUG017913', 'lNONMMUG020673', 'lNONMMUG023454', 'lNONMMUG026355', 'lNONMMUG029813', 'lNONMMUG030202', 'lNONMMUG033401', 'lNONMMUG034886', 'lNONMMUG038355', 'lNONMMUG039685', 'lNONMMUG041158', 'lNONMMUG041781', 'lNONMMUG045568', 'lNONMMUG045569', 'lNONMMUG045574', 'lENSMUSG00000044471', 'lENSMUSG00000075277', 'lENSMUSG00000078190', 'lENSMUSG00000078247', 'lENSMUSG00000085354', 'lENSMUSG00000085715', 'lENSMUSG00000085873', 'lENSMUSG00000086035', 'lENSMUSG00000086141', 'lENSMUSG00000090063', 'lENSMUSG00000097336', 'lENSMUSG00000097571', 'lENSMUSG00000097767', 'lENSMUSG00000098439', 'lENSMUSG00000101609', 'lENSMUSG00000106519', 'l9030622O22Rik', 'lDlx6os1', 'lDnm3os', 'lGas5', 'lGm12610', 'lMiat', 'lNeat1', 'lNONMMUG002771', 'lNONMMUG004366', 'lNONMMUG007120', 'lNONMMUG008199', 'lNONMMUG009173', 'lNONMMUG009235', 'lNONMMUG010099', 'lNONMMUG012984', 'lNONMMUG013851', 'lNONMMUG017321', 'lNONMMUG017372', 'lNONMMUG019692', 'lNONMMUG020560', 'lNONMMUG021010', 'lNONMMUG023106', 'lNONMMUG024809', 'lNONMMUG025805', 'lNONMMUG029789', 'lNONMMUG031524', 'lNONMMUG031860', 'lNONMMUG032531', 'lNONMMUG033434', 'lNONMMUG034060', 'lNONMMUG035589', 'lNONMMUG036314', 'lNONMMUG036495', 'lNONMMUG038170', 'lNONMMUG038692', 'lNONMMUG038718', 'lNONMMUG039825', 'lNONMMUG041948', 'lNONMMUG042190', 'lNONMMUG043393', 'lNONMMUG043843', 'lNONMMUG044302', 'lNONMMUG045259', 'lENSMUSG00000085908', 'lENSMUSG00000103692', 'lENSMUSG00000106828', 'lENSMUSG00000107766', 'lGm13291', 'lSnord11', 'lSnord67']","[0.0, 0.0, 1.0, 0.0, 1.0, 0.0, 1.0, 0.0, 0.0, 1.0, 1.0, 0.0, 1.0, 1.0, 1.0, 1.0, 0.0, 0.0, 0.0, 0.0, 1.0, 0.0, 1.0, 1.0, 0.0, 0.0, 0.0, 0.0, 0.0, 1.0, 0.0, 0.0, 1.0, 1.0, 1.0, 0.0, 0.0, 1.0, 1.0, 1.0, 1.0, 1.0, 1.0, 0.0, 1.0, 1.0, 0.0, 0.0, 1.0, 0.0, 0.0, 1.0, 1.0, 1.0, 0.0, 0.0, 0.0, 1.0, 1.0, 1.0, 0.0, 1.0, 0.0, 0.0, 1.0, 0.0, 1.0, 1.0, 0.0, 0.0, 0.0, 1.0, 1.0, 1.0, 1.0, 1.0, 1.0, 0.0, 0.0, 1.0, 0.0, 0.0, 0.0, 0.0, 0.0, 1.0, 1.0]",['lNONMMUG014034'],[0.0],[0.0],[0.0405545171083292]
55,"['lNONMMUG000508', 'lNONMMUG002215', 'lNONMMUG002239', 'lNONMMUG009962', 'lNONMMUG013211', 'lNONMMUG017485', 'lNONMMUG017913', 'lNONMMUG020673', 'lNONMMUG023454', 'lNONMMUG026355', 'lNONMMUG029813', 'lNONMMUG030202', 'lNONMMUG033401', 'lNONMMUG034886', 'lNONMMUG038355', 'lNONMMUG039685', 'lNONMMUG041158', 'lNONMMUG041781', 'lNONMMUG045568', 'lNONMMUG045569', 'lNONMMUG045574', 'lENSMUSG00000044471', 'lENSMUSG00000075277', 'lENSMUSG00000078190', 'lENSMUSG00000078247', 'lENSMUSG00000085354', 'lENSMUSG00000085715', 'lENSMUSG00000085873', 'lENSMUSG00000086035', 'lENSMUSG00000086141', 'lENSMUSG00000090063', 'lENSMUSG00000097336', 'lENSMUSG00000097571', 'lENSMUSG00000097767', 'lENSMUSG00000098439', 'lENSMUSG00000101609', 'lENSMUSG00000106519', 'l9030622O22Rik', 'lDlx6os1', 'lDnm3os', 'lGas5', 'lGm12610', 'lMiat', 'lNeat1', 'lNONMMUG002771', 'lNONMMUG004366', 'lNONMMUG007120', 'lNONMMUG008199', 'lNONMMUG009173', 'lNONMMUG009235', 'lNONMMUG010099', 'lNONMMUG012984', 'lNONMMUG013851', 'lNONMMUG014034', 'lNONMMUG017372', 'lNONMMUG019692', 'lNONMMUG020560', 'lNONMMUG021010', 'lNONMMUG023106', 'lNONMMUG024809', 'lNONMMUG025805', 'lNONMMUG029789', 'lNONMMUG031524', 'lNONMMUG031860', 'lNONMMUG032531', 'lNONMMUG033434', 'lNONMMUG034060', 'lNONMMUG035589', 'lNONMMUG036314', 'lNONMMUG036495', 'lNONMMUG038170', 'lNONMMUG038692', 'lNONMMUG038718', 'lNONMMUG039825', 'lNONMMUG041948', 'lNONMMUG042190', 'lNONMMUG043393', 'lNONMMUG043843', 'lNONMMUG044302', 'lNONMMUG045259', 'lENSMUSG00000085908', 'lENSMUSG00000103692', 'lENSMUSG00000106828', 'lENSMUSG00000107766', 'lGm13291', 'lSnord11', 'lSnord67']","[0.0, 0.0, 1.0, 0.0, 1.0, 0.0, 1.0, 0.0, 0.0, 1.0, 1.0, 0.0, 1.0, 1.0, 1.0, 1.0, 0.0, 0.0, 0.0, 0.0, 1.0, 0.0, 1.0, 1.0, 0.0, 0.0, 0.0, 0.0, 0.0, 1.0, 0.0, 0.0, 1.0, 1.0, 1.0, 0.0, 0.0, 1.0, 1.0, 1.0, 1.0, 1.0, 1.0, 0.0, 1.0, 1.0, 0.0, 0.0, 1.0, 0.0, 0.0, 1.0, 1.0, 0.0, 0.0, 0.0, 0.0, 1.0, 1.0, 1.0, 0.0, 1.0, 0.0, 0.0, 1.0, 0.0, 1.0, 1.0, 0.0, 0.0, 0.0, 1.0, 1.0, 1.0, 1.0, 1.0, 1.0, 0.0, 0.0, 1.0, 0.0, 0.0, 0.0, 0.0, 0.0, 1.0, 1.0]",['lNONMMUG017321'],[1.0],[0.0],[0.3958095839219767]
56,"['lNONMMUG000508', 'lNONMMUG002215', 'lNONMMUG002239', 'lNONMMUG009962', 'lNONMMUG013211', 'lNONMMUG017485', 'lNONMMUG017913', 'lNONMMUG020673', 'lNONMMUG023454', 'lNONMMUG026355', 'lNONMMUG029813', 'lNONMMUG030202', 'lNONMMUG033401', 'lNONMMUG034886', 'lNONMMUG038355', 'lNONMMUG039685', 'lNONMMUG041158', 'lNONMMUG041781', 'lNONMMUG045568', 'lNONMMUG045569', 'lNONMMUG045574', 'lENSMUSG00000044471', 'lENSMUSG00000075277', 'lENSMUSG00000078190', 'lENSMUSG00000078247', 'lENSMUSG00000085354', 'lENSMUSG00000085715', 'lENSMUSG00000085873', 'lENSMUSG00000086035', 'lENSMUSG00000086141', 'lENSMUSG00000090063', 'lENSMUSG00000097336', 'lENSMUSG00000097571', 'lENSMUSG00000097767', 'lENSMUSG00000098439', 'lENSMUSG00000101609', 'lENSMUSG00000106519', 'l9030622O22Rik', 'lDlx6os1', 'lDnm3os', 'lGas5', 'lGm12610', 'lMiat', 'lNeat1', 'lNONMMUG002771', 'lNONMMUG004366', 'lNONMMUG007120', 'lNONMMUG008199', 'lNONMMUG009173', 'lNONMMUG009235', 'lNONMMUG010099', 'lNONMMUG012984', 'lNONMMUG013851', 'lNONMMUG014034', 'lNONMMUG017321', 'lNONMMUG019692', 'lNONMMUG020560', 'lNONMMUG021010', 'lNONMMUG023106', 'lNONMMUG024809', 'lNONMMUG025805', 'lNONMMUG029789', 'lNONMMUG031524', 'lNONMMUG031860', 'lNONMMUG032531', 'lNONMMUG033434', 'lNONMMUG034060', 'lNONMMUG035589', 'lNONMMUG036314', 'lNONMMUG036495', 'lNONMMUG038170', 'lNONMMUG038692', 'lNONMMUG038718', 'lNONMMUG039825', 'lNONMMUG041948', 'lNONMMUG042190', 'lNONMMUG043393', 'lNONMMUG043843', 'lNONMMUG044302', 'lNONMMUG045259', 'lENSMUSG00000085908', 'lENSMUSG00000103692', 'lENSMUSG00000106828', 'lENSMUSG00000107766', 'lGm13291', 'lSnord11', 'lSnord67']","[0.0, 0.0, 1.0, 0.0, 1.0, 0.0, 1.0, 0.0, 0.0, 1.0, 1.0, 0.0, 1.0, 1.0, 1.0, 1.0, 0.0, 0.0, 0.0, 0.0, 1.0, 0.0, 1.0, 1.0, 0.0, 0.0, 0.0, 0.0, 0.0, 1.0, 0.0, 0.0, 1.0, 1.0, 1.0, 0.0, 0.0, 1.0, 1.0, 1.0, 1.0, 1.0, 1.0, 0.0, 1.0, 1.0, 0.0, 0.0, 1.0, 0.0, 0.0, 1.0, 1.0, 0.0, 1.0, 0.0, 0.0, 1.0, 1.0, 1.0, 0.0, 1.0, 0.0, 0.0, 1.0, 0.0, 1.0, 1.0, 0.0, 0.0, 0.0, 1.0, 1.0, 1.0, 1.0, 1.0, 1.0, 0.0, 0.0, 1.0, 0.0, 0.0, 0.0, 0.0, 0.0, 1.0, 1.0]",['lNONMMUG017372'],[0.0],[1.0],[0.9999612022932819]
57,"['lNONMMUG000508', 'lNONMMUG002215', 'lNONMMUG002239', 'lNONMMUG009962', 'lNONMMUG013211', 'lNONMMUG017485', 'lNONMMUG017913', 'lNONMMUG020673', 'lNONMMUG023454', 'lNONMMUG026355', 'lNONMMUG029813', 'lNONMMUG030202', 'lNONMMUG033401', 'lNONMMUG034886', 'lNONMMUG038355', 'lNONMMUG039685', 'lNONMMUG041158', 'lNONMMUG041781', 'lNONMMUG045568', 'lNONMMUG045569', 'lNONMMUG045574', 'lENSMUSG00000044471', 'lENSMUSG00000075277', 'lENSMUSG00000078190', 'lENSMUSG00000078247', 'lENSMUSG00000085354', 'lENSMUSG00000085715', 'lENSMUSG00000085873', 'lENSMUSG00000086035', 'lENSMUSG00000086141', 'lENSMUSG00000090063', 'lENSMUSG00000097336', 'lENSMUSG00000097571', 'lENSMUSG00000097767', 'lENSMUSG00000098439', 'lENSMUSG00000101609', 'lENSMUSG00000106519', 'l9030622O22Rik', 'lDlx6os1', 'lDnm3os', 'lGas5', 'lGm12610', 'lMiat', 'lNeat1', 'lNONMMUG002771', 'lNONMMUG004366', 'lNONMMUG007120', 'lNONMMUG008199', 'lNONMMUG009173', 'lNONMMUG009235', 'lNONMMUG010099', 'lNONMMUG012984', 'lNONMMUG013851', 'lNONMMUG014034', 'lNONMMUG017321', 'lNONMMUG017372', 'lNONMMUG020560', 'lNONMMUG021010', 'lNONMMUG023106', 'lNONMMUG024809', 'lNONMMUG025805', 'lNONMMUG029789', 'lNONMMUG031524', 'lNONMMUG031860', 'lNONMMUG032531', 'lNONMMUG033434', 'lNONMMUG034060', 'lNONMMUG035589', 'lNONMMUG036314', 'lNONMMUG036495', 'lNONMMUG038170', 'lNONMMUG038692', 'lNONMMUG038718', 'lNONMMUG039825', 'lNONMMUG041948', 'lNONMMUG042190', 'lNONMMUG043393', 'lNONMMUG043843', 'lNONMMUG044302', 'lNONMMUG045259', 'lENSMUSG00000085908', 'lENSMUSG00000103692', 'lENSMUSG00000106828', 'lENSMUSG00000107766', 'lGm13291', 'lSnord11', 'lSnord67']","[0.0, 0.0, 1.0, 0.0, 1.0, 0.0, 1.0, 0.0, 0.0, 1.0, 1.0, 0.0, 1.0, 1.0, 1.0, 1.0, 0.0, 0.0, 0.0, 0.0, 1.0, 0.0, 1.0, 1.0, 0.0, 0.0, 0.0, 0.0, 0.0, 1.0, 0.0, 0.0, 1.0, 1.0, 1.0, 0.0, 0.0, 1.0, 1.0, 1.0, 1.0, 1.0, 1.0, 0.0, 1.0, 1.0, 0.0, 0.0, 1.0, 0.0, 0.0, 1.0, 1.0, 0.0, 1.0, 0.0, 0.0, 1.0, 1.0, 1.0, 0.0, 1.0, 0.0, 0.0, 1.0, 0.0, 1.0, 1.0, 0.0, 0.0, 0.0, 1.0, 1.0, 1.0, 1.0, 1.0, 1.0, 0.0, 0.0, 1.0, 0.0, 0.0, 0.0, 0.0, 0.0, 1.0, 1.0]",['lNONMMUG019692'],[0.0],[0.0],[0.45865394651042174]
58,"['lNONMMUG000508', 'lNONMMUG002215', 'lNONMMUG002239', 'lNONMMUG009962', 'lNONMMUG013211', 'lNONMMUG017485', 'lNONMMUG017913', 'lNONMMUG020673', 'lNONMMUG023454', 'lNONMMUG026355', 'lNONMMUG029813', 'lNONMMUG030202', 'lNONMMUG033401', 'lNONMMUG034886', 'lNONMMUG038355', 'lNONMMUG039685', 'lNONMMUG041158', 'lNONMMUG041781', 'lNONMMUG045568', 'lNONMMUG045569', 'lNONMMUG045574', 'lENSMUSG00000044471', 'lENSMUSG00000075277', 'lENSMUSG00000078190', 'lENSMUSG00000078247', 'lENSMUSG00000085354', 'lENSMUSG00000085715', 'lENSMUSG00000085873', 'lENSMUSG00000086035', 'lENSMUSG00000086141', 'lENSMUSG00000090063', 'lENSMUSG00000097336', 'lENSMUSG00000097571', 'lENSMUSG00000097767', 'lENSMUSG00000098439', 'lENSMUSG00000101609', 'lENSMUSG00000106519', 'l9030622O22Rik', 'lDlx6os1', 'lDnm3os', 'lGas5', 'lGm12610', 'lMiat', 'lNeat1', 'lNONMMUG002771', 'lNONMMUG004366', 'lNONMMUG007120', 'lNONMMUG008199', 'lNONMMUG009173', 'lNONMMUG009235', 'lNONMMUG010099', 'lNONMMUG012984', 'lNONMMUG013851', 'lNONMMUG014034', 'lNONMMUG017321', 'lNONMMUG017372', 'lNONMMUG019692', 'lNONMMUG021010', 'lNONMMUG023106', 'lNONMMUG024809', 'lNONMMUG025805', 'lNONMMUG029789', 'lNONMMUG031524', 'lNONMMUG031860', 'lNONMMUG032531', 'lNONMMUG033434', 'lNONMMUG034060', 'lNONMMUG035589', 'lNONMMUG036314', 'lNONMMUG036495', 'lNONMMUG038170', 'lNONMMUG038692', 'lNONMMUG038718', 'lNONMMUG039825', 'lNONMMUG041948', 'lNONMMUG042190', 'lNONMMUG043393', 'lNONMMUG043843', 'lNONMMUG044302', 'lNONMMUG045259', 'lENSMUSG00000085908', 'lENSMUSG00000103692', 'lENSMUSG00000106828', 'lENSMUSG00000107766', 'lGm13291', 'lSnord11', 'lSnord67']","[0.0, 0.0, 1.0, 0.0, 1.0, 0.0, 1.0, 0.0, 0.0, 1.0, 1.0, 0.0, 1.0, 1.0, 1.0, 1.0, 0.0, 0.0, 0.0, 0.0, 1.0, 0.0, 1.0, 1.0, 0.0, 0.0, 0.0, 0.0, 0.0, 1.0, 0.0, 0.0, 1.0, 1.0, 1.0, 0.0, 0.0, 1.0, 1.0, 1.0, 1.0, 1.0, 1.0, 0.0, 1.0, 1.0, 0.0, 0.0, 1.0, 0.0, 0.0, 1.0, 1.0, 0.0, 1.0, 0.0, 0.0, 1.0, 1.0, 1.0, 0.0, 1.0, 0.0, 0.0, 1.0, 0.0, 1.0, 1.0, 0.0, 0.0, 0.0, 1.0, 1.0, 1.0, 1.0, 1.0, 1.0, 0.0, 0.0, 1.0, 0.0, 0.0, 0.0, 0.0, 0.0, 1.0, 1.0]",['lNONMMUG020560'],[0.0],[1.0],[0.8287924205901767]
59,"['lNONMMUG000508', 'lNONMMUG002215', 'lNONMMUG002239', 'lNONMMUG009962', 'lNONMMUG013211', 'lNONMMUG017485', 'lNONMMUG017913', 'lNONMMUG020673', 'lNONMMUG023454', 'lNONMMUG026355', 'lNONMMUG029813', 'lNONMMUG030202', 'lNONMMUG033401', 'lNONMMUG034886', 'lNONMMUG038355', 'lNONMMUG039685', 'lNONMMUG041158', 'lNONMMUG041781', 'lNONMMUG045568', 'lNONMMUG045569', 'lNONMMUG045574', 'lENSMUSG00000044471', 'lENSMUSG00000075277', 'lENSMUSG00000078190', 'lENSMUSG00000078247', 'lENSMUSG00000085354', 'lENSMUSG00000085715', 'lENSMUSG00000085873', 'lENSMUSG00000086035', 'lENSMUSG00000086141', 'lENSMUSG00000090063', 'lENSMUSG00000097336', 'lENSMUSG00000097571', 'lENSMUSG00000097767', 'lENSMUSG00000098439', 'lENSMUSG00000101609', 'lENSMUSG00000106519', 'l9030622O22Rik', 'lDlx6os1', 'lDnm3os', 'lGas5', 'lGm12610', 'lMiat', 'lNeat1', 'lNONMMUG002771', 'lNONMMUG004366', 'lNONMMUG007120', 'lNONMMUG008199', 'lNONMMUG009173', 'lNONMMUG009235', 'lNONMMUG010099', 'lNONMMUG012984', 'lNONMMUG013851', 'lNONMMUG014034', 'lNONMMUG017321', 'lNONMMUG017372', 'lNONMMUG019692', 'lNONMMUG020560', 'lNONMMUG023106', 'lNONMMUG024809', 'lNONMMUG025805', 'lNONMMUG029789', 'lNONMMUG031524', 'lNONMMUG031860', 'lNONMMUG032531', 'lNONMMUG033434', 'lNONMMUG034060', 'lNONMMUG035589', 'lNONMMUG036314', 'lNONMMUG036495', 'lNONMMUG038170', 'lNONMMUG038692', 'lNONMMUG038718', 'lNONMMUG039825', 'lNONMMUG041948', 'lNONMMUG042190', 'lNONMMUG043393', 'lNONMMUG043843', 'lNONMMUG044302', 'lNONMMUG045259', 'lENSMUSG00000085908', 'lENSMUSG00000103692', 'lENSMUSG00000106828', 'lENSMUSG00000107766', 'lGm13291', 'lSnord11', 'lSnord67']","[0.0, 0.0, 1.0, 0.0, 1.0, 0.0, 1.0, 0.0, 0.0, 1.0, 1.0, 0.0, 1.0, 1.0, 1.0, 1.0, 0.0, 0.0, 0.0, 0.0, 1.0, 0.0, 1.0, 1.0, 0.0, 0.0, 0.0, 0.0, 0.0, 1.0, 0.0, 0.0, 1.0, 1.0, 1.0, 0.0, 0.0, 1.0, 1.0, 1.0, 1.0, 1.0, 1.0, 0.0, 1.0, 1.0, 0.0, 0.0, 1.0, 0.0, 0.0, 1.0, 1.0, 0.0, 1.0, 0.0, 0.0, 0.0, 1.0, 1.0, 0.0, 1.0, 0.0, 0.0, 1.0, 0.0, 1.0, 1.0, 0.0, 0.0, 0.0, 1.0, 1.0, 1.0, 1.0, 1.0, 1.0, 0.0, 0.0, 1.0, 0.0, 0.0, 0.0, 0.0, 0.0, 1.0, 1.0]",['lNONMMUG021010'],[1.0],[0.0],[0.042120518769094895]
60,"['lNONMMUG000508', 'lNONMMUG002215', 'lNONMMUG002239', 'lNONMMUG009962', 'lNONMMUG013211', 'lNONMMUG017485', 'lNONMMUG017913', 'lNONMMUG020673', 'lNONMMUG023454', 'lNONMMUG026355', 'lNONMMUG029813', 'lNONMMUG030202', 'lNONMMUG033401', 'lNONMMUG034886', 'lNONMMUG038355', 'lNONMMUG039685', 'lNONMMUG041158', 'lNONMMUG041781', 'lNONMMUG045568', 'lNONMMUG045569', 'lNONMMUG045574', 'lENSMUSG00000044471', 'lENSMUSG00000075277', 'lENSMUSG00000078190', 'lENSMUSG00000078247', 'lENSMUSG00000085354', 'lENSMUSG00000085715', 'lENSMUSG00000085873', 'lENSMUSG00000086035', 'lENSMUSG00000086141', 'lENSMUSG00000090063', 'lENSMUSG00000097336', 'lENSMUSG00000097571', 'lENSMUSG00000097767', 'lENSMUSG00000098439', 'lENSMUSG00000101609', 'lENSMUSG00000106519', 'l9030622O22Rik', 'lDlx6os1', 'lDnm3os', 'lGas5', 'lGm12610', 'lMiat', 'lNeat1', 'lNONMMUG002771', 'lNONMMUG004366', 'lNONMMUG007120', 'lNONMMUG008199', 'lNONMMUG009173', 'lNONMMUG009235', 'lNONMMUG010099', 'lNONMMUG012984', 'lNONMMUG013851', 'lNONMMUG014034', 'lNONMMUG017321', 'lNONMMUG017372', 'lNONMMUG019692', 'lNONMMUG020560', 'lNONMMUG021010', 'lNONMMUG024809', 'lNONMMUG025805', 'lNONMMUG029789', 'lNONMMUG031524', 'lNONMMUG031860', 'lNONMMUG032531', 'lNONMMUG033434', 'lNONMMUG034060', 'lNONMMUG035589', 'lNONMMUG036314', 'lNONMMUG036495', 'lNONMMUG038170', 'lNONMMUG038692', 'lNONMMUG038718', 'lNONMMUG039825', 'lNONMMUG041948', 'lNONMMUG042190', 'lNONMMUG043393', 'lNONMMUG043843', 'lNONMMUG044302', 'lNONMMUG045259', 'lENSMUSG00000085908', 'lENSMUSG00000103692', 'lENSMUSG00000106828', 'lENSMUSG00000107766', 'lGm13291', 'lSnord11', 'lSnord67']","[0.0, 0.0, 1.0, 0.0, 1.0, 0.0, 1.0, 0.0, 0.0, 1.0, 1.0, 0.0, 1.0, 1.0, 1.0, 1.0, 0.0, 0.0, 0.0, 0.0, 1.0, 0.0, 1.0, 1.0, 0.0, 0.0, 0.0, 0.0, 0.0, 1.0, 0.0, 0.0, 1.0, 1.0, 1.0, 0.0, 0.0, 1.0, 1.0, 1.0, 1.0, 1.0, 1.0, 0.0, 1.0, 1.0, 0.0, 0.0, 1.0, 0.0, 0.0, 1.0, 1.0, 0.0, 1.0, 0.0, 0.0, 0.0, 1.0, 1.0, 0.0, 1.0, 0.0, 0.0, 1.0, 0.0, 1.0, 1.0, 0.0, 0.0, 0.0, 1.0, 1.0, 1.0, 1.0, 1.0, 1.0, 0.0, 0.0, 1.0, 0.0, 0.0, 0.0, 0.0, 0.0, 1.0, 1.0]",['lNONMMUG023106'],[1.0],[1.0],[0.9999999999998563]
61,"['lNONMMUG000508', 'lNONMMUG002215', 'lNONMMUG002239', 'lNONMMUG009962', 'lNONMMUG013211', 'lNONMMUG017485', 'lNONMMUG017913', 'lNONMMUG020673', 'lNONMMUG023454', 'lNONMMUG026355', 'lNONMMUG029813', 'lNONMMUG030202', 'lNONMMUG033401', 'lNONMMUG034886', 'lNONMMUG038355', 'lNONMMUG039685', 'lNONMMUG041158', 'lNONMMUG041781', 'lNONMMUG045568', 'lNONMMUG045569', 'lNONMMUG045574', 'lENSMUSG00000044471', 'lENSMUSG00000075277', 'lENSMUSG00000078190', 'lENSMUSG00000078247', 'lENSMUSG00000085354', 'lENSMUSG00000085715', 'lENSMUSG00000085873', 'lENSMUSG00000086035', 'lENSMUSG00000086141', 'lENSMUSG00000090063', 'lENSMUSG00000097336', 'lENSMUSG00000097571', 'lENSMUSG00000097767', 'lENSMUSG00000098439', 'lENSMUSG00000101609', 'lENSMUSG00000106519', 'l9030622O22Rik', 'lDlx6os1', 'lDnm3os', 'lGas5', 'lGm12610', 'lMiat', 'lNeat1', 'lNONMMUG002771', 'lNONMMUG004366', 'lNONMMUG007120', 'lNONMMUG008199', 'lNONMMUG009173', 'lNONMMUG009235', 'lNONMMUG010099', 'lNONMMUG012984', 'lNONMMUG013851', 'lNONMMUG014034', 'lNONMMUG017321', 'lNONMMUG017372', 'lNONMMUG019692', 'lNONMMUG020560', 'lNONMMUG021010', 'lNONMMUG023106', 'lNONMMUG025805', 'lNONMMUG029789', 'lNONMMUG031524', 'lNONMMUG031860', 'lNONMMUG032531', 'lNONMMUG033434', 'lNONMMUG034060', 'lNONMMUG035589', 'lNONMMUG036314', 'lNONMMUG036495', 'lNONMMUG038170', 'lNONMMUG038692', 'lNONMMUG038718', 'lNONMMUG039825', 'lNONMMUG041948', 'lNONMMUG042190', 'lNONMMUG043393', 'lNONMMUG043843', 'lNONMMUG044302', 'lNONMMUG045259', 'lENSMUSG00000085908', 'lENSMUSG00000103692', 'lENSMUSG00000106828', 'lENSMUSG00000107766', 'lGm13291', 'lSnord11', 'lSnord67']","[0.0, 0.0, 1.0, 0.0, 1.0, 0.0, 1.0, 0.0, 0.0, 1.0, 1.0, 0.0, 1.0, 1.0, 1.0, 1.0, 0.0, 0.0, 0.0, 0.0, 1.0, 0.0, 1.0, 1.0, 0.0, 0.0, 0.0, 0.0, 0.0, 1.0, 0.0, 0.0, 1.0, 1.0, 1.0, 0.0, 0.0, 1.0, 1.0, 1.0, 1.0, 1.0, 1.0, 0.0, 1.0, 1.0, 0.0, 0.0, 1.0, 0.0, 0.0, 1.0, 1.0, 0.0, 1.0, 0.0, 0.0, 0.0, 1.0, 1.0, 0.0, 1.0, 0.0, 0.0, 1.0, 0.0, 1.0, 1.0, 0.0, 0.0, 0.0, 1.0, 1.0, 1.0, 1.0, 1.0, 1.0, 0.0, 0.0, 1.0, 0.0, 0.0, 0.0, 0.0, 0.0, 1.0, 1.0]",['lNONMMUG024809'],[1.0],[1.0],[0.7746912370098775]
62,"['lNONMMUG000508', 'lNONMMUG002215', 'lNONMMUG002239', 'lNONMMUG009962', 'lNONMMUG013211', 'lNONMMUG017485', 'lNONMMUG017913', 'lNONMMUG020673', 'lNONMMUG023454', 'lNONMMUG026355', 'lNONMMUG029813', 'lNONMMUG030202', 'lNONMMUG033401', 'lNONMMUG034886', 'lNONMMUG038355', 'lNONMMUG039685', 'lNONMMUG041158', 'lNONMMUG041781', 'lNONMMUG045568', 'lNONMMUG045569', 'lNONMMUG045574', 'lENSMUSG00000044471', 'lENSMUSG00000075277', 'lENSMUSG00000078190', 'lENSMUSG00000078247', 'lENSMUSG00000085354', 'lENSMUSG00000085715', 'lENSMUSG00000085873', 'lENSMUSG00000086035', 'lENSMUSG00000086141', 'lENSMUSG00000090063', 'lENSMUSG00000097336', 'lENSMUSG00000097571', 'lENSMUSG00000097767', 'lENSMUSG00000098439', 'lENSMUSG00000101609', 'lENSMUSG00000106519', 'l9030622O22Rik', 'lDlx6os1', 'lDnm3os', 'lGas5', 'lGm12610', 'lMiat', 'lNeat1', 'lNONMMUG002771', 'lNONMMUG004366', 'lNONMMUG007120', 'lNONMMUG008199', 'lNONMMUG009173', 'lNONMMUG009235', 'lNONMMUG010099', 'lNONMMUG012984', 'lNONMMUG013851', 'lNONMMUG014034', 'lNONMMUG017321', 'lNONMMUG017372', 'lNONMMUG019692', 'lNONMMUG020560', 'lNONMMUG021010', 'lNONMMUG023106', 'lNONMMUG024809', 'lNONMMUG029789', 'lNONMMUG031524', 'lNONMMUG031860', 'lNONMMUG032531', 'lNONMMUG033434', 'lNONMMUG034060', 'lNONMMUG035589', 'lNONMMUG036314', 'lNONMMUG036495', 'lNONMMUG038170', 'lNONMMUG038692', 'lNONMMUG038718', 'lNONMMUG039825', 'lNONMMUG041948', 'lNONMMUG042190', 'lNONMMUG043393', 'lNONMMUG043843', 'lNONMMUG044302', 'lNONMMUG045259', 'lENSMUSG00000085908', 'lENSMUSG00000103692', 'lENSMUSG00000106828', 'lENSMUSG00000107766', 'lGm13291', 'lSnord11', 'lSnord67']","[0.0, 0.0, 1.0, 0.0, 1.0, 0.0, 1.0, 0.0, 0.0, 1.0, 1.0, 0.0, 1.0, 1.0, 1.0, 1.0, 0.0, 0.0, 0.0, 0.0, 1.0, 0.0, 1.0, 1.0, 0.0, 0.0, 0.0, 0.0, 0.0, 1.0, 0.0, 0.0, 1.0, 1.0, 1.0, 0.0, 0.0, 1.0, 1.0, 1.0, 1.0, 1.0, 1.0, 0.0, 1.0, 1.0, 0.0, 0.0, 1.0, 0.0, 0.0, 1.0, 1.0, 0.0, 1.0, 0.0, 0.0, 0.0, 1.0, 1.0, 1.0, 1.0, 0.0, 0.0, 1.0, 0.0, 1.0, 1.0, 0.0, 0.0, 0.0, 1.0, 1.0, 1.0, 1.0, 1.0, 1.0, 0.0, 0.0, 1.0, 0.0, 0.0, 0.0, 0.0, 0.0, 1.0, 1.0]",['lNONMMUG025805'],[0.0],[1.0],[0.5090548478729814]
63,"['lNONMMUG000508', 'lNONMMUG002215', 'lNONMMUG002239', 'lNONMMUG009962', 'lNONMMUG013211', 'lNONMMUG017485', 'lNONMMUG017913', 'lNONMMUG020673', 'lNONMMUG023454', 'lNONMMUG026355', 'lNONMMUG029813', 'lNONMMUG030202', 'lNONMMUG033401', 'lNONMMUG034886', 'lNONMMUG038355', 'lNONMMUG039685', 'lNONMMUG041158', 'lNONMMUG041781', 'lNONMMUG045568', 'lNONMMUG045569', 'lNONMMUG045574', 'lENSMUSG00000044471', 'lENSMUSG00000075277', 'lENSMUSG00000078190', 'lENSMUSG00000078247', 'lENSMUSG00000085354', 'lENSMUSG00000085715', 'lENSMUSG00000085873', 'lENSMUSG00000086035', 'lENSMUSG00000086141', 'lENSMUSG00000090063', 'lENSMUSG00000097336', 'lENSMUSG00000097571', 'lENSMUSG00000097767', 'lENSMUSG00000098439', 'lENSMUSG00000101609', 'lENSMUSG00000106519', 'l9030622O22Rik', 'lDlx6os1', 'lDnm3os', 'lGas5', 'lGm12610', 'lMiat', 'lNeat1', 'lNONMMUG002771', 'lNONMMUG004366', 'lNONMMUG007120', 'lNONMMUG008199', 'lNONMMUG009173', 'lNONMMUG009235', 'lNONMMUG010099', 'lNONMMUG012984', 'lNONMMUG013851', 'lNONMMUG014034', 'lNONMMUG017321', 'lNONMMUG017372', 'lNONMMUG019692', 'lNONMMUG020560', 'lNONMMUG021010', 'lNONMMUG023106', 'lNONMMUG024809', 'lNONMMUG025805', 'lNONMMUG031524', 'lNONMMUG031860', 'lNONMMUG032531', 'lNONMMUG033434', 'lNONMMUG034060', 'lNONMMUG035589', 'lNONMMUG036314', 'lNONMMUG036495', 'lNONMMUG038170', 'lNONMMUG038692', 'lNONMMUG038718', 'lNONMMUG039825', 'lNONMMUG041948', 'lNONMMUG042190', 'lNONMMUG043393', 'lNONMMUG043843', 'lNONMMUG044302', 'lNONMMUG045259', 'lENSMUSG00000085908', 'lENSMUSG00000103692', 'lENSMUSG00000106828', 'lENSMUSG00000107766', 'lGm13291', 'lSnord11', 'lSnord67']","[0.0, 0.0, 1.0, 0.0, 1.0, 0.0, 1.0, 0.0, 0.0, 1.0, 1.0, 0.0, 1.0, 1.0, 1.0, 1.0, 0.0, 0.0, 0.0, 0.0, 1.0, 0.0, 1.0, 1.0, 0.0, 0.0, 0.0, 0.0, 0.0, 1.0, 0.0, 0.0, 1.0, 1.0, 1.0, 0.0, 0.0, 1.0, 1.0, 1.0, 1.0, 1.0, 1.0, 0.0, 1.0, 1.0, 0.0, 0.0, 1.0, 0.0, 0.0, 1.0, 1.0, 0.0, 1.0, 0.0, 0.0, 0.0, 1.0, 1.0, 1.0, 0.0, 0.0, 0.0, 1.0, 0.0, 1.0, 1.0, 0.0, 0.0, 0.0, 1.0, 1.0, 1.0, 1.0, 1.0, 1.0, 0.0, 0.0, 1.0, 0.0, 0.0, 0.0, 0.0, 0.0, 1.0, 1.0]",['lNONMMUG029789'],[1.0],[1.0],[0.999999985344632]
64,"['lNONMMUG000508', 'lNONMMUG002215', 'lNONMMUG002239', 'lNONMMUG009962', 'lNONMMUG013211', 'lNONMMUG017485', 'lNONMMUG017913', 'lNONMMUG020673', 'lNONMMUG023454', 'lNONMMUG026355', 'lNONMMUG029813', 'lNONMMUG030202', 'lNONMMUG033401', 'lNONMMUG034886', 'lNONMMUG038355', 'lNONMMUG039685', 'lNONMMUG041158', 'lNONMMUG041781', 'lNONMMUG045568', 'lNONMMUG045569', 'lNONMMUG045574', 'lENSMUSG00000044471', 'lENSMUSG00000075277', 'lENSMUSG00000078190', 'lENSMUSG00000078247', 'lENSMUSG00000085354', 'lENSMUSG00000085715', 'lENSMUSG00000085873', 'lENSMUSG00000086035', 'lENSMUSG00000086141', 'lENSMUSG00000090063', 'lENSMUSG00000097336', 'lENSMUSG00000097571', 'lENSMUSG00000097767', 'lENSMUSG00000098439', 'lENSMUSG00000101609', 'lENSMUSG00000106519', 'l9030622O22Rik', 'lDlx6os1', 'lDnm3os', 'lGas5', 'lGm12610', 'lMiat', 'lNeat1', 'lNONMMUG002771', 'lNONMMUG004366', 'lNONMMUG007120', 'lNONMMUG008199', 'lNONMMUG009173', 'lNONMMUG009235', 'lNONMMUG010099', 'lNONMMUG012984', 'lNONMMUG013851', 'lNONMMUG014034', 'lNONMMUG017321', 'lNONMMUG017372', 'lNONMMUG019692', 'lNONMMUG020560', 'lNONMMUG021010', 'lNONMMUG023106', 'lNONMMUG024809', 'lNONMMUG025805', 'lNONMMUG029789', 'lNONMMUG031860', 'lNONMMUG032531', 'lNONMMUG033434', 'lNONMMUG034060', 'lNONMMUG035589', 'lNONMMUG036314', 'lNONMMUG036495', 'lNONMMUG038170', 'lNONMMUG038692', 'lNONMMUG038718', 'lNONMMUG039825', 'lNONMMUG041948', 'lNONMMUG042190', 'lNONMMUG043393', 'lNONMMUG043843', 'lNONMMUG044302', 'lNONMMUG045259', 'lENSMUSG00000085908', 'lENSMUSG00000103692', 'lENSMUSG00000106828', 'lENSMUSG00000107766', 'lGm13291', 'lSnord11', 'lSnord67']","[0.0, 0.0, 1.0, 0.0, 1.0, 0.0, 1.0, 0.0, 0.0, 1.0, 1.0, 0.0, 1.0, 1.0, 1.0, 1.0, 0.0, 0.0, 0.0, 0.0, 1.0, 0.0, 1.0, 1.0, 0.0, 0.0, 0.0, 0.0, 0.0, 1.0, 0.0, 0.0, 1.0, 1.0, 1.0, 0.0, 0.0, 1.0, 1.0, 1.0, 1.0, 1.0, 1.0, 0.0, 1.0, 1.0, 0.0, 0.0, 1.0, 0.0, 0.0, 1.0, 1.0, 0.0, 1.0, 0.0, 0.0, 0.0, 1.0, 1.0, 1.0, 0.0, 1.0, 0.0, 1.0, 0.0, 1.0, 1.0, 0.0, 0.0, 0.0, 1.0, 1.0, 1.0, 1.0, 1.0, 1.0, 0.0, 0.0, 1.0, 0.0, 0.0, 0.0, 0.0, 0.0, 1.0, 1.0]",['lNONMMUG031524'],[0.0],[1.0],[0.9471104187658133]
65,"['lNONMMUG000508', 'lNONMMUG002215', 'lNONMMUG002239', 'lNONMMUG009962', 'lNONMMUG013211', 'lNONMMUG017485', 'lNONMMUG017913', 'lNONMMUG020673', 'lNONMMUG023454', 'lNONMMUG026355', 'lNONMMUG029813', 'lNONMMUG030202', 'lNONMMUG033401', 'lNONMMUG034886', 'lNONMMUG038355', 'lNONMMUG039685', 'lNONMMUG041158', 'lNONMMUG041781', 'lNONMMUG045568', 'lNONMMUG045569', 'lNONMMUG045574', 'lENSMUSG00000044471', 'lENSMUSG00000075277', 'lENSMUSG00000078190', 'lENSMUSG00000078247', 'lENSMUSG00000085354', 'lENSMUSG00000085715', 'lENSMUSG00000085873', 'lENSMUSG00000086035', 'lENSMUSG00000086141', 'lENSMUSG00000090063', 'lENSMUSG00000097336', 'lENSMUSG00000097571', 'lENSMUSG00000097767', 'lENSMUSG00000098439', 'lENSMUSG00000101609', 'lENSMUSG00000106519', 'l9030622O22Rik', 'lDlx6os1', 'lDnm3os', 'lGas5', 'lGm12610', 'lMiat', 'lNeat1', 'lNONMMUG002771', 'lNONMMUG004366', 'lNONMMUG007120', 'lNONMMUG008199', 'lNONMMUG009173', 'lNONMMUG009235', 'lNONMMUG010099', 'lNONMMUG012984', 'lNONMMUG013851', 'lNONMMUG014034', 'lNONMMUG017321', 'lNONMMUG017372', 'lNONMMUG019692', 'lNONMMUG020560', 'lNONMMUG021010', 'lNONMMUG023106', 'lNONMMUG024809', 'lNONMMUG025805', 'lNONMMUG029789', 'lNONMMUG031524', 'lNONMMUG032531', 'lNONMMUG033434', 'lNONMMUG034060', 'lNONMMUG035589', 'lNONMMUG036314', 'lNONMMUG036495', 'lNONMMUG038170', 'lNONMMUG038692', 'lNONMMUG038718', 'lNONMMUG039825', 'lNONMMUG041948', 'lNONMMUG042190', 'lNONMMUG043393', 'lNONMMUG043843', 'lNONMMUG044302', 'lNONMMUG045259', 'lENSMUSG00000085908', 'lENSMUSG00000103692', 'lENSMUSG00000106828', 'lENSMUSG00000107766', 'lGm13291', 'lSnord11', 'lSnord67']","[0.0, 0.0, 1.0, 0.0, 1.0, 0.0, 1.0, 0.0, 0.0, 1.0, 1.0, 0.0, 1.0, 1.0, 1.0, 1.0, 0.0, 0.0, 0.0, 0.0, 1.0, 0.0, 1.0, 1.0, 0.0, 0.0, 0.0, 0.0, 0.0, 1.0, 0.0, 0.0, 1.0, 1.0, 1.0, 0.0, 0.0, 1.0, 1.0, 1.0, 1.0, 1.0, 1.0, 0.0, 1.0, 1.0, 0.0, 0.0, 1.0, 0.0, 0.0, 1.0, 1.0, 0.0, 1.0, 0.0, 0.0, 0.0, 1.0, 1.0, 1.0, 0.0, 1.0, 0.0, 1.0, 0.0, 1.0, 1.0, 0.0, 0.0, 0.0, 1.0, 1.0, 1.0, 1.0, 1.0, 1.0, 0.0, 0.0, 1.0, 0.0, 0.0, 0.0, 0.0, 0.0, 1.0, 1.0]",['lNONMMUG031860'],[0.0],[0.0],[0.29034682850358884]
66,"['lNONMMUG000508', 'lNONMMUG002215', 'lNONMMUG002239', 'lNONMMUG009962', 'lNONMMUG013211', 'lNONMMUG017485', 'lNONMMUG017913', 'lNONMMUG020673', 'lNONMMUG023454', 'lNONMMUG026355', 'lNONMMUG029813', 'lNONMMUG030202', 'lNONMMUG033401', 'lNONMMUG034886', 'lNONMMUG038355', 'lNONMMUG039685', 'lNONMMUG041158', 'lNONMMUG041781', 'lNONMMUG045568', 'lNONMMUG045569', 'lNONMMUG045574', 'lENSMUSG00000044471', 'lENSMUSG00000075277', 'lENSMUSG00000078190', 'lENSMUSG00000078247', 'lENSMUSG00000085354', 'lENSMUSG00000085715', 'lENSMUSG00000085873', 'lENSMUSG00000086035', 'lENSMUSG00000086141', 'lENSMUSG00000090063', 'lENSMUSG00000097336', 'lENSMUSG00000097571', 'lENSMUSG00000097767', 'lENSMUSG00000098439', 'lENSMUSG00000101609', 'lENSMUSG00000106519', 'l9030622O22Rik', 'lDlx6os1', 'lDnm3os', 'lGas5', 'lGm12610', 'lMiat', 'lNeat1', 'lNONMMUG002771', 'lNONMMUG004366', 'lNONMMUG007120', 'lNONMMUG008199', 'lNONMMUG009173', 'lNONMMUG009235', 'lNONMMUG010099', 'lNONMMUG012984', 'lNONMMUG013851', 'lNONMMUG014034', 'lNONMMUG017321', 'lNONMMUG017372', 'lNONMMUG019692', 'lNONMMUG020560', 'lNONMMUG021010', 'lNONMMUG023106', 'lNONMMUG024809', 'lNONMMUG025805', 'lNONMMUG029789', 'lNONMMUG031524', 'lNONMMUG031860', 'lNONMMUG033434', 'lNONMMUG034060', 'lNONMMUG035589', 'lNONMMUG036314', 'lNONMMUG036495', 'lNONMMUG038170', 'lNONMMUG038692', 'lNONMMUG038718', 'lNONMMUG039825', 'lNONMMUG041948', 'lNONMMUG042190', 'lNONMMUG043393', 'lNONMMUG043843', 'lNONMMUG044302', 'lNONMMUG045259', 'lENSMUSG00000085908', 'lENSMUSG00000103692', 'lENSMUSG00000106828', 'lENSMUSG00000107766', 'lGm13291', 'lSnord11', 'lSnord67']","[0.0, 0.0, 1.0, 0.0, 1.0, 0.0, 1.0, 0.0, 0.0, 1.0, 1.0, 0.0, 1.0, 1.0, 1.0, 1.0, 0.0, 0.0, 0.0, 0.0, 1.0, 0.0, 1.0, 1.0, 0.0, 0.0, 0.0, 0.0, 0.0, 1.0, 0.0, 0.0, 1.0, 1.0, 1.0, 0.0, 0.0, 1.0, 1.0, 1.0, 1.0, 1.0, 1.0, 0.0, 1.0, 1.0, 0.0, 0.0, 1.0, 0.0, 0.0, 1.0, 1.0, 0.0, 1.0, 0.0, 0.0, 0.0, 1.0, 1.0, 1.0, 0.0, 1.0, 0.0, 0.0, 0.0, 1.0, 1.0, 0.0, 0.0, 0.0, 1.0, 1.0, 1.0, 1.0, 1.0, 1.0, 0.0, 0.0, 1.0, 0.0, 0.0, 0.0, 0.0, 0.0, 1.0, 1.0]",['lNONMMUG032531'],[1.0],[1.0],[0.9997218246566515]
67,"['lNONMMUG000508', 'lNONMMUG002215', 'lNONMMUG002239', 'lNONMMUG009962', 'lNONMMUG013211', 'lNONMMUG017485', 'lNONMMUG017913', 'lNONMMUG020673', 'lNONMMUG023454', 'lNONMMUG026355', 'lNONMMUG029813', 'lNONMMUG030202', 'lNONMMUG033401', 'lNONMMUG034886', 'lNONMMUG038355', 'lNONMMUG039685', 'lNONMMUG041158', 'lNONMMUG041781', 'lNONMMUG045568', 'lNONMMUG045569', 'lNONMMUG045574', 'lENSMUSG00000044471', 'lENSMUSG00000075277', 'lENSMUSG00000078190', 'lENSMUSG00000078247', 'lENSMUSG00000085354', 'lENSMUSG00000085715', 'lENSMUSG00000085873', 'lENSMUSG00000086035', 'lENSMUSG00000086141', 'lENSMUSG00000090063', 'lENSMUSG00000097336', 'lENSMUSG00000097571', 'lENSMUSG00000097767', 'lENSMUSG00000098439', 'lENSMUSG00000101609', 'lENSMUSG00000106519', 'l9030622O22Rik', 'lDlx6os1', 'lDnm3os', 'lGas5', 'lGm12610', 'lMiat', 'lNeat1', 'lNONMMUG002771', 'lNONMMUG004366', 'lNONMMUG007120', 'lNONMMUG008199', 'lNONMMUG009173', 'lNONMMUG009235', 'lNONMMUG010099', 'lNONMMUG012984', 'lNONMMUG013851', 'lNONMMUG014034', 'lNONMMUG017321', 'lNONMMUG017372', 'lNONMMUG019692', 'lNONMMUG020560', 'lNONMMUG021010', 'lNONMMUG023106', 'lNONMMUG024809', 'lNONMMUG025805', 'lNONMMUG029789', 'lNONMMUG031524', 'lNONMMUG031860', 'lNONMMUG032531', 'lNONMMUG034060', 'lNONMMUG035589', 'lNONMMUG036314', 'lNONMMUG036495', 'lNONMMUG038170', 'lNONMMUG038692', 'lNONMMUG038718', 'lNONMMUG039825', 'lNONMMUG041948', 'lNONMMUG042190', 'lNONMMUG043393', 'lNONMMUG043843', 'lNONMMUG044302', 'lNONMMUG045259', 'lENSMUSG00000085908', 'lENSMUSG00000103692', 'lENSMUSG00000106828', 'lENSMUSG00000107766', 'lGm13291', 'lSnord11', 'lSnord67']","[0.0, 0.0, 1.0, 0.0, 1.0, 0.0, 1.0, 0.0, 0.0, 1.0, 1.0, 0.0, 1.0, 1.0, 1.0, 1.0, 0.0, 0.0, 0.0, 0.0, 1.0, 0.0, 1.0, 1.0, 0.0, 0.0, 0.0, 0.0, 0.0, 1.0, 0.0, 0.0, 1.0, 1.0, 1.0, 0.0, 0.0, 1.0, 1.0, 1.0, 1.0, 1.0, 1.0, 0.0, 1.0, 1.0, 0.0, 0.0, 1.0, 0.0, 0.0, 1.0, 1.0, 0.0, 1.0, 0.0, 0.0, 0.0, 1.0, 1.0, 1.0, 0.0, 1.0, 0.0, 0.0, 1.0, 1.0, 1.0, 0.0, 0.0, 0.0, 1.0, 1.0, 1.0, 1.0, 1.0, 1.0, 0.0, 0.0, 1.0, 0.0, 0.0, 0.0, 0.0, 0.0, 1.0, 1.0]",['lNONMMUG033434'],[0.0],[1.0],[0.999999999998956]
68,"['lNONMMUG000508', 'lNONMMUG002215', 'lNONMMUG002239', 'lNONMMUG009962', 'lNONMMUG013211', 'lNONMMUG017485', 'lNONMMUG017913', 'lNONMMUG020673', 'lNONMMUG023454', 'lNONMMUG026355', 'lNONMMUG029813', 'lNONMMUG030202', 'lNONMMUG033401', 'lNONMMUG034886', 'lNONMMUG038355', 'lNONMMUG039685', 'lNONMMUG041158', 'lNONMMUG041781', 'lNONMMUG045568', 'lNONMMUG045569', 'lNONMMUG045574', 'lENSMUSG00000044471', 'lENSMUSG00000075277', 'lENSMUSG00000078190', 'lENSMUSG00000078247', 'lENSMUSG00000085354', 'lENSMUSG00000085715', 'lENSMUSG00000085873', 'lENSMUSG00000086035', 'lENSMUSG00000086141', 'lENSMUSG00000090063', 'lENSMUSG00000097336', 'lENSMUSG00000097571', 'lENSMUSG00000097767', 'lENSMUSG00000098439', 'lENSMUSG00000101609', 'lENSMUSG00000106519', 'l9030622O22Rik', 'lDlx6os1', 'lDnm3os', 'lGas5', 'lGm12610', 'lMiat', 'lNeat1', 'lNONMMUG002771', 'lNONMMUG004366', 'lNONMMUG007120', 'lNONMMUG008199', 'lNONMMUG009173', 'lNONMMUG009235', 'lNONMMUG010099', 'lNONMMUG012984', 'lNONMMUG013851', 'lNONMMUG014034', 'lNONMMUG017321', 'lNONMMUG017372', 'lNONMMUG019692', 'lNONMMUG020560', 'lNONMMUG021010', 'lNONMMUG023106', 'lNONMMUG024809', 'lNONMMUG025805', 'lNONMMUG029789', 'lNONMMUG031524', 'lNONMMUG031860', 'lNONMMUG032531', 'lNONMMUG033434', 'lNONMMUG035589', 'lNONMMUG036314', 'lNONMMUG036495', 'lNONMMUG038170', 'lNONMMUG038692', 'lNONMMUG038718', 'lNONMMUG039825', 'lNONMMUG041948', 'lNONMMUG042190', 'lNONMMUG043393', 'lNONMMUG043843', 'lNONMMUG044302', 'lNONMMUG045259', 'lENSMUSG00000085908', 'lENSMUSG00000103692', 'lENSMUSG00000106828', 'lENSMUSG00000107766', 'lGm13291', 'lSnord11', 'lSnord67']","[0.0, 0.0, 1.0, 0.0, 1.0, 0.0, 1.0, 0.0, 0.0, 1.0, 1.0, 0.0, 1.0, 1.0, 1.0, 1.0, 0.0, 0.0, 0.0, 0.0, 1.0, 0.0, 1.0, 1.0, 0.0, 0.0, 0.0, 0.0, 0.0, 1.0, 0.0, 0.0, 1.0, 1.0, 1.0, 0.0, 0.0, 1.0, 1.0, 1.0, 1.0, 1.0, 1.0, 0.0, 1.0, 1.0, 0.0, 0.0, 1.0, 0.0, 0.0, 1.0, 1.0, 0.0, 1.0, 0.0, 0.0, 0.0, 1.0, 1.0, 1.0, 0.0, 1.0, 0.0, 0.0, 1.0, 0.0, 1.0, 0.0, 0.0, 0.0, 1.0, 1.0, 1.0, 1.0, 1.0, 1.0, 0.0, 0.0, 1.0, 0.0, 0.0, 0.0, 0.0, 0.0, 1.0, 1.0]",['lNONMMUG034060'],[1.0],[0.0],[0.2086815193285727]
69,"['lNONMMUG000508', 'lNONMMUG002215', 'lNONMMUG002239', 'lNONMMUG009962', 'lNONMMUG013211', 'lNONMMUG017485', 'lNONMMUG017913', 'lNONMMUG020673', 'lNONMMUG023454', 'lNONMMUG026355', 'lNONMMUG029813', 'lNONMMUG030202', 'lNONMMUG033401', 'lNONMMUG034886', 'lNONMMUG038355', 'lNONMMUG039685', 'lNONMMUG041158', 'lNONMMUG041781', 'lNONMMUG045568', 'lNONMMUG045569', 'lNONMMUG045574', 'lENSMUSG00000044471', 'lENSMUSG00000075277', 'lENSMUSG00000078190', 'lENSMUSG00000078247', 'lENSMUSG00000085354', 'lENSMUSG00000085715', 'lENSMUSG00000085873', 'lENSMUSG00000086035', 'lENSMUSG00000086141', 'lENSMUSG00000090063', 'lENSMUSG00000097336', 'lENSMUSG00000097571', 'lENSMUSG00000097767', 'lENSMUSG00000098439', 'lENSMUSG00000101609', 'lENSMUSG00000106519', 'l9030622O22Rik', 'lDlx6os1', 'lDnm3os', 'lGas5', 'lGm12610', 'lMiat', 'lNeat1', 'lNONMMUG002771', 'lNONMMUG004366', 'lNONMMUG007120', 'lNONMMUG008199', 'lNONMMUG009173', 'lNONMMUG009235', 'lNONMMUG010099', 'lNONMMUG012984', 'lNONMMUG013851', 'lNONMMUG014034', 'lNONMMUG017321', 'lNONMMUG017372', 'lNONMMUG019692', 'lNONMMUG020560', 'lNONMMUG021010', 'lNONMMUG023106', 'lNONMMUG024809', 'lNONMMUG025805', 'lNONMMUG029789', 'lNONMMUG031524', 'lNONMMUG031860', 'lNONMMUG032531', 'lNONMMUG033434', 'lNONMMUG034060', 'lNONMMUG036314', 'lNONMMUG036495', 'lNONMMUG038170', 'lNONMMUG038692', 'lNONMMUG038718', 'lNONMMUG039825', 'lNONMMUG041948', 'lNONMMUG042190', 'lNONMMUG043393', 'lNONMMUG043843', 'lNONMMUG044302', 'lNONMMUG045259', 'lENSMUSG00000085908', 'lENSMUSG00000103692', 'lENSMUSG00000106828', 'lENSMUSG00000107766', 'lGm13291', 'lSnord11', 'lSnord67']","[0.0, 0.0, 1.0, 0.0, 1.0, 0.0, 1.0, 0.0, 0.0, 1.0, 1.0, 0.0, 1.0, 1.0, 1.0, 1.0, 0.0, 0.0, 0.0, 0.0, 1.0, 0.0, 1.0, 1.0, 0.0, 0.0, 0.0, 0.0, 0.0, 1.0, 0.0, 0.0, 1.0, 1.0, 1.0, 0.0, 0.0, 1.0, 1.0, 1.0, 1.0, 1.0, 1.0, 0.0, 1.0, 1.0, 0.0, 0.0, 1.0, 0.0, 0.0, 1.0, 1.0, 0.0, 1.0, 0.0, 0.0, 0.0, 1.0, 1.0, 1.0, 0.0, 1.0, 0.0, 0.0, 1.0, 0.0, 1.0, 0.0, 0.0, 0.0, 1.0, 1.0, 1.0, 1.0, 1.0, 1.0, 0.0, 0.0, 1.0, 0.0, 0.0, 0.0, 0.0, 0.0, 1.0, 1.0]",['lNONMMUG035589'],[1.0],[1.0],[0.999999956510354]
70,"['lNONMMUG000508', 'lNONMMUG002215', 'lNONMMUG002239', 'lNONMMUG009962', 'lNONMMUG013211', 'lNONMMUG017485', 'lNONMMUG017913', 'lNONMMUG020673', 'lNONMMUG023454', 'lNONMMUG026355', 'lNONMMUG029813', 'lNONMMUG030202', 'lNONMMUG033401', 'lNONMMUG034886', 'lNONMMUG038355', 'lNONMMUG039685', 'lNONMMUG041158', 'lNONMMUG041781', 'lNONMMUG045568', 'lNONMMUG045569', 'lNONMMUG045574', 'lENSMUSG00000044471', 'lENSMUSG00000075277', 'lENSMUSG00000078190', 'lENSMUSG00000078247', 'lENSMUSG00000085354', 'lENSMUSG00000085715', 'lENSMUSG00000085873', 'lENSMUSG00000086035', 'lENSMUSG00000086141', 'lENSMUSG00000090063', 'lENSMUSG00000097336', 'lENSMUSG00000097571', 'lENSMUSG00000097767', 'lENSMUSG00000098439', 'lENSMUSG00000101609', 'lENSMUSG00000106519', 'l9030622O22Rik', 'lDlx6os1', 'lDnm3os', 'lGas5', 'lGm12610', 'lMiat', 'lNeat1', 'lNONMMUG002771', 'lNONMMUG004366', 'lNONMMUG007120', 'lNONMMUG008199', 'lNONMMUG009173', 'lNONMMUG009235', 'lNONMMUG010099', 'lNONMMUG012984', 'lNONMMUG013851', 'lNONMMUG014034', 'lNONMMUG017321', 'lNONMMUG017372', 'lNONMMUG019692', 'lNONMMUG020560', 'lNONMMUG021010', 'lNONMMUG023106', 'lNONMMUG024809', 'lNONMMUG025805', 'lNONMMUG029789', 'lNONMMUG031524', 'lNONMMUG031860', 'lNONMMUG032531', 'lNONMMUG033434', 'lNONMMUG034060', 'lNONMMUG035589', 'lNONMMUG036495', 'lNONMMUG038170', 'lNONMMUG038692', 'lNONMMUG038718', 'lNONMMUG039825', 'lNONMMUG041948', 'lNONMMUG042190', 'lNONMMUG043393', 'lNONMMUG043843', 'lNONMMUG044302', 'lNONMMUG045259', 'lENSMUSG00000085908', 'lENSMUSG00000103692', 'lENSMUSG00000106828', 'lENSMUSG00000107766', 'lGm13291', 'lSnord11', 'lSnord67']","[0.0, 0.0, 1.0, 0.0, 1.0, 0.0, 1.0, 0.0, 0.0, 1.0, 1.0, 0.0, 1.0, 1.0, 1.0, 1.0, 0.0, 0.0, 0.0, 0.0, 1.0, 0.0, 1.0, 1.0, 0.0, 0.0, 0.0, 0.0, 0.0, 1.0, 0.0, 0.0, 1.0, 1.0, 1.0, 0.0, 0.0, 1.0, 1.0, 1.0, 1.0, 1.0, 1.0, 0.0, 1.0, 1.0, 0.0, 0.0, 1.0, 0.0, 0.0, 1.0, 1.0, 0.0, 1.0, 0.0, 0.0, 0.0, 1.0, 1.0, 1.0, 0.0, 1.0, 0.0, 0.0, 1.0, 0.0, 1.0, 1.0, 0.0, 0.0, 1.0, 1.0, 1.0, 1.0, 1.0, 1.0, 0.0, 0.0, 1.0, 0.0, 0.0, 0.0, 0.0, 0.0, 1.0, 1.0]",['lNONMMUG036314'],[0.0],[0.0],[0.0014236359172587372]
71,"['lNONMMUG000508', 'lNONMMUG002215', 'lNONMMUG002239', 'lNONMMUG009962', 'lNONMMUG013211', 'lNONMMUG017485', 'lNONMMUG017913', 'lNONMMUG020673', 'lNONMMUG023454', 'lNONMMUG026355', 'lNONMMUG029813', 'lNONMMUG030202', 'lNONMMUG033401', 'lNONMMUG034886', 'lNONMMUG038355', 'lNONMMUG039685', 'lNONMMUG041158', 'lNONMMUG041781', 'lNONMMUG045568', 'lNONMMUG045569', 'lNONMMUG045574', 'lENSMUSG00000044471', 'lENSMUSG00000075277', 'lENSMUSG00000078190', 'lENSMUSG00000078247', 'lENSMUSG00000085354', 'lENSMUSG00000085715', 'lENSMUSG00000085873', 'lENSMUSG00000086035', 'lENSMUSG00000086141', 'lENSMUSG00000090063', 'lENSMUSG00000097336', 'lENSMUSG00000097571', 'lENSMUSG00000097767', 'lENSMUSG00000098439', 'lENSMUSG00000101609', 'lENSMUSG00000106519', 'l9030622O22Rik', 'lDlx6os1', 'lDnm3os', 'lGas5', 'lGm12610', 'lMiat', 'lNeat1', 'lNONMMUG002771', 'lNONMMUG004366', 'lNONMMUG007120', 'lNONMMUG008199', 'lNONMMUG009173', 'lNONMMUG009235', 'lNONMMUG010099', 'lNONMMUG012984', 'lNONMMUG013851', 'lNONMMUG014034', 'lNONMMUG017321', 'lNONMMUG017372', 'lNONMMUG019692', 'lNONMMUG020560', 'lNONMMUG021010', 'lNONMMUG023106', 'lNONMMUG024809', 'lNONMMUG025805', 'lNONMMUG029789', 'lNONMMUG031524', 'lNONMMUG031860', 'lNONMMUG032531', 'lNONMMUG033434', 'lNONMMUG034060', 'lNONMMUG035589', 'lNONMMUG036314', 'lNONMMUG038170', 'lNONMMUG038692', 'lNONMMUG038718', 'lNONMMUG039825', 'lNONMMUG041948', 'lNONMMUG042190', 'lNONMMUG043393', 'lNONMMUG043843', 'lNONMMUG044302', 'lNONMMUG045259', 'lENSMUSG00000085908', 'lENSMUSG00000103692', 'lENSMUSG00000106828', 'lENSMUSG00000107766', 'lGm13291', 'lSnord11', 'lSnord67']","[0.0, 0.0, 1.0, 0.0, 1.0, 0.0, 1.0, 0.0, 0.0, 1.0, 1.0, 0.0, 1.0, 1.0, 1.0, 1.0, 0.0, 0.0, 0.0, 0.0, 1.0, 0.0, 1.0, 1.0, 0.0, 0.0, 0.0, 0.0, 0.0, 1.0, 0.0, 0.0, 1.0, 1.0, 1.0, 0.0, 0.0, 1.0, 1.0, 1.0, 1.0, 1.0, 1.0, 0.0, 1.0, 1.0, 0.0, 0.0, 1.0, 0.0, 0.0, 1.0, 1.0, 0.0, 1.0, 0.0, 0.0, 0.0, 1.0, 1.0, 1.0, 0.0, 1.0, 0.0, 0.0, 1.0, 0.0, 1.0, 1.0, 0.0, 0.0, 1.0, 1.0, 1.0, 1.0, 1.0, 1.0, 0.0, 0.0, 1.0, 0.0, 0.0, 0.0, 0.0, 0.0, 1.0, 1.0]",['lNONMMUG036495'],[0.0],[1.0],[0.5339888897768661]
72,"['lNONMMUG000508', 'lNONMMUG002215', 'lNONMMUG002239', 'lNONMMUG009962', 'lNONMMUG013211', 'lNONMMUG017485', 'lNONMMUG017913', 'lNONMMUG020673', 'lNONMMUG023454', 'lNONMMUG026355', 'lNONMMUG029813', 'lNONMMUG030202', 'lNONMMUG033401', 'lNONMMUG034886', 'lNONMMUG038355', 'lNONMMUG039685', 'lNONMMUG041158', 'lNONMMUG041781', 'lNONMMUG045568', 'lNONMMUG045569', 'lNONMMUG045574', 'lENSMUSG00000044471', 'lENSMUSG00000075277', 'lENSMUSG00000078190', 'lENSMUSG00000078247', 'lENSMUSG00000085354', 'lENSMUSG00000085715', 'lENSMUSG00000085873', 'lENSMUSG00000086035', 'lENSMUSG00000086141', 'lENSMUSG00000090063', 'lENSMUSG00000097336', 'lENSMUSG00000097571', 'lENSMUSG00000097767', 'lENSMUSG00000098439', 'lENSMUSG00000101609', 'lENSMUSG00000106519', 'l9030622O22Rik', 'lDlx6os1', 'lDnm3os', 'lGas5', 'lGm12610', 'lMiat', 'lNeat1', 'lNONMMUG002771', 'lNONMMUG004366', 'lNONMMUG007120', 'lNONMMUG008199', 'lNONMMUG009173', 'lNONMMUG009235', 'lNONMMUG010099', 'lNONMMUG012984', 'lNONMMUG013851', 'lNONMMUG014034', 'lNONMMUG017321', 'lNONMMUG017372', 'lNONMMUG019692', 'lNONMMUG020560', 'lNONMMUG021010', 'lNONMMUG023106', 'lNONMMUG024809', 'lNONMMUG025805', 'lNONMMUG029789', 'lNONMMUG031524', 'lNONMMUG031860', 'lNONMMUG032531', 'lNONMMUG033434', 'lNONMMUG034060', 'lNONMMUG035589', 'lNONMMUG036314', 'lNONMMUG036495', 'lNONMMUG038692', 'lNONMMUG038718', 'lNONMMUG039825', 'lNONMMUG041948', 'lNONMMUG042190', 'lNONMMUG043393', 'lNONMMUG043843', 'lNONMMUG044302', 'lNONMMUG045259', 'lENSMUSG00000085908', 'lENSMUSG00000103692', 'lENSMUSG00000106828', 'lENSMUSG00000107766', 'lGm13291', 'lSnord11', 'lSnord67']","[0.0, 0.0, 1.0, 0.0, 1.0, 0.0, 1.0, 0.0, 0.0, 1.0, 1.0, 0.0, 1.0, 1.0, 1.0, 1.0, 0.0, 0.0, 0.0, 0.0, 1.0, 0.0, 1.0, 1.0, 0.0, 0.0, 0.0, 0.0, 0.0, 1.0, 0.0, 0.0, 1.0, 1.0, 1.0, 0.0, 0.0, 1.0, 1.0, 1.0, 1.0, 1.0, 1.0, 0.0, 1.0, 1.0, 0.0, 0.0, 1.0, 0.0, 0.0, 1.0, 1.0, 0.0, 1.0, 0.0, 0.0, 0.0, 1.0, 1.0, 1.0, 0.0, 1.0, 0.0, 0.0, 1.0, 0.0, 1.0, 1.0, 0.0, 0.0, 1.0, 1.0, 1.0, 1.0, 1.0, 1.0, 0.0, 0.0, 1.0, 0.0, 0.0, 0.0, 0.0, 0.0, 1.0, 1.0]",['lNONMMUG038170'],[0.0],[0.0],[0.24150531779614395]
73,"['lNONMMUG000508', 'lNONMMUG002215', 'lNONMMUG002239', 'lNONMMUG009962', 'lNONMMUG013211', 'lNONMMUG017485', 'lNONMMUG017913', 'lNONMMUG020673', 'lNONMMUG023454', 'lNONMMUG026355', 'lNONMMUG029813', 'lNONMMUG030202', 'lNONMMUG033401', 'lNONMMUG034886', 'lNONMMUG038355', 'lNONMMUG039685', 'lNONMMUG041158', 'lNONMMUG041781', 'lNONMMUG045568', 'lNONMMUG045569', 'lNONMMUG045574', 'lENSMUSG00000044471', 'lENSMUSG00000075277', 'lENSMUSG00000078190', 'lENSMUSG00000078247', 'lENSMUSG00000085354', 'lENSMUSG00000085715', 'lENSMUSG00000085873', 'lENSMUSG00000086035', 'lENSMUSG00000086141', 'lENSMUSG00000090063', 'lENSMUSG00000097336', 'lENSMUSG00000097571', 'lENSMUSG00000097767', 'lENSMUSG00000098439', 'lENSMUSG00000101609', 'lENSMUSG00000106519', 'l9030622O22Rik', 'lDlx6os1', 'lDnm3os', 'lGas5', 'lGm12610', 'lMiat', 'lNeat1', 'lNONMMUG002771', 'lNONMMUG004366', 'lNONMMUG007120', 'lNONMMUG008199', 'lNONMMUG009173', 'lNONMMUG009235', 'lNONMMUG010099', 'lNONMMUG012984', 'lNONMMUG013851', 'lNONMMUG014034', 'lNONMMUG017321', 'lNONMMUG017372', 'lNONMMUG019692', 'lNONMMUG020560', 'lNONMMUG021010', 'lNONMMUG023106', 'lNONMMUG024809', 'lNONMMUG025805', 'lNONMMUG029789', 'lNONMMUG031524', 'lNONMMUG031860', 'lNONMMUG032531', 'lNONMMUG033434', 'lNONMMUG034060', 'lNONMMUG035589', 'lNONMMUG036314', 'lNONMMUG036495', 'lNONMMUG038170', 'lNONMMUG038718', 'lNONMMUG039825', 'lNONMMUG041948', 'lNONMMUG042190', 'lNONMMUG043393', 'lNONMMUG043843', 'lNONMMUG044302', 'lNONMMUG045259', 'lENSMUSG00000085908', 'lENSMUSG00000103692', 'lENSMUSG00000106828', 'lENSMUSG00000107766', 'lGm13291', 'lSnord11', 'lSnord67']","[0.0, 0.0, 1.0, 0.0, 1.0, 0.0, 1.0, 0.0, 0.0, 1.0, 1.0, 0.0, 1.0, 1.0, 1.0, 1.0, 0.0, 0.0, 0.0, 0.0, 1.0, 0.0, 1.0, 1.0, 0.0, 0.0, 0.0, 0.0, 0.0, 1.0, 0.0, 0.0, 1.0, 1.0, 1.0, 0.0, 0.0, 1.0, 1.0, 1.0, 1.0, 1.0, 1.0, 0.0, 1.0, 1.0, 0.0, 0.0, 1.0, 0.0, 0.0, 1.0, 1.0, 0.0, 1.0, 0.0, 0.0, 0.0, 1.0, 1.0, 1.0, 0.0, 1.0, 0.0, 0.0, 1.0, 0.0, 1.0, 1.0, 0.0, 0.0, 0.0, 1.0, 1.0, 1.0, 1.0, 1.0, 0.0, 0.0, 1.0, 0.0, 0.0, 0.0, 0.0, 0.0, 1.0, 1.0]",['lNONMMUG038692'],[1.0],[0.0],[0.10606309228450472]
74,"['lNONMMUG000508', 'lNONMMUG002215', 'lNONMMUG002239', 'lNONMMUG009962', 'lNONMMUG013211', 'lNONMMUG017485', 'lNONMMUG017913', 'lNONMMUG020673', 'lNONMMUG023454', 'lNONMMUG026355', 'lNONMMUG029813', 'lNONMMUG030202', 'lNONMMUG033401', 'lNONMMUG034886', 'lNONMMUG038355', 'lNONMMUG039685', 'lNONMMUG041158', 'lNONMMUG041781', 'lNONMMUG045568', 'lNONMMUG045569', 'lNONMMUG045574', 'lENSMUSG00000044471', 'lENSMUSG00000075277', 'lENSMUSG00000078190', 'lENSMUSG00000078247', 'lENSMUSG00000085354', 'lENSMUSG00000085715', 'lENSMUSG00000085873', 'lENSMUSG00000086035', 'lENSMUSG00000086141', 'lENSMUSG00000090063', 'lENSMUSG00000097336', 'lENSMUSG00000097571', 'lENSMUSG00000097767', 'lENSMUSG00000098439', 'lENSMUSG00000101609', 'lENSMUSG00000106519', 'l9030622O22Rik', 'lDlx6os1', 'lDnm3os', 'lGas5', 'lGm12610', 'lMiat', 'lNeat1', 'lNONMMUG002771', 'lNONMMUG004366', 'lNONMMUG007120', 'lNONMMUG008199', 'lNONMMUG009173', 'lNONMMUG009235', 'lNONMMUG010099', 'lNONMMUG012984', 'lNONMMUG013851', 'lNONMMUG014034', 'lNONMMUG017321', 'lNONMMUG017372', 'lNONMMUG019692', 'lNONMMUG020560', 'lNONMMUG021010', 'lNONMMUG023106', 'lNONMMUG024809', 'lNONMMUG025805', 'lNONMMUG029789', 'lNONMMUG031524', 'lNONMMUG031860', 'lNONMMUG032531', 'lNONMMUG033434', 'lNONMMUG034060', 'lNONMMUG035589', 'lNONMMUG036314', 'lNONMMUG036495', 'lNONMMUG038170', 'lNONMMUG038692', 'lNONMMUG039825', 'lNONMMUG041948', 'lNONMMUG042190', 'lNONMMUG043393', 'lNONMMUG043843', 'lNONMMUG044302', 'lNONMMUG045259', 'lENSMUSG00000085908', 'lENSMUSG00000103692', 'lENSMUSG00000106828', 'lENSMUSG00000107766', 'lGm13291', 'lSnord11', 'lSnord67']","[0.0, 0.0, 1.0, 0.0, 1.0, 0.0, 1.0, 0.0, 0.0, 1.0, 1.0, 0.0, 1.0, 1.0, 1.0, 1.0, 0.0, 0.0, 0.0, 0.0, 1.0, 0.0, 1.0, 1.0, 0.0, 0.0, 0.0, 0.0, 0.0, 1.0, 0.0, 0.0, 1.0, 1.0, 1.0, 0.0, 0.0, 1.0, 1.0, 1.0, 1.0, 1.0, 1.0, 0.0, 1.0, 1.0, 0.0, 0.0, 1.0, 0.0, 0.0, 1.0, 1.0, 0.0, 1.0, 0.0, 0.0, 0.0, 1.0, 1.0, 1.0, 0.0, 1.0, 0.0, 0.0, 1.0, 0.0, 1.0, 1.0, 0.0, 0.0, 0.0, 1.0, 1.0, 1.0, 1.0, 1.0, 0.0, 0.0, 1.0, 0.0, 0.0, 0.0, 0.0, 0.0, 1.0, 1.0]",['lNONMMUG038718'],[1.0],[1.0],[0.9999999048849991]
75,"['lNONMMUG000508', 'lNONMMUG002215', 'lNONMMUG002239', 'lNONMMUG009962', 'lNONMMUG013211', 'lNONMMUG017485', 'lNONMMUG017913', 'lNONMMUG020673', 'lNONMMUG023454', 'lNONMMUG026355', 'lNONMMUG029813', 'lNONMMUG030202', 'lNONMMUG033401', 'lNONMMUG034886', 'lNONMMUG038355', 'lNONMMUG039685', 'lNONMMUG041158', 'lNONMMUG041781', 'lNONMMUG045568', 'lNONMMUG045569', 'lNONMMUG045574', 'lENSMUSG00000044471', 'lENSMUSG00000075277', 'lENSMUSG00000078190', 'lENSMUSG00000078247', 'lENSMUSG00000085354', 'lENSMUSG00000085715', 'lENSMUSG00000085873', 'lENSMUSG00000086035', 'lENSMUSG00000086141', 'lENSMUSG00000090063', 'lENSMUSG00000097336', 'lENSMUSG00000097571', 'lENSMUSG00000097767', 'lENSMUSG00000098439', 'lENSMUSG00000101609', 'lENSMUSG00000106519', 'l9030622O22Rik', 'lDlx6os1', 'lDnm3os', 'lGas5', 'lGm12610', 'lMiat', 'lNeat1', 'lNONMMUG002771', 'lNONMMUG004366', 'lNONMMUG007120', 'lNONMMUG008199', 'lNONMMUG009173', 'lNONMMUG009235', 'lNONMMUG010099', 'lNONMMUG012984', 'lNONMMUG013851', 'lNONMMUG014034', 'lNONMMUG017321', 'lNONMMUG017372', 'lNONMMUG019692', 'lNONMMUG020560', 'lNONMMUG021010', 'lNONMMUG023106', 'lNONMMUG024809', 'lNONMMUG025805', 'lNONMMUG029789', 'lNONMMUG031524', 'lNONMMUG031860', 'lNONMMUG032531', 'lNONMMUG033434', 'lNONMMUG034060', 'lNONMMUG035589', 'lNONMMUG036314', 'lNONMMUG036495', 'lNONMMUG038170', 'lNONMMUG038692', 'lNONMMUG038718', 'lNONMMUG041948', 'lNONMMUG042190', 'lNONMMUG043393', 'lNONMMUG043843', 'lNONMMUG044302', 'lNONMMUG045259', 'lENSMUSG00000085908', 'lENSMUSG00000103692', 'lENSMUSG00000106828', 'lENSMUSG00000107766', 'lGm13291', 'lSnord11', 'lSnord67']","[0.0, 0.0, 1.0, 0.0, 1.0, 0.0, 1.0, 0.0, 0.0, 1.0, 1.0, 0.0, 1.0, 1.0, 1.0, 1.0, 0.0, 0.0, 0.0, 0.0, 1.0, 0.0, 1.0, 1.0, 0.0, 0.0, 0.0, 0.0, 0.0, 1.0, 0.0, 0.0, 1.0, 1.0, 1.0, 0.0, 0.0, 1.0, 1.0, 1.0, 1.0, 1.0, 1.0, 0.0, 1.0, 1.0, 0.0, 0.0, 1.0, 0.0, 0.0, 1.0, 1.0, 0.0, 1.0, 0.0, 0.0, 0.0, 1.0, 1.0, 1.0, 0.0, 1.0, 0.0, 0.0, 1.0, 0.0, 1.0, 1.0, 0.0, 0.0, 0.0, 1.0, 1.0, 1.0, 1.0, 1.0, 0.0, 0.0, 1.0, 0.0, 0.0, 0.0, 0.0, 0.0, 1.0, 1.0]",['lNONMMUG039825'],[1.0],[0.0],[1.1852072909955003e-06]
76,"['lNONMMUG000508', 'lNONMMUG002215', 'lNONMMUG002239', 'lNONMMUG009962', 'lNONMMUG013211', 'lNONMMUG017485', 'lNONMMUG017913', 'lNONMMUG020673', 'lNONMMUG023454', 'lNONMMUG026355', 'lNONMMUG029813', 'lNONMMUG030202', 'lNONMMUG033401', 'lNONMMUG034886', 'lNONMMUG038355', 'lNONMMUG039685', 'lNONMMUG041158', 'lNONMMUG041781', 'lNONMMUG045568', 'lNONMMUG045569', 'lNONMMUG045574', 'lENSMUSG00000044471', 'lENSMUSG00000075277', 'lENSMUSG00000078190', 'lENSMUSG00000078247', 'lENSMUSG00000085354', 'lENSMUSG00000085715', 'lENSMUSG00000085873', 'lENSMUSG00000086035', 'lENSMUSG00000086141', 'lENSMUSG00000090063', 'lENSMUSG00000097336', 'lENSMUSG00000097571', 'lENSMUSG00000097767', 'lENSMUSG00000098439', 'lENSMUSG00000101609', 'lENSMUSG00000106519', 'l9030622O22Rik', 'lDlx6os1', 'lDnm3os', 'lGas5', 'lGm12610', 'lMiat', 'lNeat1', 'lNONMMUG002771', 'lNONMMUG004366', 'lNONMMUG007120', 'lNONMMUG008199', 'lNONMMUG009173', 'lNONMMUG009235', 'lNONMMUG010099', 'lNONMMUG012984', 'lNONMMUG013851', 'lNONMMUG014034', 'lNONMMUG017321', 'lNONMMUG017372', 'lNONMMUG019692', 'lNONMMUG020560', 'lNONMMUG021010', 'lNONMMUG023106', 'lNONMMUG024809', 'lNONMMUG025805', 'lNONMMUG029789', 'lNONMMUG031524', 'lNONMMUG031860', 'lNONMMUG032531', 'lNONMMUG033434', 'lNONMMUG034060', 'lNONMMUG035589', 'lNONMMUG036314', 'lNONMMUG036495', 'lNONMMUG038170', 'lNONMMUG038692', 'lNONMMUG038718', 'lNONMMUG039825', 'lNONMMUG042190', 'lNONMMUG043393', 'lNONMMUG043843', 'lNONMMUG044302', 'lNONMMUG045259', 'lENSMUSG00000085908', 'lENSMUSG00000103692', 'lENSMUSG00000106828', 'lENSMUSG00000107766', 'lGm13291', 'lSnord11', 'lSnord67']","[0.0, 0.0, 1.0, 0.0, 1.0, 0.0, 1.0, 0.0, 0.0, 1.0, 1.0, 0.0, 1.0, 1.0, 1.0, 1.0, 0.0, 0.0, 0.0, 0.0, 1.0, 0.0, 1.0, 1.0, 0.0, 0.0, 0.0, 0.0, 0.0, 1.0, 0.0, 0.0, 1.0, 1.0, 1.0, 0.0, 0.0, 1.0, 1.0, 1.0, 1.0, 1.0, 1.0, 0.0, 1.0, 1.0, 0.0, 0.0, 1.0, 0.0, 0.0, 1.0, 1.0, 0.0, 1.0, 0.0, 0.0, 0.0, 1.0, 1.0, 1.0, 0.0, 1.0, 0.0, 0.0, 1.0, 0.0, 1.0, 1.0, 0.0, 0.0, 0.0, 1.0, 1.0, 1.0, 1.0, 1.0, 0.0, 0.0, 1.0, 0.0, 0.0, 0.0, 0.0, 0.0, 1.0, 1.0]",['lNONMMUG041948'],[1.0],[0.0],[0.010979196598878506]
77,"['lNONMMUG000508', 'lNONMMUG002215', 'lNONMMUG002239', 'lNONMMUG009962', 'lNONMMUG013211', 'lNONMMUG017485', 'lNONMMUG017913', 'lNONMMUG020673', 'lNONMMUG023454', 'lNONMMUG026355', 'lNONMMUG029813', 'lNONMMUG030202', 'lNONMMUG033401', 'lNONMMUG034886', 'lNONMMUG038355', 'lNONMMUG039685', 'lNONMMUG041158', 'lNONMMUG041781', 'lNONMMUG045568', 'lNONMMUG045569', 'lNONMMUG045574', 'lENSMUSG00000044471', 'lENSMUSG00000075277', 'lENSMUSG00000078190', 'lENSMUSG00000078247', 'lENSMUSG00000085354', 'lENSMUSG00000085715', 'lENSMUSG00000085873', 'lENSMUSG00000086035', 'lENSMUSG00000086141', 'lENSMUSG00000090063', 'lENSMUSG00000097336', 'lENSMUSG00000097571', 'lENSMUSG00000097767', 'lENSMUSG00000098439', 'lENSMUSG00000101609', 'lENSMUSG00000106519', 'l9030622O22Rik', 'lDlx6os1', 'lDnm3os', 'lGas5', 'lGm12610', 'lMiat', 'lNeat1', 'lNONMMUG002771', 'lNONMMUG004366', 'lNONMMUG007120', 'lNONMMUG008199', 'lNONMMUG009173', 'lNONMMUG009235', 'lNONMMUG010099', 'lNONMMUG012984', 'lNONMMUG013851', 'lNONMMUG014034', 'lNONMMUG017321', 'lNONMMUG017372', 'lNONMMUG019692', 'lNONMMUG020560', 'lNONMMUG021010', 'lNONMMUG023106', 'lNONMMUG024809', 'lNONMMUG025805', 'lNONMMUG029789', 'lNONMMUG031524', 'lNONMMUG031860', 'lNONMMUG032531', 'lNONMMUG033434', 'lNONMMUG034060', 'lNONMMUG035589', 'lNONMMUG036314', 'lNONMMUG036495', 'lNONMMUG038170', 'lNONMMUG038692', 'lNONMMUG038718', 'lNONMMUG039825', 'lNONMMUG041948', 'lNONMMUG043393', 'lNONMMUG043843', 'lNONMMUG044302', 'lNONMMUG045259', 'lENSMUSG00000085908', 'lENSMUSG00000103692', 'lENSMUSG00000106828', 'lENSMUSG00000107766', 'lGm13291', 'lSnord11', 'lSnord67']","[0.0, 0.0, 1.0, 0.0, 1.0, 0.0, 1.0, 0.0, 0.0, 1.0, 1.0, 0.0, 1.0, 1.0, 1.0, 1.0, 0.0, 0.0, 0.0, 0.0, 1.0, 0.0, 1.0, 1.0, 0.0, 0.0, 0.0, 0.0, 0.0, 1.0, 0.0, 0.0, 1.0, 1.0, 1.0, 0.0, 0.0, 1.0, 1.0, 1.0, 1.0, 1.0, 1.0, 0.0, 1.0, 1.0, 0.0, 0.0, 1.0, 0.0, 0.0, 1.0, 1.0, 0.0, 1.0, 0.0, 0.0, 0.0, 1.0, 1.0, 1.0, 0.0, 1.0, 0.0, 0.0, 1.0, 0.0, 1.0, 1.0, 0.0, 0.0, 0.0, 1.0, 1.0, 1.0, 1.0, 1.0, 0.0, 0.0, 1.0, 0.0, 0.0, 0.0, 0.0, 0.0, 1.0, 1.0]",['lNONMMUG042190'],[1.0],[1.0],[0.8986979268227574]
78,"['lNONMMUG000508', 'lNONMMUG002215', 'lNONMMUG002239', 'lNONMMUG009962', 'lNONMMUG013211', 'lNONMMUG017485', 'lNONMMUG017913', 'lNONMMUG020673', 'lNONMMUG023454', 'lNONMMUG026355', 'lNONMMUG029813', 'lNONMMUG030202', 'lNONMMUG033401', 'lNONMMUG034886', 'lNONMMUG038355', 'lNONMMUG039685', 'lNONMMUG041158', 'lNONMMUG041781', 'lNONMMUG045568', 'lNONMMUG045569', 'lNONMMUG045574', 'lENSMUSG00000044471', 'lENSMUSG00000075277', 'lENSMUSG00000078190', 'lENSMUSG00000078247', 'lENSMUSG00000085354', 'lENSMUSG00000085715', 'lENSMUSG00000085873', 'lENSMUSG00000086035', 'lENSMUSG00000086141', 'lENSMUSG00000090063', 'lENSMUSG00000097336', 'lENSMUSG00000097571', 'lENSMUSG00000097767', 'lENSMUSG00000098439', 'lENSMUSG00000101609', 'lENSMUSG00000106519', 'l9030622O22Rik', 'lDlx6os1', 'lDnm3os', 'lGas5', 'lGm12610', 'lMiat', 'lNeat1', 'lNONMMUG002771', 'lNONMMUG004366', 'lNONMMUG007120', 'lNONMMUG008199', 'lNONMMUG009173', 'lNONMMUG009235', 'lNONMMUG010099', 'lNONMMUG012984', 'lNONMMUG013851', 'lNONMMUG014034', 'lNONMMUG017321', 'lNONMMUG017372', 'lNONMMUG019692', 'lNONMMUG020560', 'lNONMMUG021010', 'lNONMMUG023106', 'lNONMMUG024809', 'lNONMMUG025805', 'lNONMMUG029789', 'lNONMMUG031524', 'lNONMMUG031860', 'lNONMMUG032531', 'lNONMMUG033434', 'lNONMMUG034060', 'lNONMMUG035589', 'lNONMMUG036314', 'lNONMMUG036495', 'lNONMMUG038170', 'lNONMMUG038692', 'lNONMMUG038718', 'lNONMMUG039825', 'lNONMMUG041948', 'lNONMMUG042190', 'lNONMMUG043843', 'lNONMMUG044302', 'lNONMMUG045259', 'lENSMUSG00000085908', 'lENSMUSG00000103692', 'lENSMUSG00000106828', 'lENSMUSG00000107766', 'lGm13291', 'lSnord11', 'lSnord67']","[0.0, 0.0, 1.0, 0.0, 1.0, 0.0, 1.0, 0.0, 0.0, 1.0, 1.0, 0.0, 1.0, 1.0, 1.0, 1.0, 0.0, 0.0, 0.0, 0.0, 1.0, 0.0, 1.0, 1.0, 0.0, 0.0, 0.0, 0.0, 0.0, 1.0, 0.0, 0.0, 1.0, 1.0, 1.0, 0.0, 0.0, 1.0, 1.0, 1.0, 1.0, 1.0, 1.0, 0.0, 1.0, 1.0, 0.0, 0.0, 1.0, 0.0, 0.0, 1.0, 1.0, 0.0, 1.0, 0.0, 0.0, 0.0, 1.0, 1.0, 1.0, 0.0, 1.0, 0.0, 0.0, 1.0, 0.0, 1.0, 1.0, 0.0, 0.0, 0.0, 1.0, 1.0, 1.0, 1.0, 1.0, 0.0, 0.0, 1.0, 0.0, 0.0, 0.0, 0.0, 0.0, 1.0, 1.0]",['lNONMMUG043393'],[1.0],[0.0],[0.03936115512308972]
79,"['lNONMMUG000508', 'lNONMMUG002215', 'lNONMMUG002239', 'lNONMMUG009962', 'lNONMMUG013211', 'lNONMMUG017485', 'lNONMMUG017913', 'lNONMMUG020673', 'lNONMMUG023454', 'lNONMMUG026355', 'lNONMMUG029813', 'lNONMMUG030202', 'lNONMMUG033401', 'lNONMMUG034886', 'lNONMMUG038355', 'lNONMMUG039685', 'lNONMMUG041158', 'lNONMMUG041781', 'lNONMMUG045568', 'lNONMMUG045569', 'lNONMMUG045574', 'lENSMUSG00000044471', 'lENSMUSG00000075277', 'lENSMUSG00000078190', 'lENSMUSG00000078247', 'lENSMUSG00000085354', 'lENSMUSG00000085715', 'lENSMUSG00000085873', 'lENSMUSG00000086035', 'lENSMUSG00000086141', 'lENSMUSG00000090063', 'lENSMUSG00000097336', 'lENSMUSG00000097571', 'lENSMUSG00000097767', 'lENSMUSG00000098439', 'lENSMUSG00000101609', 'lENSMUSG00000106519', 'l9030622O22Rik', 'lDlx6os1', 'lDnm3os', 'lGas5', 'lGm12610', 'lMiat', 'lNeat1', 'lNONMMUG002771', 'lNONMMUG004366', 'lNONMMUG007120', 'lNONMMUG008199', 'lNONMMUG009173', 'lNONMMUG009235', 'lNONMMUG010099', 'lNONMMUG012984', 'lNONMMUG013851', 'lNONMMUG014034', 'lNONMMUG017321', 'lNONMMUG017372', 'lNONMMUG019692', 'lNONMMUG020560', 'lNONMMUG021010', 'lNONMMUG023106', 'lNONMMUG024809', 'lNONMMUG025805', 'lNONMMUG029789', 'lNONMMUG031524', 'lNONMMUG031860', 'lNONMMUG032531', 'lNONMMUG033434', 'lNONMMUG034060', 'lNONMMUG035589', 'lNONMMUG036314', 'lNONMMUG036495', 'lNONMMUG038170', 'lNONMMUG038692', 'lNONMMUG038718', 'lNONMMUG039825', 'lNONMMUG041948', 'lNONMMUG042190', 'lNONMMUG043393', 'lNONMMUG044302', 'lNONMMUG045259', 'lENSMUSG00000085908', 'lENSMUSG00000103692', 'lENSMUSG00000106828', 'lENSMUSG00000107766', 'lGm13291', 'lSnord11', 'lSnord67']","[0.0, 0.0, 1.0, 0.0, 1.0, 0.0, 1.0, 0.0, 0.0, 1.0, 1.0, 0.0, 1.0, 1.0, 1.0, 1.0, 0.0, 0.0, 0.0, 0.0, 1.0, 0.0, 1.0, 1.0, 0.0, 0.0, 0.0, 0.0, 0.0, 1.0, 0.0, 0.0, 1.0, 1.0, 1.0, 0.0, 0.0, 1.0, 1.0, 1.0, 1.0, 1.0, 1.0, 0.0, 1.0, 1.0, 0.0, 0.0, 1.0, 0.0, 0.0, 1.0, 1.0, 0.0, 1.0, 0.0, 0.0, 0.0, 1.0, 1.0, 1.0, 0.0, 1.0, 0.0, 0.0, 1.0, 0.0, 1.0, 1.0, 0.0, 0.0, 0.0, 1.0, 1.0, 1.0, 1.0, 1.0, 1.0, 0.0, 1.0, 0.0, 0.0, 0.0, 0.0, 0.0, 1.0, 1.0]",['lNONMMUG043843'],[0.0],[0.0],[4.2344630316086747e-07]
80,"['lNONMMUG000508', 'lNONMMUG002215', 'lNONMMUG002239', 'lNONMMUG009962', 'lNONMMUG013211', 'lNONMMUG017485', 'lNONMMUG017913', 'lNONMMUG020673', 'lNONMMUG023454', 'lNONMMUG026355', 'lNONMMUG029813', 'lNONMMUG030202', 'lNONMMUG033401', 'lNONMMUG034886', 'lNONMMUG038355', 'lNONMMUG039685', 'lNONMMUG041158', 'lNONMMUG041781', 'lNONMMUG045568', 'lNONMMUG045569', 'lNONMMUG045574', 'lENSMUSG00000044471', 'lENSMUSG00000075277', 'lENSMUSG00000078190', 'lENSMUSG00000078247', 'lENSMUSG00000085354', 'lENSMUSG00000085715', 'lENSMUSG00000085873', 'lENSMUSG00000086035', 'lENSMUSG00000086141', 'lENSMUSG00000090063', 'lENSMUSG00000097336', 'lENSMUSG00000097571', 'lENSMUSG00000097767', 'lENSMUSG00000098439', 'lENSMUSG00000101609', 'lENSMUSG00000106519', 'l9030622O22Rik', 'lDlx6os1', 'lDnm3os', 'lGas5', 'lGm12610', 'lMiat', 'lNeat1', 'lNONMMUG002771', 'lNONMMUG004366', 'lNONMMUG007120', 'lNONMMUG008199', 'lNONMMUG009173', 'lNONMMUG009235', 'lNONMMUG010099', 'lNONMMUG012984', 'lNONMMUG013851', 'lNONMMUG014034', 'lNONMMUG017321', 'lNONMMUG017372', 'lNONMMUG019692', 'lNONMMUG020560', 'lNONMMUG021010', 'lNONMMUG023106', 'lNONMMUG024809', 'lNONMMUG025805', 'lNONMMUG029789', 'lNONMMUG031524', 'lNONMMUG031860', 'lNONMMUG032531', 'lNONMMUG033434', 'lNONMMUG034060', 'lNONMMUG035589', 'lNONMMUG036314', 'lNONMMUG036495', 'lNONMMUG038170', 'lNONMMUG038692', 'lNONMMUG038718', 'lNONMMUG039825', 'lNONMMUG041948', 'lNONMMUG042190', 'lNONMMUG043393', 'lNONMMUG043843', 'lNONMMUG045259', 'lENSMUSG00000085908', 'lENSMUSG00000103692', 'lENSMUSG00000106828', 'lENSMUSG00000107766', 'lGm13291', 'lSnord11', 'lSnord67']","[0.0, 0.0, 1.0, 0.0, 1.0, 0.0, 1.0, 0.0, 0.0, 1.0, 1.0, 0.0, 1.0, 1.0, 1.0, 1.0, 0.0, 0.0, 0.0, 0.0, 1.0, 0.0, 1.0, 1.0, 0.0, 0.0, 0.0, 0.0, 0.0, 1.0, 0.0, 0.0, 1.0, 1.0, 1.0, 0.0, 0.0, 1.0, 1.0, 1.0, 1.0, 1.0, 1.0, 0.0, 1.0, 1.0, 0.0, 0.0, 1.0, 0.0, 0.0, 1.0, 1.0, 0.0, 1.0, 0.0, 0.0, 0.0, 1.0, 1.0, 1.0, 0.0, 1.0, 0.0, 0.0, 1.0, 0.0, 1.0, 1.0, 0.0, 0.0, 0.0, 1.0, 1.0, 1.0, 1.0, 1.0, 1.0, 0.0, 1.0, 0.0, 0.0, 0.0, 0.0, 0.0, 1.0, 1.0]",['lNONMMUG044302'],[0.0],[1.0],[0.8480565804314139]
81,"['lNONMMUG000508', 'lNONMMUG002215', 'lNONMMUG002239', 'lNONMMUG009962', 'lNONMMUG013211', 'lNONMMUG017485', 'lNONMMUG017913', 'lNONMMUG020673', 'lNONMMUG023454', 'lNONMMUG026355', 'lNONMMUG029813', 'lNONMMUG030202', 'lNONMMUG033401', 'lNONMMUG034886', 'lNONMMUG038355', 'lNONMMUG039685', 'lNONMMUG041158', 'lNONMMUG041781', 'lNONMMUG045568', 'lNONMMUG045569', 'lNONMMUG045574', 'lENSMUSG00000044471', 'lENSMUSG00000075277', 'lENSMUSG00000078190', 'lENSMUSG00000078247', 'lENSMUSG00000085354', 'lENSMUSG00000085715', 'lENSMUSG00000085873', 'lENSMUSG00000086035', 'lENSMUSG00000086141', 'lENSMUSG00000090063', 'lENSMUSG00000097336', 'lENSMUSG00000097571', 'lENSMUSG00000097767', 'lENSMUSG00000098439', 'lENSMUSG00000101609', 'lENSMUSG00000106519', 'l9030622O22Rik', 'lDlx6os1', 'lDnm3os', 'lGas5', 'lGm12610', 'lMiat', 'lNeat1', 'lNONMMUG002771', 'lNONMMUG004366', 'lNONMMUG007120', 'lNONMMUG008199', 'lNONMMUG009173', 'lNONMMUG009235', 'lNONMMUG010099', 'lNONMMUG012984', 'lNONMMUG013851', 'lNONMMUG014034', 'lNONMMUG017321', 'lNONMMUG017372', 'lNONMMUG019692', 'lNONMMUG020560', 'lNONMMUG021010', 'lNONMMUG023106', 'lNONMMUG024809', 'lNONMMUG025805', 'lNONMMUG029789', 'lNONMMUG031524', 'lNONMMUG031860', 'lNONMMUG032531', 'lNONMMUG033434', 'lNONMMUG034060', 'lNONMMUG035589', 'lNONMMUG036314', 'lNONMMUG036495', 'lNONMMUG038170', 'lNONMMUG038692', 'lNONMMUG038718', 'lNONMMUG039825', 'lNONMMUG041948', 'lNONMMUG042190', 'lNONMMUG043393', 'lNONMMUG043843', 'lNONMMUG044302', 'lENSMUSG00000085908', 'lENSMUSG00000103692', 'lENSMUSG00000106828', 'lENSMUSG00000107766', 'lGm13291', 'lSnord11', 'lSnord67']","[0.0, 0.0, 1.0, 0.0, 1.0, 0.0, 1.0, 0.0, 0.0, 1.0, 1.0, 0.0, 1.0, 1.0, 1.0, 1.0, 0.0, 0.0, 0.0, 0.0, 1.0, 0.0, 1.0, 1.0, 0.0, 0.0, 0.0, 0.0, 0.0, 1.0, 0.0, 0.0, 1.0, 1.0, 1.0, 0.0, 0.0, 1.0, 1.0, 1.0, 1.0, 1.0, 1.0, 0.0, 1.0, 1.0, 0.0, 0.0, 1.0, 0.0, 0.0, 1.0, 1.0, 0.0, 1.0, 0.0, 0.0, 0.0, 1.0, 1.0, 1.0, 0.0, 1.0, 0.0, 0.0, 1.0, 0.0, 1.0, 1.0, 0.0, 0.0, 0.0, 1.0, 1.0, 1.0, 1.0, 1.0, 1.0, 0.0, 0.0, 0.0, 0.0, 0.0, 0.0, 0.0, 1.0, 1.0]",['lNONMMUG045259'],[1.0],[1.0],[0.9999999999999702]
82,"['lNONMMUG000508', 'lNONMMUG002215', 'lNONMMUG002239', 'lNONMMUG009962', 'lNONMMUG013211', 'lNONMMUG017485', 'lNONMMUG017913', 'lNONMMUG020673', 'lNONMMUG023454', 'lNONMMUG026355', 'lNONMMUG029813', 'lNONMMUG030202', 'lNONMMUG033401', 'lNONMMUG034886', 'lNONMMUG038355', 'lNONMMUG039685', 'lNONMMUG041158', 'lNONMMUG041781', 'lNONMMUG045568', 'lNONMMUG045569', 'lNONMMUG045574', 'lENSMUSG00000044471', 'lENSMUSG00000075277', 'lENSMUSG00000078190', 'lENSMUSG00000078247', 'lENSMUSG00000085354', 'lENSMUSG00000085715', 'lENSMUSG00000085873', 'lENSMUSG00000086035', 'lENSMUSG00000086141', 'lENSMUSG00000090063', 'lENSMUSG00000097336', 'lENSMUSG00000097571', 'lENSMUSG00000097767', 'lENSMUSG00000098439', 'lENSMUSG00000101609', 'lENSMUSG00000106519', 'l9030622O22Rik', 'lDlx6os1', 'lDnm3os', 'lGas5', 'lGm12610', 'lMiat', 'lNeat1', 'lNONMMUG002771', 'lNONMMUG004366', 'lNONMMUG007120', 'lNONMMUG008199', 'lNONMMUG009173', 'lNONMMUG009235', 'lNONMMUG010099', 'lNONMMUG012984', 'lNONMMUG013851', 'lNONMMUG014034', 'lNONMMUG017321', 'lNONMMUG017372', 'lNONMMUG019692', 'lNONMMUG020560', 'lNONMMUG021010', 'lNONMMUG023106', 'lNONMMUG024809', 'lNONMMUG025805', 'lNONMMUG029789', 'lNONMMUG031524', 'lNONMMUG031860', 'lNONMMUG032531', 'lNONMMUG033434', 'lNONMMUG034060', 'lNONMMUG035589', 'lNONMMUG036314', 'lNONMMUG036495', 'lNONMMUG038170', 'lNONMMUG038692', 'lNONMMUG038718', 'lNONMMUG039825', 'lNONMMUG041948', 'lNONMMUG042190', 'lNONMMUG043393', 'lNONMMUG043843', 'lNONMMUG044302', 'lNONMMUG045259', 'lENSMUSG00000103692', 'lENSMUSG00000106828', 'lENSMUSG00000107766', 'lGm13291', 'lSnord11', 'lSnord67']","[0.0, 0.0, 1.0, 0.0, 1.0, 0.0, 1.0, 0.0, 0.0, 1.0, 1.0, 0.0, 1.0, 1.0, 1.0, 1.0, 0.0, 0.0, 0.0, 0.0, 1.0, 0.0, 1.0, 1.0, 0.0, 0.0, 0.0, 0.0, 0.0, 1.0, 0.0, 0.0, 1.0, 1.0, 1.0, 0.0, 0.0, 1.0, 1.0, 1.0, 1.0, 1.0, 1.0, 0.0, 1.0, 1.0, 0.0, 0.0, 1.0, 0.0, 0.0, 1.0, 1.0, 0.0, 1.0, 0.0, 0.0, 0.0, 1.0, 1.0, 1.0, 0.0, 1.0, 0.0, 0.0, 1.0, 0.0, 1.0, 1.0, 0.0, 0.0, 0.0, 1.0, 1.0, 1.0, 1.0, 1.0, 1.0, 0.0, 0.0, 1.0, 0.0, 0.0, 0.0, 0.0, 1.0, 1.0]",['lENSMUSG00000085908'],[0.0],[1.0],[0.8027513840928779]
83,"['lNONMMUG000508', 'lNONMMUG002215', 'lNONMMUG002239', 'lNONMMUG009962', 'lNONMMUG013211', 'lNONMMUG017485', 'lNONMMUG017913', 'lNONMMUG020673', 'lNONMMUG023454', 'lNONMMUG026355', 'lNONMMUG029813', 'lNONMMUG030202', 'lNONMMUG033401', 'lNONMMUG034886', 'lNONMMUG038355', 'lNONMMUG039685', 'lNONMMUG041158', 'lNONMMUG041781', 'lNONMMUG045568', 'lNONMMUG045569', 'lNONMMUG045574', 'lENSMUSG00000044471', 'lENSMUSG00000075277', 'lENSMUSG00000078190', 'lENSMUSG00000078247', 'lENSMUSG00000085354', 'lENSMUSG00000085715', 'lENSMUSG00000085873', 'lENSMUSG00000086035', 'lENSMUSG00000086141', 'lENSMUSG00000090063', 'lENSMUSG00000097336', 'lENSMUSG00000097571', 'lENSMUSG00000097767', 'lENSMUSG00000098439', 'lENSMUSG00000101609', 'lENSMUSG00000106519', 'l9030622O22Rik', 'lDlx6os1', 'lDnm3os', 'lGas5', 'lGm12610', 'lMiat', 'lNeat1', 'lNONMMUG002771', 'lNONMMUG004366', 'lNONMMUG007120', 'lNONMMUG008199', 'lNONMMUG009173', 'lNONMMUG009235', 'lNONMMUG010099', 'lNONMMUG012984', 'lNONMMUG013851', 'lNONMMUG014034', 'lNONMMUG017321', 'lNONMMUG017372', 'lNONMMUG019692', 'lNONMMUG020560', 'lNONMMUG021010', 'lNONMMUG023106', 'lNONMMUG024809', 'lNONMMUG025805', 'lNONMMUG029789', 'lNONMMUG031524', 'lNONMMUG031860', 'lNONMMUG032531', 'lNONMMUG033434', 'lNONMMUG034060', 'lNONMMUG035589', 'lNONMMUG036314', 'lNONMMUG036495', 'lNONMMUG038170', 'lNONMMUG038692', 'lNONMMUG038718', 'lNONMMUG039825', 'lNONMMUG041948', 'lNONMMUG042190', 'lNONMMUG043393', 'lNONMMUG043843', 'lNONMMUG044302', 'lNONMMUG045259', 'lENSMUSG00000085908', 'lENSMUSG00000106828', 'lENSMUSG00000107766', 'lGm13291', 'lSnord11', 'lSnord67']","[0.0, 0.0, 1.0, 0.0, 1.0, 0.0, 1.0, 0.0, 0.0, 1.0, 1.0, 0.0, 1.0, 1.0, 1.0, 1.0, 0.0, 0.0, 0.0, 0.0, 1.0, 0.0, 1.0, 1.0, 0.0, 0.0, 0.0, 0.0, 0.0, 1.0, 0.0, 0.0, 1.0, 1.0, 1.0, 0.0, 0.0, 1.0, 1.0, 1.0, 1.0, 1.0, 1.0, 0.0, 1.0, 1.0, 0.0, 0.0, 1.0, 0.0, 0.0, 1.0, 1.0, 0.0, 1.0, 0.0, 0.0, 0.0, 1.0, 1.0, 1.0, 0.0, 1.0, 0.0, 0.0, 1.0, 0.0, 1.0, 1.0, 0.0, 0.0, 0.0, 1.0, 1.0, 1.0, 1.0, 1.0, 1.0, 0.0, 0.0, 1.0, 0.0, 0.0, 0.0, 0.0, 1.0, 1.0]",['lENSMUSG00000103692'],[0.0],[1.0],[0.5264191787996344]
84,"['lNONMMUG000508', 'lNONMMUG002215', 'lNONMMUG002239', 'lNONMMUG009962', 'lNONMMUG013211', 'lNONMMUG017485', 'lNONMMUG017913', 'lNONMMUG020673', 'lNONMMUG023454', 'lNONMMUG026355', 'lNONMMUG029813', 'lNONMMUG030202', 'lNONMMUG033401', 'lNONMMUG034886', 'lNONMMUG038355', 'lNONMMUG039685', 'lNONMMUG041158', 'lNONMMUG041781', 'lNONMMUG045568', 'lNONMMUG045569', 'lNONMMUG045574', 'lENSMUSG00000044471', 'lENSMUSG00000075277', 'lENSMUSG00000078190', 'lENSMUSG00000078247', 'lENSMUSG00000085354', 'lENSMUSG00000085715', 'lENSMUSG00000085873', 'lENSMUSG00000086035', 'lENSMUSG00000086141', 'lENSMUSG00000090063', 'lENSMUSG00000097336', 'lENSMUSG00000097571', 'lENSMUSG00000097767', 'lENSMUSG00000098439', 'lENSMUSG00000101609', 'lENSMUSG00000106519', 'l9030622O22Rik', 'lDlx6os1', 'lDnm3os', 'lGas5', 'lGm12610', 'lMiat', 'lNeat1', 'lNONMMUG002771', 'lNONMMUG004366', 'lNONMMUG007120', 'lNONMMUG008199', 'lNONMMUG009173', 'lNONMMUG009235', 'lNONMMUG010099', 'lNONMMUG012984', 'lNONMMUG013851', 'lNONMMUG014034', 'lNONMMUG017321', 'lNONMMUG017372', 'lNONMMUG019692', 'lNONMMUG020560', 'lNONMMUG021010', 'lNONMMUG023106', 'lNONMMUG024809', 'lNONMMUG025805', 'lNONMMUG029789', 'lNONMMUG031524', 'lNONMMUG031860', 'lNONMMUG032531', 'lNONMMUG033434', 'lNONMMUG034060', 'lNONMMUG035589', 'lNONMMUG036314', 'lNONMMUG036495', 'lNONMMUG038170', 'lNONMMUG038692', 'lNONMMUG038718', 'lNONMMUG039825', 'lNONMMUG041948', 'lNONMMUG042190', 'lNONMMUG043393', 'lNONMMUG043843', 'lNONMMUG044302', 'lNONMMUG045259', 'lENSMUSG00000085908', 'lENSMUSG00000103692', 'lENSMUSG00000107766', 'lGm13291', 'lSnord11', 'lSnord67']","[0.0, 0.0, 1.0, 0.0, 1.0, 0.0, 1.0, 0.0, 0.0, 1.0, 1.0, 0.0, 1.0, 1.0, 1.0, 1.0, 0.0, 0.0, 0.0, 0.0, 1.0, 0.0, 1.0, 1.0, 0.0, 0.0, 0.0, 0.0, 0.0, 1.0, 0.0, 0.0, 1.0, 1.0, 1.0, 0.0, 0.0, 1.0, 1.0, 1.0, 1.0, 1.0, 1.0, 0.0, 1.0, 1.0, 0.0, 0.0, 1.0, 0.0, 0.0, 1.0, 1.0, 0.0, 1.0, 0.0, 0.0, 0.0, 1.0, 1.0, 1.0, 0.0, 1.0, 0.0, 0.0, 1.0, 0.0, 1.0, 1.0, 0.0, 0.0, 0.0, 1.0, 1.0, 1.0, 1.0, 1.0, 1.0, 0.0, 0.0, 1.0, 0.0, 0.0, 0.0, 0.0, 1.0, 1.0]",['lENSMUSG00000106828'],[0.0],[0.0],[0.24661012155236292]
85,"['lNONMMUG000508', 'lNONMMUG002215', 'lNONMMUG002239', 'lNONMMUG009962', 'lNONMMUG013211', 'lNONMMUG017485', 'lNONMMUG017913', 'lNONMMUG020673', 'lNONMMUG023454', 'lNONMMUG026355', 'lNONMMUG029813', 'lNONMMUG030202', 'lNONMMUG033401', 'lNONMMUG034886', 'lNONMMUG038355', 'lNONMMUG039685', 'lNONMMUG041158', 'lNONMMUG041781', 'lNONMMUG045568', 'lNONMMUG045569', 'lNONMMUG045574', 'lENSMUSG00000044471', 'lENSMUSG00000075277', 'lENSMUSG00000078190', 'lENSMUSG00000078247', 'lENSMUSG00000085354', 'lENSMUSG00000085715', 'lENSMUSG00000085873', 'lENSMUSG00000086035', 'lENSMUSG00000086141', 'lENSMUSG00000090063', 'lENSMUSG00000097336', 'lENSMUSG00000097571', 'lENSMUSG00000097767', 'lENSMUSG00000098439', 'lENSMUSG00000101609', 'lENSMUSG00000106519', 'l9030622O22Rik', 'lDlx6os1', 'lDnm3os', 'lGas5', 'lGm12610', 'lMiat', 'lNeat1', 'lNONMMUG002771', 'lNONMMUG004366', 'lNONMMUG007120', 'lNONMMUG008199', 'lNONMMUG009173', 'lNONMMUG009235', 'lNONMMUG010099', 'lNONMMUG012984', 'lNONMMUG013851', 'lNONMMUG014034', 'lNONMMUG017321', 'lNONMMUG017372', 'lNONMMUG019692', 'lNONMMUG020560', 'lNONMMUG021010', 'lNONMMUG023106', 'lNONMMUG024809', 'lNONMMUG025805', 'lNONMMUG029789', 'lNONMMUG031524', 'lNONMMUG031860', 'lNONMMUG032531', 'lNONMMUG033434', 'lNONMMUG034060', 'lNONMMUG035589', 'lNONMMUG036314', 'lNONMMUG036495', 'lNONMMUG038170', 'lNONMMUG038692', 'lNONMMUG038718', 'lNONMMUG039825', 'lNONMMUG041948', 'lNONMMUG042190', 'lNONMMUG043393', 'lNONMMUG043843', 'lNONMMUG044302', 'lNONMMUG045259', 'lENSMUSG00000085908', 'lENSMUSG00000103692', 'lENSMUSG00000106828', 'lGm13291', 'lSnord11', 'lSnord67']","[0.0, 0.0, 1.0, 0.0, 1.0, 0.0, 1.0, 0.0, 0.0, 1.0, 1.0, 0.0, 1.0, 1.0, 1.0, 1.0, 0.0, 0.0, 0.0, 0.0, 1.0, 0.0, 1.0, 1.0, 0.0, 0.0, 0.0, 0.0, 0.0, 1.0, 0.0, 0.0, 1.0, 1.0, 1.0, 0.0, 0.0, 1.0, 1.0, 1.0, 1.0, 1.0, 1.0, 0.0, 1.0, 1.0, 0.0, 0.0, 1.0, 0.0, 0.0, 1.0, 1.0, 0.0, 1.0, 0.0, 0.0, 0.0, 1.0, 1.0, 1.0, 0.0, 1.0, 0.0, 0.0, 1.0, 0.0, 1.0, 1.0, 0.0, 0.0, 0.0, 1.0, 1.0, 1.0, 1.0, 1.0, 1.0, 0.0, 0.0, 1.0, 0.0, 0.0, 0.0, 0.0, 1.0, 1.0]",['lENSMUSG00000107766'],[0.0],[0.0],[0.22740862693900046]
86,"['lNONMMUG000508', 'lNONMMUG002215', 'lNONMMUG002239', 'lNONMMUG009962', 'lNONMMUG013211', 'lNONMMUG017485', 'lNONMMUG017913', 'lNONMMUG020673', 'lNONMMUG023454', 'lNONMMUG026355', 'lNONMMUG029813', 'lNONMMUG030202', 'lNONMMUG033401', 'lNONMMUG034886', 'lNONMMUG038355', 'lNONMMUG039685', 'lNONMMUG041158', 'lNONMMUG041781', 'lNONMMUG045568', 'lNONMMUG045569', 'lNONMMUG045574', 'lENSMUSG00000044471', 'lENSMUSG00000075277', 'lENSMUSG00000078190', 'lENSMUSG00000078247', 'lENSMUSG00000085354', 'lENSMUSG00000085715', 'lENSMUSG00000085873', 'lENSMUSG00000086035', 'lENSMUSG00000086141', 'lENSMUSG00000090063', 'lENSMUSG00000097336', 'lENSMUSG00000097571', 'lENSMUSG00000097767', 'lENSMUSG00000098439', 'lENSMUSG00000101609', 'lENSMUSG00000106519', 'l9030622O22Rik', 'lDlx6os1', 'lDnm3os', 'lGas5', 'lGm12610', 'lMiat', 'lNeat1', 'lNONMMUG002771', 'lNONMMUG004366', 'lNONMMUG007120', 'lNONMMUG008199', 'lNONMMUG009173', 'lNONMMUG009235', 'lNONMMUG010099', 'lNONMMUG012984', 'lNONMMUG013851', 'lNONMMUG014034', 'lNONMMUG017321', 'lNONMMUG017372', 'lNONMMUG019692', 'lNONMMUG020560', 'lNONMMUG021010', 'lNONMMUG023106', 'lNONMMUG024809', 'lNONMMUG025805', 'lNONMMUG029789', 'lNONMMUG031524', 'lNONMMUG031860', 'lNONMMUG032531', 'lNONMMUG033434', 'lNONMMUG034060', 'lNONMMUG035589', 'lNONMMUG036314', 'lNONMMUG036495', 'lNONMMUG038170', 'lNONMMUG038692', 'lNONMMUG038718', 'lNONMMUG039825', 'lNONMMUG041948', 'lNONMMUG042190', 'lNONMMUG043393', 'lNONMMUG043843', 'lNONMMUG044302', 'lNONMMUG045259', 'lENSMUSG00000085908', 'lENSMUSG00000103692', 'lENSMUSG00000106828', 'lENSMUSG00000107766', 'lSnord11', 'lSnord67']","[0.0, 0.0, 1.0, 0.0, 1.0, 0.0, 1.0, 0.0, 0.0, 1.0, 1.0, 0.0, 1.0, 1.0, 1.0, 1.0, 0.0, 0.0, 0.0, 0.0, 1.0, 0.0, 1.0, 1.0, 0.0, 0.0, 0.0, 0.0, 0.0, 1.0, 0.0, 0.0, 1.0, 1.0, 1.0, 0.0, 0.0, 1.0, 1.0, 1.0, 1.0, 1.0, 1.0, 0.0, 1.0, 1.0, 0.0, 0.0, 1.0, 0.0, 0.0, 1.0, 1.0, 0.0, 1.0, 0.0, 0.0, 0.0, 1.0, 1.0, 1.0, 0.0, 1.0, 0.0, 0.0, 1.0, 0.0, 1.0, 1.0, 0.0, 0.0, 0.0, 1.0, 1.0, 1.0, 1.0, 1.0, 1.0, 0.0, 0.0, 1.0, 0.0, 0.0, 0.0, 0.0, 1.0, 1.0]",['lGm13291'],[0.0],[0.0],[0.11234487303013141]
87,"['lNONMMUG000508', 'lNONMMUG002215', 'lNONMMUG002239', 'lNONMMUG009962', 'lNONMMUG013211', 'lNONMMUG017485', 'lNONMMUG017913', 'lNONMMUG020673', 'lNONMMUG023454', 'lNONMMUG026355', 'lNONMMUG029813', 'lNONMMUG030202', 'lNONMMUG033401', 'lNONMMUG034886', 'lNONMMUG038355', 'lNONMMUG039685', 'lNONMMUG041158', 'lNONMMUG041781', 'lNONMMUG045568', 'lNONMMUG045569', 'lNONMMUG045574', 'lENSMUSG00000044471', 'lENSMUSG00000075277', 'lENSMUSG00000078190', 'lENSMUSG00000078247', 'lENSMUSG00000085354', 'lENSMUSG00000085715', 'lENSMUSG00000085873', 'lENSMUSG00000086035', 'lENSMUSG00000086141', 'lENSMUSG00000090063', 'lENSMUSG00000097336', 'lENSMUSG00000097571', 'lENSMUSG00000097767', 'lENSMUSG00000098439', 'lENSMUSG00000101609', 'lENSMUSG00000106519', 'l9030622O22Rik', 'lDlx6os1', 'lDnm3os', 'lGas5', 'lGm12610', 'lMiat', 'lNeat1', 'lNONMMUG002771', 'lNONMMUG004366', 'lNONMMUG007120', 'lNONMMUG008199', 'lNONMMUG009173', 'lNONMMUG009235', 'lNONMMUG010099', 'lNONMMUG012984', 'lNONMMUG013851', 'lNONMMUG014034', 'lNONMMUG017321', 'lNONMMUG017372', 'lNONMMUG019692', 'lNONMMUG020560', 'lNONMMUG021010', 'lNONMMUG023106', 'lNONMMUG024809', 'lNONMMUG025805', 'lNONMMUG029789', 'lNONMMUG031524', 'lNONMMUG031860', 'lNONMMUG032531', 'lNONMMUG033434', 'lNONMMUG034060', 'lNONMMUG035589', 'lNONMMUG036314', 'lNONMMUG036495', 'lNONMMUG038170', 'lNONMMUG038692', 'lNONMMUG038718', 'lNONMMUG039825', 'lNONMMUG041948', 'lNONMMUG042190', 'lNONMMUG043393', 'lNONMMUG043843', 'lNONMMUG044302', 'lNONMMUG045259', 'lENSMUSG00000085908', 'lENSMUSG00000103692', 'lENSMUSG00000106828', 'lENSMUSG00000107766', 'lGm13291', 'lSnord67']","[0.0, 0.0, 1.0, 0.0, 1.0, 0.0, 1.0, 0.0, 0.0, 1.0, 1.0, 0.0, 1.0, 1.0, 1.0, 1.0, 0.0, 0.0, 0.0, 0.0, 1.0, 0.0, 1.0, 1.0, 0.0, 0.0, 0.0, 0.0, 0.0, 1.0, 0.0, 0.0, 1.0, 1.0, 1.0, 0.0, 0.0, 1.0, 1.0, 1.0, 1.0, 1.0, 1.0, 0.0, 1.0, 1.0, 0.0, 0.0, 1.0, 0.0, 0.0, 1.0, 1.0, 0.0, 1.0, 0.0, 0.0, 0.0, 1.0, 1.0, 1.0, 0.0, 1.0, 0.0, 0.0, 1.0, 0.0, 1.0, 1.0, 0.0, 0.0, 0.0, 1.0, 1.0, 1.0, 1.0, 1.0, 1.0, 0.0, 0.0, 1.0, 0.0, 0.0, 0.0, 0.0, 0.0, 1.0]",['lSnord11'],[1.0],[1.0],[0.9999999980479439]
88,"['lNONMMUG000508', 'lNONMMUG002215', 'lNONMMUG002239', 'lNONMMUG009962', 'lNONMMUG013211', 'lNONMMUG017485', 'lNONMMUG017913', 'lNONMMUG020673', 'lNONMMUG023454', 'lNONMMUG026355', 'lNONMMUG029813', 'lNONMMUG030202', 'lNONMMUG033401', 'lNONMMUG034886', 'lNONMMUG038355', 'lNONMMUG039685', 'lNONMMUG041158', 'lNONMMUG041781', 'lNONMMUG045568', 'lNONMMUG045569', 'lNONMMUG045574', 'lENSMUSG00000044471', 'lENSMUSG00000075277', 'lENSMUSG00000078190', 'lENSMUSG00000078247', 'lENSMUSG00000085354', 'lENSMUSG00000085715', 'lENSMUSG00000085873', 'lENSMUSG00000086035', 'lENSMUSG00000086141', 'lENSMUSG00000090063', 'lENSMUSG00000097336', 'lENSMUSG00000097571', 'lENSMUSG00000097767', 'lENSMUSG00000098439', 'lENSMUSG00000101609', 'lENSMUSG00000106519', 'l9030622O22Rik', 'lDlx6os1', 'lDnm3os', 'lGas5', 'lGm12610', 'lMiat', 'lNeat1', 'lNONMMUG002771', 'lNONMMUG004366', 'lNONMMUG007120', 'lNONMMUG008199', 'lNONMMUG009173', 'lNONMMUG009235', 'lNONMMUG010099', 'lNONMMUG012984', 'lNONMMUG013851', 'lNONMMUG014034', 'lNONMMUG017321', 'lNONMMUG017372', 'lNONMMUG019692', 'lNONMMUG020560', 'lNONMMUG021010', 'lNONMMUG023106', 'lNONMMUG024809', 'lNONMMUG025805', 'lNONMMUG029789', 'lNONMMUG031524', 'lNONMMUG031860', 'lNONMMUG032531', 'lNONMMUG033434', 'lNONMMUG034060', 'lNONMMUG035589', 'lNONMMUG036314', 'lNONMMUG036495', 'lNONMMUG038170', 'lNONMMUG038692', 'lNONMMUG038718', 'lNONMMUG039825', 'lNONMMUG041948', 'lNONMMUG042190', 'lNONMMUG043393', 'lNONMMUG043843', 'lNONMMUG044302', 'lNONMMUG045259', 'lENSMUSG00000085908', 'lENSMUSG00000103692', 'lENSMUSG00000106828', 'lENSMUSG00000107766', 'lGm13291', 'lSnord11']","[0.0, 0.0, 1.0, 0.0, 1.0, 0.0, 1.0, 0.0, 0.0, 1.0, 1.0, 0.0, 1.0, 1.0, 1.0, 1.0, 0.0, 0.0, 0.0, 0.0, 1.0, 0.0, 1.0, 1.0, 0.0, 0.0, 0.0, 0.0, 0.0, 1.0, 0.0, 0.0, 1.0, 1.0, 1.0, 0.0, 0.0, 1.0, 1.0, 1.0, 1.0, 1.0, 1.0, 0.0, 1.0, 1.0, 0.0, 0.0, 1.0, 0.0, 0.0, 1.0, 1.0, 0.0, 1.0, 0.0, 0.0, 0.0, 1.0, 1.0, 1.0, 0.0, 1.0, 0.0, 0.0, 1.0, 0.0, 1.0, 1.0, 0.0, 0.0, 0.0, 1.0, 1.0, 1.0, 1.0, 1.0, 1.0, 0.0, 0.0, 1.0, 0.0, 0.0, 0.0, 0.0, 0.0, 1.0]",['lSnord67'],[1.0],[1.0],[0.9703763731246184]
