Fold,Train_IDs,Train_Labels,Test_IDs,Test_Labels,Predictions,Decision_Scores
1,"['lNONHSAG000047', 'lNONHSAG000059', 'lNONHSAG000069', 'lNONHSAG000130', 'lNONHSAG000158', 'lNONHSAG000195', 'lNONHSAG000241', 'lNONHSAG000253', 'lNONHSAG000310', 'lNONHSAG000311', 'lNONHSAG000374', 'lNONHSAG000381', 'lNONHSAG000464', 'lNONHSAG000498', 'lNONHSAG000579', 'lNONHSAG000603', 'lNONHSAG000625', 'lNONHSAG000742', 'lNONHSAG000769', 'lNONHSAG000840', 'lNONHSAG000843', 'lNONHSAG000863', 'lNONHSAG000884', 'lNONHSAG000938', 'lNONHSAG000967', 'lNONHSAG001142', 'lNONHSAG001238', 'lNONHSAG001278', 'lNONHSAG001284', 'lNONHSAG001360', 'lNONHSAG001375', 'lNONHSAG001448', 'lNONHSAG001468', 'lNONHSAG001499', 'lNONHSAG001513', 'lNONHSAG001696', 'lNONHSAG001724', 'lNONHSAG001941', 'lNONHSAG001993', 'lNONHSAG002056', 'lNONHSAG002058', 'lNONHSAG002086', 'lNONHSAG002343', 'lNONHSAG002359', 'lNONHSAG002376', 'lNONHSAG002378', 'lNONHSAG002454', 'lNONHSAG002490', 'lNONHSAG002549', 'lNONHSAG002617', 'lNONHSAG002669', 'lNONHSAG002701', 'lNONHSAG002731', 'lNONHSAG002752', 'lNONHSAG002859', 'lNONHSAG002883', 'lNONHSAG002978', 'lNONHSAG003053', 'lNONHSAG003068', 'lNONHSAG003074', 'lNONHSAG003077', 'lNONHSAG003119', 'lNONHSAG003134', 'lNONHSAG003198', 'lNONHSAG003244', 'lNONHSAG003260', 'lNONHSAG003269', 'lNONHSAG003303', 'lNONHSAG003374', 'lNONHSAG003504', 'lNONHSAG003505', 'lNONHSAG003512', 'lNONHSAG003645', 'lNONHSAG003820', 'lNONHSAG003874', 'lNONHSAG003884', 'lNONHSAG003886', 'lNONHSAG003900', 'lNONHSAG003911', 'lNONHSAG003938', 'lNONHSAG003957', 'lNONHSAG003976', 'lNONHSAG004013', 'lNONHSAG004026', 'lNONHSAG004054', 'lNONHSAG004095', 'lNONHSAG004247', 'lNONHSAG004305', 'lNONHSAG004373', 'lNONHSAG004619', 'lNONHSAG004673', 'lNONHSAG004674', 'lNONHSAG004714', 'lNONHSAG004743', 'lNONHSAG004779', 'lNONHSAG004868', 'lNONHSAG005084', 'lNONHSAG005153', 'lNONHSAG005339', 'lNONHSAG005377', 'lNONHSAG005403', 'lNONHSAG005482', 'lNONHSAG005669', 'lNONHSAG005699', 'lNONHSAG005721', 'lNONHSAG005728', 'lNONHSAG005732', 'lNONHSAG005742', 'lNONHSAG005780', 'lNONHSAG005838', 'lNONHSAG005866', 'lNONHSAG005920', 'lNONHSAG006007', 'lNONHSAG006049', 'lNONHSAG006050', 'lNONHSAG006054', 'lNONHSAG006071', 'lNONHSAG006204', 'lNONHSAG006212', 'lNONHSAG006238', 'lNONHSAG006301', 'lNONHSAG006362', 'lNONHSAG006454', 'lNONHSAG006457', 'lNONHSAG006474', 'lNONHSAG006526', 'lNONHSAG006633', 'lNONHSAG006678', 'lNONHSAG006692', 'lNONHSAG006756', 'lNONHSAG006763', 'lNONHSAG006865', 'lNONHSAG006945', 'lNONHSAG006966', 'lNONHSAG007109', 'lNONHSAG007295', 'lNONHSAG007324', 'lNONHSAG007384', 'lNONHSAG007430', 'lNONHSAG007431', 'lNONHSAG007434', 'lNONHSAG007455', 'lNONHSAG007463', 'lNONHSAG007487', 'lNONHSAG007538', 'lNONHSAG007602', 'lNONHSAG007631', 'lNONHSAG007692', 'lNONHSAG007715', 'lNONHSAG007868', 'lNONHSAG007984', 'lNONHSAG008015', 'lNONHSAG008037', 'lNONHSAG008167', 'lNONHSAG008199', 'lNONHSAG008220', 'lNONHSAG008354', 'lNONHSAG008552', 'lNONHSAG008589', 'lNONHSAG008615', 'lNONHSAG008654', 'lNONHSAG008670', 'lNONHSAG008675', 'lNONHSAG008693', 'lNONHSAG008728', 'lNONHSAG008859', 'lNONHSAG008937', 'lNONHSAG008952', 'lNONHSAG008966', 'lNONHSAG009021', 'lNONHSAG009039', 'lNONHSAG009059', 'lNONHSAG009062', 'lNONHSAG009130', 'lNONHSAG009133', 'lNONHSAG009134', 'lNONHSAG009174', 'lNONHSAG009180', 'lNONHSAG009193', 'lNONHSAG009228', 'lNONHSAG009546', 'lNONHSAG009613', 'lNONHSAG009728', 'lNONHSAG009747', 'lNONHSAG009755', 'lNONHSAG009782', 'lNONHSAG009913', 'lNONHSAG009938', 'lNONHSAG009945', 'lNONHSAG009950', 'lNONHSAG009968', 'lNONHSAG009989', 'lNONHSAG010021', 'lNONHSAG010117', 'lNONHSAG010179', 'lNONHSAG010186', 'lNONHSAG010189', 'lNONHSAG010190', 'lNONHSAG010193', 'lNONHSAG010194', 'lNONHSAG010200', 'lNONHSAG010348', 'lNONHSAG010352', 'lNONHSAG010405', 'lNONHSAG010657', 'lNONHSAG010658', 'lNONHSAG010716', 'lNONHSAG010792', 'lNONHSAG010798', 'lNONHSAG010940', 'lNONHSAG010986', 'lNONHSAG010989', 'lNONHSAG011028', 'lNONHSAG011057', 'lNONHSAG011084', 'lNONHSAG011086', 'lNONHSAG011121', 'lNONHSAG011230', 'lNONHSAG011264', 'lNONHSAG011337', 'lNONHSAG011343', 'lNONHSAG011375', 'lNONHSAG011446', 'lNONHSAG011518', 'lNONHSAG011524', 'lNONHSAG011576', 'lNONHSAG011633', 'lNONHSAG011658', 'lNONHSAG011854', 'lNONHSAG011870', 'lNONHSAG011935', 'lNONHSAG012025', 'lNONHSAG012076', 'lNONHSAG012077', 'lNONHSAG012099', 'lNONHSAG012297', 'lNONHSAG012339', 'lNONHSAG012367', 'lNONHSAG012375', 'lNONHSAG012423', 'lNONHSAG012476', 'lNONHSAG012505', 'lNONHSAG012534', 'lNONHSAG012540', 'lNONHSAG012549', 'lNONHSAG012594', 'lNONHSAG012617', 'lNONHSAG012751', 'lNONHSAG012791', 'lNONHSAG013005', 'lNONHSAG013060', 'lNONHSAG013095', 'lNONHSAG013388', 'lNONHSAG013431', 'lNONHSAG013475', 'lNONHSAG013515', 'lNONHSAG013534', 'lNONHSAG013568', 'lNONHSAG013708', 'lNONHSAG013730', 'lNONHSAG013790', 'lNONHSAG013912', 'lNONHSAG013917', 'lNONHSAG013940', 'lNONHSAG013942', 'lNONHSAG013946', 'lNONHSAG013954', 'lNONHSAG013992', 'lNONHSAG014098', 'lNONHSAG014112', 'lNONHSAG014130', 'lNONHSAG014332', 'lNONHSAG014362', 'lNONHSAG014373', 'lNONHSAG014381', 'lNONHSAG014496', 'lNONHSAG014502', 'lNONHSAG014546', 'lNONHSAG014672', 'lNONHSAG014679', 'lNONHSAG014730', 'lNONHSAG014890', 'lNONHSAG014891', 'lNONHSAG014914', 'lNONHSAG015044', 'lNONHSAG015163', 'lNONHSAG015215', 'lNONHSAG015234', 'lNONHSAG015352', 'lNONHSAG015417', 'lNONHSAG015454', 'lNONHSAG015505', 'lNONHSAG015591', 'lNONHSAG015623', 'lNONHSAG015692', 'lNONHSAG015723', 'lNONHSAG015787', 'lNONHSAG015788', 'lNONHSAG015961', 'lNONHSAG016021', 'lNONHSAG016068', 'lNONHSAG016118', 'lNONHSAG016199', 'lNONHSAG016307', 'lNONHSAG016395', 'lNONHSAG016403', 'lNONHSAG016486', 'lNONHSAG016487', 'lNONHSAG016576', 'lNONHSAG016611', 'lNONHSAG016618', 'lNONHSAG016623', 'lNONHSAG016733', 'lNONHSAG016741', 'lNONHSAG016749', 'lNONHSAG016771', 'lNONHSAG016822', 'lNONHSAG016893', 'lNONHSAG017020', 'lNONHSAG017060', 'lNONHSAG017232', 'lNONHSAG017238', 'lNONHSAG017254', 'lNONHSAG017282', 'lNONHSAG017288', 'lNONHSAG017344', 'lNONHSAG017347', 'lNONHSAG017349', 'lNONHSAG017376', 'lNONHSAG017377', 'lNONHSAG017379', 'lNONHSAG017486', 'lNONHSAG017504', 'lNONHSAG017567', 'lNONHSAG017666', 'lNONHSAG017767', 'lNONHSAG017882', 'lNONHSAG017890', 'lNONHSAG017899', 'lNONHSAG018053', 'lNONHSAG018054', 'lNONHSAG018058', 'lNONHSAG018110', 'lNONHSAG018180', 'lNONHSAG018203', 'lNONHSAG018236', 'lNONHSAG018313', 'lNONHSAG018322', 'lNONHSAG018326', 'lNONHSAG018341', 'lNONHSAG018372', 'lNONHSAG018415', 'lNONHSAG018416', 'lNONHSAG018420', 'lNONHSAG018530', 'lNONHSAG018586', 'lNONHSAG018621', 'lNONHSAG018635', 'lNONHSAG018656', 'lNONHSAG018659', 'lNONHSAG018707', 'lNONHSAG018709', 'lNONHSAG018711', 'lNONHSAG018829', 'lNONHSAG018889', 'lNONHSAG018893', 'lNONHSAG018903', 'lNONHSAG019003', 'lNONHSAG019014', 'lNONHSAG019021', 'lNONHSAG019023', 'lNONHSAG019031', 'lNONHSAG019049', 'lNONHSAG019079', 'lNONHSAG019090', 'lNONHSAG019115', 'lNONHSAG019221', 'lNONHSAG019270', 'lNONHSAG019332', 'lNONHSAG019370', 'lNONHSAG019439', 'lNONHSAG019613', 'lNONHSAG019667', 'lNONHSAG019670', 'lNONHSAG019711', 'lNONHSAG019767', 'lNONHSAG019813', 'lNONHSAG019814', 'lNONHSAG019848', 'lNONHSAG019852', 'lNONHSAG019878', 'lNONHSAG019898', 'lNONHSAG019967', 'lNONHSAG020066', 'lNONHSAG020068', 'lNONHSAG020075', 'lNONHSAG020091', 'lNONHSAG020107', 'lNONHSAG020153', 'lNONHSAG020155', 'lNONHSAG020218', 'lNONHSAG020223', 'lNONHSAG020252', 'lNONHSAG020259', 'lNONHSAG020260', 'lNONHSAG020273', 'lNONHSAG020274', 'lNONHSAG020277', 'lNONHSAG020281', 'lNONHSAG020298', 'lNONHSAG020304', 'lNONHSAG020307', 'lNONHSAG020312', 'lNONHSAG020339', 'lNONHSAG020361', 'lNONHSAG020367', 'lNONHSAG020372', 'lNONHSAG020374', 'lNONHSAG020382', 'lNONHSAG020403', 'lNONHSAG020474', 'lNONHSAG020600', 'lNONHSAG020616', 'lNONHSAG020729', 'lNONHSAG020731', 'lNONHSAG020755', 'lNONHSAG020759', 'lNONHSAG020760', 'lNONHSAG020762', 'lNONHSAG020771', 'lNONHSAG020869', 'lNONHSAG021042', 'lNONHSAG021072', 'lNONHSAG021307', 'lNONHSAG021315', 'lNONHSAG021335', 'lNONHSAG021342', 'lNONHSAG021347', 'lNONHSAG021370', 'lNONHSAG021390', 'lNONHSAG021400', 'lNONHSAG021408', 'lNONHSAG021410', 'lNONHSAG021431', 'lNONHSAG021432', 'lNONHSAG021433', 'lNONHSAG021471', 'lNONHSAG021557', 'lNONHSAG021566', 'lNONHSAG021638', 'lNONHSAG021641', 'lNONHSAG021698', 'lNONHSAG021760', 'lNONHSAG021780', 'lNONHSAG021820', 'lNONHSAG021846', 'lNONHSAG021874', 'lNONHSAG021878', 'lNONHSAG021882', 'lNONHSAG021893', 'lNONHSAG021909', 'lNONHSAG021976', 'lNONHSAG021981', 'lNONHSAG022009', 'lNONHSAG022030', 'lNONHSAG022058', 'lNONHSAG022078', 'lNONHSAG022088', 'lNONHSAG022094', 'lNONHSAG022103', 'lNONHSAG022110', 'lNONHSAG022125', 'lNONHSAG022127', 'lNONHSAG022162', 'lNONHSAG022311', 'lNONHSAG022327', 'lNONHSAG022328', 'lNONHSAG022335', 'lNONHSAG022339', 'lNONHSAG022378', 'lNONHSAG022495', 'lNONHSAG022510', 'lNONHSAG022551', 'lNONHSAG022579', 'lNONHSAG022597', 'lNONHSAG022655', 'lNONHSAG022743', 'lNONHSAG022750', 'lNONHSAG022806', 'lNONHSAG022836', 'lNONHSAG022845', 'lNONHSAG022851', 'lNONHSAG022888', 'lNONHSAG022893', 'lNONHSAG022965', 'lNONHSAG022972', 'lNONHSAG022982', 'lNONHSAG023003', 'lNONHSAG023049', 'lNONHSAG023051', 'lNONHSAG023073', 'lNONHSAG023175', 'lNONHSAG023237', 'lNONHSAG023375', 'lNONHSAG023387', 'lNONHSAG023392', 'lNONHSAG023494', 'lNONHSAG023512', 'lNONHSAG023553', 'lNONHSAG023579', 'lNONHSAG023598', 'lNONHSAG023607', 'lNONHSAG023614', 'lNONHSAG023633', 'lNONHSAG023635', 'lNONHSAG023668', 'lNONHSAG023740', 'lNONHSAG023837', 'lNONHSAG023864', 'lNONHSAG023885', 'lNONHSAG023888', 'lNONHSAG023930', 'lNONHSAG023964', 'lNONHSAG024117', 'lNONHSAG024141', 'lNONHSAG024171', 'lNONHSAG024244', 'lNONHSAG024282', 'lNONHSAG024332', 'lNONHSAG024340', 'lNONHSAG024341', 'lNONHSAG024354', 'lNONHSAG024361', 'lNONHSAG024362', 'lNONHSAG024381', 'lNONHSAG024391', 'lNONHSAG024393', 'lNONHSAG024395', 'lNONHSAG024428', 'lNONHSAG024540', 'lNONHSAG024542', 'lNONHSAG024637', 'lNONHSAG024668', 'lNONHSAG024676', 'lNONHSAG024681', 'lNONHSAG024741', 'lNONHSAG024809', 'lNONHSAG024810', 'lNONHSAG024818', 'lNONHSAG024826', 'lNONHSAG024903', 'lNONHSAG024905', 'lNONHSAG024908', 'lNONHSAG024921', 'lNONHSAG024923', 'lNONHSAG024925', 'lNONHSAG024979', 'lNONHSAG025011', 'lNONHSAG025135', 'lNONHSAG025137', 'lNONHSAG025157', 'lNONHSAG025185', 'lNONHSAG025319', 'lNONHSAG025352', 'lNONHSAG025483', 'lNONHSAG025485', 'lNONHSAG025609', 'lNONHSAG025712', 'lNONHSAG025743', 'lNONHSAG025744', 'lNONHSAG025864', 'lNONHSAG025865', 'lNONHSAG025867', 'lNONHSAG025907', 'lNONHSAG025934', 'lNONHSAG025939', 'lNONHSAG025964', 'lNONHSAG025997', 'lNONHSAG026053', 'lNONHSAG026089', 'lNONHSAG026091', 'lNONHSAG026103', 'lNONHSAG026153', 'lNONHSAG026176', 'lNONHSAG026205', 'lNONHSAG026274', 'lNONHSAG026364', 'lNONHSAG026386', 'lNONHSAG026599', 'lNONHSAG026661', 'lNONHSAG026721', 'lNONHSAG026737', 'lNONHSAG026743', 'lNONHSAG026781', 'lNONHSAG026794', 'lNONHSAG026852', 'lNONHSAG026854', 'lNONHSAG026856', 'lNONHSAG027075', 'lNONHSAG027276', 'lNONHSAG027323', 'lNONHSAG027342', 'lNONHSAG027374', 'lNONHSAG027421', 'lNONHSAG027482', 'lNONHSAG027598', 'lNONHSAG027618', 'lNONHSAG027675', 'lNONHSAG027682', 'lNONHSAG027692', 'lNONHSAG027694', 'lNONHSAG027709', 'lNONHSAG027837', 'lNONHSAG027874', 'lNONHSAG027876', 'lNONHSAG028045', 'lNONHSAG028083', 'lNONHSAG028093', 'lNONHSAG028112', 'lNONHSAG028141', 'lNONHSAG028142', 'lNONHSAG028159', 'lNONHSAG028403', 'lNONHSAG028713', 'lNONHSAG028720', 'lNONHSAG028817', 'lNONHSAG028820', 'lNONHSAG028857', 'lNONHSAG028870', 'lNONHSAG028913', 'lNONHSAG028918', 'lNONHSAG028996', 'lNONHSAG029033', 'lNONHSAG029080', 'lNONHSAG029124', 'lNONHSAG029267', 'lNONHSAG029312', 'lNONHSAG029336', 'lNONHSAG029377', 'lNONHSAG029467', 'lNONHSAG029668', 'lNONHSAG029792', 'lNONHSAG029830', 'lNONHSAG029873', 'lNONHSAG029880', 'lNONHSAG029956', 'lNONHSAG029957', 'lNONHSAG029958', 'lNONHSAG029960', 'lNONHSAG029961', 'lNONHSAG029962', 'lNONHSAG029964', 'lNONHSAG029965', 'lNONHSAG029985', 'lNONHSAG030074', 'lNONHSAG030113', 'lNONHSAG030129', 'lNONHSAG030244', 'lNONHSAG030258', 'lNONHSAG030278', 'lNONHSAG030304', 'lNONHSAG030333', 'lNONHSAG030410', 'lNONHSAG030440', 'lNONHSAG030487', 'lNONHSAG030525', 'lNONHSAG030582', 'lNONHSAG030583', 'lNONHSAG030738', 'lNONHSAG030739', 'lNONHSAG030742', 'lNONHSAG031025', 'lNONHSAG031035', 'lNONHSAG031123', 'lNONHSAG031261', 'lNONHSAG031425', 'lNONHSAG031452', 'lNONHSAG031453', 'lNONHSAG031456', 'lNONHSAG031481', 'lNONHSAG031563', 'lNONHSAG031565', 'lNONHSAG031581', 'lNONHSAG031584', 'lNONHSAG031636', 'lNONHSAG031696', 'lNONHSAG031853', 'lNONHSAG031900', 'lNONHSAG031913', 'lNONHSAG031991', 'lNONHSAG032063', 'lNONHSAG032126', 'lNONHSAG032267', 'lNONHSAG032297', 'lNONHSAG032302', 'lNONHSAG032312', 'lNONHSAG032537', 'lNONHSAG032560', 'lNONHSAG032664', 'lNONHSAG032682', 'lNONHSAG032724', 'lNONHSAG032735', 'lNONHSAG032737', 'lNONHSAG032750', 'lNONHSAG033027', 'lNONHSAG033061', 'lNONHSAG033100', 'lNONHSAG033105', 'lNONHSAG033107', 'lNONHSAG033121', 'lNONHSAG033168', 'lNONHSAG033170', 'lNONHSAG033216', 'lNONHSAG033224', 'lNONHSAG033254', 'lNONHSAG033263', 'lNONHSAG033266', 'lNONHSAG033298', 'lNONHSAG033328', 'lNONHSAG033334', 'lNONHSAG033342', 'lNONHSAG033348', 'lNONHSAG033352', 'lNONHSAG033368', 'lNONHSAG033390', 'lNONHSAG033459', 'lNONHSAG033471', 'lNONHSAG033480', 'lNONHSAG033528', 'lNONHSAG033589', 'lNONHSAG033611', 'lNONHSAG033645', 'lNONHSAG033716', 'lNONHSAG033735', 'lNONHSAG033748', 'lNONHSAG033810', 'lNONHSAG033862', 'lNONHSAG033896', 'lNONHSAG033898', 'lNONHSAG033899', 'lNONHSAG033937', 'lNONHSAG033940', 'lNONHSAG034006', 'lNONHSAG034014', 'lNONHSAG034021', 'lNONHSAG034032', 'lNONHSAG034217', 'lNONHSAG034316', 'lNONHSAG034417', 'lNONHSAG034418', 'lNONHSAG034492', 'lNONHSAG034508', 'lNONHSAG034527', 'lNONHSAG034676', 'lNONHSAG034678', 'lNONHSAG034801', 'lNONHSAG034846', 'lNONHSAG034935', 'lNONHSAG035096', 'lNONHSAG035103', 'lNONHSAG035262', 'lNONHSAG035287', 'lNONHSAG035382', 'lNONHSAG035456', 'lNONHSAG035531', 'lNONHSAG035568', 'lNONHSAG035806', 'lNONHSAG035914', 'lNONHSAG035916', 'lNONHSAG035919', 'lNONHSAG035923', 'lNONHSAG036047', 'lNONHSAG036054', 'lNONHSAG036115', 'lNONHSAG036120', 'lNONHSAG036255', 'lNONHSAG036263', 'lNONHSAG036403', 'lNONHSAG036407', 'lNONHSAG036412', 'lNONHSAG036413', 'lNONHSAG036612', 'lNONHSAG036615', 'lNONHSAG036667', 'lNONHSAG036718', 'lNONHSAG036783', 'lNONHSAG036866', 'lNONHSAG036922', 'lNONHSAG036926', 'lNONHSAG037061', 'lNONHSAG037072', 'lNONHSAG037073', 'lNONHSAG037080', 'lNONHSAG037082', 'lNONHSAG037083', 'lNONHSAG037137', 'lNONHSAG037146', 'lNONHSAG037164', 'lNONHSAG037241', 'lNONHSAG037348', 'lNONHSAG037420', 'lNONHSAG037559', 'lNONHSAG037827', 'lNONHSAG037891', 'lNONHSAG037936', 'lNONHSAG037946', 'lNONHSAG038001', 'lNONHSAG038024', 'lNONHSAG038060', 'lNONHSAG038091', 'lNONHSAG038162', 'lNONHSAG038343', 'lNONHSAG038344', 'lNONHSAG038502', 'lNONHSAG038530', 'lNONHSAG038578', 'lNONHSAG038663', 'lNONHSAG038675', 'lNONHSAG038676', 'lNONHSAG038682', 'lNONHSAG038836', 'lNONHSAG039037', 'lNONHSAG039038', 'lNONHSAG039147', 'lNONHSAG039293', 'lNONHSAG039295', 'lNONHSAG039319', 'lNONHSAG039620', 'lNONHSAG039654', 'lNONHSAG039664', 'lNONHSAG039669', 'lNONHSAG039749', 'lNONHSAG039872', 'lNONHSAG039951', 'lNONHSAG040179', 'lNONHSAG040188', 'lNONHSAG040226', 'lNONHSAG040241', 'lNONHSAG040269', 'lNONHSAG040320', 'lNONHSAG040329', 'lNONHSAG040408', 'lNONHSAG040444', 'lNONHSAG040481', 'lNONHSAG040542', 'lNONHSAG040544', 'lNONHSAG040560', 'lNONHSAG040601', 'lNONHSAG040692', 'lNONHSAG040700', 'lNONHSAG040729', 'lNONHSAG040859', 'lNONHSAG040870', 'lNONHSAG040909', 'lNONHSAG040945', 'lNONHSAG040958', 'lNONHSAG040969', 'lNONHSAG041002', 'lNONHSAG041017', 'lNONHSAG041023', 'lNONHSAG041241', 'lNONHSAG041250', 'lNONHSAG041256', 'lNONHSAG041257', 'lNONHSAG041480', 'lNONHSAG041528', 'lNONHSAG041529', 'lNONHSAG041592', 'lNONHSAG041670', 'lNONHSAG041707', 'lNONHSAG041758', 'lNONHSAG041844', 'lNONHSAG041883', 'lNONHSAG041938', 'lNONHSAG041966', 'lNONHSAG041981', 'lNONHSAG042033', 'lNONHSAG042050', 'lNONHSAG042062', 'lNONHSAG042080', 'lNONHSAG042138', 'lNONHSAG042218', 'lNONHSAG042257', 'lNONHSAG042270', 'lNONHSAG042306', 'lNONHSAG042307', 'lNONHSAG042370', 'lNONHSAG042433', 'lNONHSAG042491', 'lNONHSAG042500', 'lNONHSAG042722', 'lNONHSAG042724', 'lNONHSAG042836', 'lNONHSAG042855', 'lNONHSAG042957', 'lNONHSAG042970', 'lNONHSAG042991', 'lNONHSAG043138', 'lNONHSAG043229', 'lNONHSAG043250', 'lNONHSAG043303', 'lNONHSAG043433', 'lNONHSAG043550', 'lNONHSAG043592', 'lNONHSAG043657', 'lNONHSAG043770', 'lNONHSAG043934', 'lNONHSAG044022', 'lNONHSAG044041', 'lNONHSAG044064', 'lNONHSAG044283', 'lNONHSAG044350', 'lNONHSAG044406', 'lNONHSAG044429', 'lNONHSAG044533', 'lNONHSAG044624', 'lNONHSAG044666', 'lNONHSAG044751', 'lNONHSAG044791', 'lNONHSAG045131', 'lNONHSAG045160', 'lNONHSAG045163', 'lNONHSAG045166', 'lNONHSAG045306', 'lNONHSAG045430', 'lNONHSAG046722', 'lNONHSAG046730', 'lNONHSAG046765', 'lNONHSAG046781', 'lNONHSAG046811', 'lNONHSAG046839', 'lNONHSAG046953', 'lNONHSAG047182', 'lNONHSAG047191', 'lNONHSAG047197', 'lNONHSAG047319', 'lNONHSAG047433', 'lNONHSAG047463', 'lNONHSAG047469', 'lNONHSAG047471', 'lNONHSAG047507', 'lNONHSAG047543', 'lNONHSAG047544', 'lNONHSAG047547', 'lNONHSAG047619', 'lNONHSAG047725', 'lNONHSAG047792', 'lNONHSAG047796', 'lNONHSAG047830', 'lNONHSAG047840', 'lNONHSAG047842', 'lNONHSAG047851', 'lNONHSAG047951', 'lNONHSAG047973', 'lNONHSAG047974', 'lNONHSAG048057', 'lNONHSAG048101', 'lNONHSAG048114', 'lNONHSAG048189', 'lNONHSAG048191', 'lNONHSAG048201', 'lNONHSAG048228', 'lNONHSAG048231', 'lNONHSAG048270', 'lNONHSAG048302', 'lNONHSAG048323', 'lNONHSAG048354', 'lNONHSAG048439', 'lNONHSAG048464', 'lNONHSAG048598', 'lNONHSAG048602', 'lNONHSAG048603', 'lNONHSAG048610', 'lNONHSAG048623', 'lNONHSAG048624', 'lNONHSAG048641', 'lNONHSAG048695', 'lNONHSAG048781', 'lNONHSAG048817', 'lNONHSAG049037', 'lNONHSAG049050', 'lNONHSAG049119', 'lNONHSAG049129', 'lNONHSAG049157', 'lNONHSAG049185', 'lNONHSAG049191', 'lNONHSAG049288', 'lNONHSAG049303', 'lNONHSAG049356', 'lNONHSAG049421', 'lNONHSAG049507', 'lNONHSAG049626', 'lNONHSAG049655', 'lNONHSAG049801', 'lNONHSAG049901', 'lNONHSAG050073', 'lNONHSAG050104', 'lNONHSAG050167', 'lNONHSAG050168', 'lNONHSAG050273', 'lNONHSAG050284', 'lNONHSAG050345', 'lNONHSAG050445', 'lNONHSAG050493', 'lNONHSAG050518', 'lNONHSAG050670', 'lNONHSAG050725', 'lNONHSAG050769', 'lNONHSAG050786', 'lNONHSAG050929', 'lNONHSAG050985', 'lNONHSAG051015', 'lNONHSAG051166', 'lNONHSAG051196', 'lNONHSAG051245', 'lNONHSAG051250', 'lNONHSAG051255', 'lNONHSAG051259', 'lNONHSAG051260', 'lNONHSAG051263', 'lNONHSAG051291', 'lNONHSAG051448', 'lNONHSAG051454', 'lNONHSAG051484', 'lNONHSAG051514', 'lNONHSAG051517', 'lNONHSAG051523', 'lNONHSAG051542', 'lNONHSAG051567', 'lNONHSAG051568', 'lNONHSAG051603', 'lNONHSAG051770', 'lNONHSAG051898', 'lNONHSAG051958', 'lNONHSAG052082', 'lNONHSAG052097', 'lNONHSAG052119', 'lNONHSAG052149', 'lNONHSAG052151', 'lNONHSAG052179', 'lNONHSAG052454', 'lNONHSAG052459', 'lNONHSAG052491', 'lNONHSAG052492', 'lNONHSAG052495', 'lNONHSAG052510', 'lNONHSAG052609', 'lNONHSAG052680', 'lNONHSAG052686', 'lNONHSAG052709', 'lNONHSAG052726', 'lNONHSAG052853', 'lNONHSAG052908', 'lNONHSAG052925', 'lNONHSAG052929', 'lNONHSAG052931', 'lNONHSAG052933', 'lNONHSAG052943', 'lNONHSAG053007', 'lNONHSAG053014', 'lNONHSAG053028', 'lNONHSAG053033', 'lNONHSAG053082', 'lNONHSAG053108', 'lNONHSAG053228', 'lNONHSAG053419', 'lNONHSAG053456', 'lNONHSAG053500', 'lNONHSAG053502', 'lNONHSAG053546', 'lNONHSAG053547', 'lNONHSAG053590', 'lNONHSAG053602', 'lNONHSAG053626', 'lNONHSAG053631', 'lNONHSAG053651', 'lNONHSAG053716', 'lNONHSAG053719', 'lNONHSAG053796', 'lNONHSAG053802', 'lNONHSAG053842', 'lNONHSAG054024', 'lNONHSAG054038', 'lNONHSAG054212', 'lNONHSAG054213', 'lNONHSAG054214', 'lNONHSAG054215', 'lNONHSAG054216', 'lNONHSAG054301', 'lNONHSAG054699', 'lNONHSAG054716', 'lNONHSAG054717', 'lNONHSAG054718', 'lNONHSAG054780', 'lNONHSAG054791', 'lNONHSAG054807', 'lNONHSAG054832', 'lNONHSAG055008', 'lNONHSAG055088', 'lNONHSAG055092', 'lNONHSAG055151', 'lNONHSAG055258', 'lNONHSAG055350', 'lNONHSAG055418', 'lNONHSAG055450', 'lNONHSAG055546', 'lNONHSAG055558', 'lNONHSAG055565', 'lNONHSAG055577', 'lNONHSAG055582', 'lNONHSAG056025', 'lNONHSAG056029', 'lNONHSAG056053', 'lNONHSAG056451', 'lNONHSAG056733', 'lNONHSAG056746', 'lNONHSAG056868', 'lNONHSAG056875', 'lNONHSAG057043', 'lNONHSAG057222', 'lNONHSAG057260', 'lNONHSAG058109', 'lNONHSAG058112', 'lNONHSAG058128', 'lNONHSAG058533', 'lNONHSAG058967', 'lNONHSAG059768', 'lNONHSAG060586', 'lNONHSAG061096', 'lNONHSAG061404', 'lNONHSAG061492', 'lNONHSAG063700', 'lNONHSAG064784', 'lNONHSAG064962', 'lNONHSAG065252', 'lNONHSAG065364', 'lNONHSAG066253', 'lNONHSAG068639', 'lNONHSAG069030', 'lNONHSAG069277', 'lNONHSAG069876', 'lNONHSAG070257', 'lNONHSAG071444', 'lNONHSAG072176', 'lNONHSAG072945', 'lNONHSAG073025', 'lNONHSAG073380', 'lNONHSAG073406', 'lNONHSAG073419', 'lNONHSAG073786', 'lNONHSAG074052', 'lNONHSAG074661', 'lNONHSAG075363', 'lNONHSAG077475', 'lNONHSAG077527', 'lNONHSAG077551', 'lNONHSAG079231', 'lNONHSAG080772', 'lNONHSAG081227', 'lNONHSAG081583', 'lNONHSAG081993', 'lNONHSAG082891', 'lNONHSAG083209', 'lNONHSAG083289', 'lNONHSAG083615', 'lNONHSAG083859', 'lNONHSAG083883', 'lNONHSAG083894', 'lNONHSAG084701', 'lNONHSAG084937', 'lNONHSAG085975', 'lNONHSAG088562', 'lNONHSAG089857', 'lNONHSAG091116', 'lNONHSAG091284', 'lNONHSAG091452', 'lNONHSAG091943', 'lNONHSAG092907', 'lNONHSAG093064', 'lNONHSAG093078', 'lNONHSAG093517', 'lNONHSAG094075', 'lNONHSAG094269', 'lNONHSAG096130', 'lNONHSAG096227', 'lNONHSAG096627', 'lNONHSAG097344', 'lNONHSAG097347', 'lNONHSAG098653', 'lNONHSAG099082', 'lNONHSAG099120', 'lNONHSAG099126', 'lNONHSAG099742', 'lNONHSAG099774', 'lNONHSAG101229', 'lNONHSAG101725', 'lNONHSAG102979', 'lNONHSAG103259', 'lNONHSAG103457', 'lNONHSAG103817', 'lNONHSAG104186', 'lNONHSAG110420', 'lNONHSAG110858', 'lNONHSAG111667', 'lNONHSAG112396', 'lENSG00000103472', 'lENSG00000163364', 'lENSG00000171889', 'lENSG00000175061', 'lENSG00000177410', 'lENSG00000179406', 'lENSG00000179523', 'lENSG00000189295', 'lENSG00000198468', 'lENSG00000203497', 'lENSG00000205611', 'lENSG00000223783', 'lENSG00000224057', 'lENSG00000224614', 'lENSG00000225470', 'lENSG00000225506', 'lENSG00000225855', 'lENSG00000226115', 'lENSG00000226137', 'lENSG00000227082', 'lENSG00000227256', 'lENSG00000227963', 'lENSG00000228022', 'lENSG00000228526', 'lENSG00000229267', 'lENSG00000229335', 'lENSG00000229388', 'lENSG00000230061', 'lENSG00000230257', 'lENSG00000230313', 'lENSG00000230400', 'lENSG00000230866', 'lENSG00000231019', 'lENSG00000231437', 'lENSG00000231473', 'lENSG00000231663', 'lENSG00000232265', 'lENSG00000232415', 'lENSG00000232442', 'lENSG00000232500', 'lENSG00000233047', 'lENSG00000233387', 'lENSG00000233532', 'lENSG00000233590', 'lENSG00000234169', 'lENSG00000234222', 'lENSG00000234455', 'lENSG00000234546', 'lENSG00000234625', 'lENSG00000235385', 'lENSG00000235535', 'lENSG00000235724', 'lENSG00000236240', 'lENSG00000236535', 'lENSG00000236671', 'lENSG00000237167', 'lENSG00000237880', 'lENSG00000241388', 'lENSG00000242207', 'lENSG00000243479', 'lENSG00000244124', 'lENSG00000245067', 'lENSG00000245146', 'lENSG00000245614', 'lENSG00000246560', 'lENSG00000247373', 'lENSG00000247400', 'lENSG00000247498', 'lENSG00000249786', 'lENSG00000249835', 'lENSG00000249993', 'lENSG00000250635', 'lENSG00000251003', 'lENSG00000251061', 'lENSG00000253315', 'lENSG00000254418', 'lENSG00000254480', 'lENSG00000254635', 'lENSG00000254791', 'lENSG00000255363', 'lENSG00000255427', 'lENSG00000255553', 'lENSG00000255850', 'lENSG00000256742', 'lENSG00000256769', 'lENSG00000257084', 'lENSG00000257557', 'lENSG00000258197', 'lENSG00000258912', 'lENSG00000259289', 'lENSG00000259424', 'lENSG00000260455', 'lENSG00000260924', 'lENSG00000260969', 'lENSG00000261183', 'lENSG00000261780', 'lENSG00000263718', 'lENSG00000264672', 'lENSG00000265374', 'lENSG00000266970', 'lENSG00000267296', 'lENSG00000267395', 'lENSG00000267413', 'lENSG00000267440', 'lENSG00000267858', 'lENSG00000269019', 'lENSG00000269911', 'lENSG00000269939', 'lENSG00000270344', 'lENSG00000270959', 'lENSG00000272769', 'lENSG00000274372', 'lENSG00000278709', 'lENSG00000278970', 'lENSG00000279296', 'lENSG00000284070', 'lENSG00000285644', 'lENSG00000286004', 'lENSG00000286737', 'lENSG00000288080', 'lENSG00000224167', 'lENSG00000224739', 'lA1BG-AS1', 'lADAMTS9-AS2', 'lANKRD62P1-PARP4P3', 'lAQP4-AS1', 'lBANCR', 'lCCAT2', 'lCDKN2B-AS1', 'lCRNDE', 'lDGKK', 'lEGOT', 'lFEZF1-AS1', 'lGATA3-AS1', 'lGATA6-AS1', 'lGHET1', 'lHEIH', 'lHOTAIRM1', 'lHOXA-AS3', 'lJPX', 'lJRK', 'lKCTD21-AS1', 'lKTN1-AS1', 'lLAMTOR5-AS1', 'lLBX2-AS1', 'lLINC00173', 'lLINC00174', 'lLINC00240', 'lLINC00333', 'lLINC00472', 'lLPP-AS2', 'lMCM3AP-AS1', 'lMEG3', 'lMIR181A1HG', 'lMIR31HG', 'lMYLK-AS1', 'lPANDAR', 'lPCGEM1', 'lPVT1', 'lRHPN1-AS1', 'lRMST', 'lSNHG15', 'lSNHG16', 'lTEN1-CDK3', 'lTPTEP1', 'lTRAM2-AS1', 'lVCAN-AS1', 'lZFAS1', 'lZNF286B', 'lZNF503-AS2', 'lLINC00461', 'lLINC00514', 'lSLC2A1-AS1', 'lAC007009.1', 'lAC061992.2', 'lAC135048.13', 'lAC137723.5', 'lAC137932.5', 'lAP001058.3', 'lCTB-60B18.10', 'lCTB-91J4.1', 'lCTC-338M12.2', 'lCTD-2165H16.4', 'lCTD-2195B23.3', 'lCTD-2540L5.5', 'lKB-7G2.8', 'lLA16c-321D4.2', 'lLA16c-380H5.3', 'lLL22NC03-23C6.13', 'lRP1-283E3.8', 'lRP11-104E19.1', 'lRP11-108M9.3', 'lRP11-123O10.4', 'lRP11-137H2.4', 'lRP11-197N18.2', 'lRP11-21J18.1', 'lRP11-227H15.4', 'lRP11-24P14.1', 'lRP11-276H7.2', 'lRP11-2C24.4', 'lRP11-305P14.1', 'lRP11-467J12.4', 'lRP11-49K24.4', 'lRP11-514P8.8', 'lRP11-54O7.3', 'lRP11-550C4.6', 'lRP11-680A11.5', 'lRP4-756H11.3', 'lRP4-790G17.7', 'lRP5-1061H20.4', 'lRP5-1074L1.1', 'lRP5-1160K1.8', 'lXXbac-B444P24.8', 'lXXbac-BPG300A18.13', 'lAC018766.4', 'lCTD-2231H16.1', 'lHNRNPU-AS1', 'lRP11-429J17.8', 'lRP5-1063M23.1', 'lRP11-495P10.8', 'lCTA-250D10.23', 'lLINC00035', 'lRP11-408H20.2', 'lNONHSAG000157', 'lNONHSAG000265', 'lNONHSAG000297', 'lNONHSAG000298', 'lNONHSAG000623', 'lNONHSAG000636', 'lNONHSAG000677', 'lNONHSAG000896', 'lNONHSAG000969', 'lNONHSAG000994', 'lNONHSAG001008', 'lNONHSAG001030', 'lNONHSAG001033', 'lNONHSAG001147', 'lNONHSAG001171', 'lNONHSAG001240', 'lNONHSAG001258', 'lNONHSAG001419', 'lNONHSAG001435', 'lNONHSAG001613', 'lNONHSAG002403', 'lNONHSAG002487', 'lNONHSAG002619', 'lNONHSAG002726', 'lNONHSAG002790', 'lNONHSAG002816', 'lNONHSAG003227', 'lNONHSAG003308', 'lNONHSAG003418', 'lNONHSAG003459', 'lNONHSAG003810', 'lNONHSAG003881', 'lNONHSAG004227', 'lNONHSAG004351', 'lNONHSAG004475', 'lNONHSAG004507', 'lNONHSAG004638', 'lNONHSAG004893', 'lNONHSAG005249', 'lNONHSAG005363', 'lNONHSAG005473', 'lNONHSAG005522', 'lNONHSAG005652', 'lNONHSAG005679', 'lNONHSAG005690', 'lNONHSAG005717', 'lNONHSAG005725', 'lNONHSAG005727', 'lNONHSAG005739', 'lNONHSAG005746', 'lNONHSAG005747', 'lNONHSAG005761', 'lNONHSAG005769', 'lNONHSAG005789', 'lNONHSAG005797', 'lNONHSAG005809', 'lNONHSAG005821', 'lNONHSAG005830', 'lNONHSAG005842', 'lNONHSAG005847', 'lNONHSAG005851', 'lNONHSAG005853', 'lNONHSAG005855', 'lNONHSAG005856', 'lNONHSAG005857', 'lNONHSAG005859', 'lNONHSAG005862', 'lNONHSAG005867', 'lNONHSAG005870', 'lNONHSAG005885', 'lNONHSAG005901', 'lNONHSAG005915', 'lNONHSAG005935', 'lNONHSAG005936', 'lNONHSAG005939', 'lNONHSAG005985', 'lNONHSAG005986', 'lNONHSAG006012', 'lNONHSAG006022', 'lNONHSAG006078', 'lNONHSAG006086', 'lNONHSAG006091', 'lNONHSAG006103', 'lNONHSAG006160', 'lNONHSAG006166', 'lNONHSAG006183', 'lNONHSAG006186', 'lNONHSAG006187', 'lNONHSAG006188', 'lNONHSAG006206', 'lNONHSAG006220', 'lNONHSAG006221', 'lNONHSAG006235', 'lNONHSAG006240', 'lNONHSAG006274', 'lNONHSAG006279', 'lNONHSAG006290', 'lNONHSAG006293', 'lNONHSAG006324', 'lNONHSAG006376', 'lNONHSAG006377', 'lNONHSAG006382', 'lNONHSAG006388', 'lNONHSAG006395', 'lNONHSAG006399', 'lNONHSAG006405', 'lNONHSAG006407', 'lNONHSAG006412', 'lNONHSAG006415', 'lNONHSAG006434', 'lNONHSAG006440', 'lNONHSAG006450', 'lNONHSAG006479', 'lNONHSAG006487', 'lNONHSAG006493', 'lNONHSAG006507', 'lNONHSAG006527', 'lNONHSAG006536', 'lNONHSAG006551', 'lNONHSAG006554', 'lNONHSAG006555', 'lNONHSAG006557', 'lNONHSAG006573', 'lNONHSAG006581', 'lNONHSAG006586', 'lNONHSAG006591', 'lNONHSAG006602', 'lNONHSAG006646', 'lNONHSAG006653', 'lNONHSAG006669', 'lNONHSAG006716', 'lNONHSAG006748', 'lNONHSAG006750', 'lNONHSAG006765', 'lNONHSAG006779', 'lNONHSAG006808', 'lNONHSAG006830', 'lNONHSAG006832', 'lNONHSAG006837', 'lNONHSAG006855', 'lNONHSAG006863', 'lNONHSAG006883', 'lNONHSAG006897', 'lNONHSAG006909', 'lNONHSAG006915', 'lNONHSAG006922', 'lNONHSAG006967', 'lNONHSAG007000', 'lNONHSAG007008', 'lNONHSAG007020', 'lNONHSAG007023', 'lNONHSAG007029', 'lNONHSAG007031', 'lNONHSAG007035', 'lNONHSAG007063', 'lNONHSAG007065', 'lNONHSAG007087', 'lNONHSAG007093', 'lNONHSAG007118', 'lNONHSAG007123', 'lNONHSAG007129', 'lNONHSAG007139', 'lNONHSAG007155', 'lNONHSAG007166', 'lNONHSAG007172', 'lNONHSAG007203', 'lNONHSAG007222', 'lNONHSAG007224', 'lNONHSAG007225', 'lNONHSAG007242', 'lNONHSAG007259', 'lNONHSAG007268', 'lNONHSAG007278', 'lNONHSAG007286', 'lNONHSAG007298', 'lNONHSAG007414', 'lNONHSAG007419', 'lNONHSAG007458', 'lNONHSAG007488', 'lNONHSAG007507', 'lNONHSAG007531', 'lNONHSAG007533', 'lNONHSAG007543', 'lNONHSAG007544', 'lNONHSAG007554', 'lNONHSAG007563', 'lNONHSAG007574', 'lNONHSAG007578', 'lNONHSAG007587', 'lNONHSAG007599', 'lNONHSAG007621', 'lNONHSAG007632', 'lNONHSAG007638', 'lNONHSAG007730', 'lNONHSAG007932', 'lENSG00000083622', 'lENSG00000167920', 'lENSG00000175746', 'lENSG00000177596', 'lENSG00000178248', 'lENSG00000197644', 'lENSG00000198054', 'lENSG00000198671', 'lENSG00000203434', 'lENSG00000203469', 'lENSG00000203472', 'lENSG00000203565', 'lENSG00000203605', 'lENSG00000203864', 'lENSG00000204393', 'lENSG00000204464', 'lENSG00000205018', 'lENSG00000205500', 'lENSG00000212856', 'lENSG00000219410', 'lENSG00000221845', 'lENSG00000222000', 'lENSG00000222032', 'lENSG00000222044', 'lENSG00000223374', 'lENSG00000223381', 'lENSG00000223387', 'lENSG00000223400', 'lENSG00000223537', 'lENSG00000223563', 'lENSG00000223598', 'lENSG00000223634', 'lENSG00000223641', 'lENSG00000223643', 'lENSG00000223647', 'lENSG00000223720', 'lENSG00000223727', 'lENSG00000223786', 'lENSG00000223809', 'lENSG00000223870', 'lENSG00000223881', 'lENSG00000223966', 'lENSG00000223993', 'lENSG00000224031', 'lENSG00000224075', 'lENSG00000224087', 'lENSG00000224095', 'lENSG00000224220', 'lENSG00000224277', 'lENSG00000224330', 'lENSG00000224384', 'lENSG00000224500', 'lENSG00000224535', 'lENSG00000224541', 'lENSG00000224549', 'lENSG00000224595', 'lENSG00000224645', 'lENSG00000224655', 'lENSG00000224794', 'lENSG00000224821', 'lENSG00000224844', 'lENSG00000224857', 'lENSG00000224885', 'lENSG00000224922', 'lENSG00000224972', 'lENSG00000225012', 'lENSG00000225050', 'lENSG00000225129', 'lENSG00000225146', 'lENSG00000225218', 'lENSG00000225325', 'lENSG00000225334', 'lENSG00000225378', 'lENSG00000225457', 'lENSG00000225537', 'lENSG00000225588', 'lENSG00000225647', 'lENSG00000225750', 'lENSG00000225751', 'lENSG00000225761', 'lENSG00000225798', 'lENSG00000225886', 'lENSG00000225919', 'lENSG00000225929', 'lENSG00000226047', 'lENSG00000226089', 'lENSG00000226133', 'lENSG00000226143', 'lENSG00000226193', 'lENSG00000226238', 'lENSG00000226323', 'lENSG00000226337', 'lENSG00000226352', 'lENSG00000226398', 'lENSG00000226442', 'lENSG00000226454', 'lENSG00000226486', 'lENSG00000226508', 'lENSG00000226522', 'lENSG00000226542', 'lENSG00000226562', 'lENSG00000226576', 'lENSG00000226601', 'lENSG00000226647', 'lENSG00000226699', 'lENSG00000226770', 'lENSG00000226813', 'lENSG00000226883', 'lENSG00000226925', 'lENSG00000226957', 'lENSG00000227075', 'lENSG00000227076', 'lENSG00000227125', 'lENSG00000227131', 'lENSG00000227181', 'lENSG00000227197', 'lENSG00000227330', 'lENSG00000227360', 'lENSG00000227409', 'lENSG00000227459', 'lENSG00000227482', 'lENSG00000227496', 'lENSG00000227509', 'lENSG00000227512', 'lENSG00000227549', 'lENSG00000227579', 'lENSG00000227606', 'lENSG00000227680', 'lENSG00000227716', 'lENSG00000227718', 'lENSG00000227769', 'lENSG00000227863', 'lENSG00000227893', 'lENSG00000227930', 'lENSG00000227958', 'lENSG00000227960', 'lENSG00000228028', 'lENSG00000228082', 'lENSG00000228108', 'lENSG00000228136', 'lENSG00000228170', 'lENSG00000228215', 'lENSG00000228231', 'lENSG00000228272', 'lENSG00000228351', 'lENSG00000228372', 'lENSG00000228383', 'lENSG00000228470', 'lENSG00000228485', 'lENSG00000228548', 'lENSG00000228596', 'lENSG00000228627', 'lENSG00000228804', 'lENSG00000228826', 'lENSG00000228852', 'lENSG00000228939', 'lENSG00000228950', 'lENSG00000229152', 'lENSG00000229162', 'lENSG00000229167', 'lENSG00000229190', 'lENSG00000229224', 'lENSG00000229283', 'lENSG00000229297', 'lENSG00000229331', 'lENSG00000229345', 'lENSG00000229370', 'lENSG00000229379', 'lENSG00000229444', 'lENSG00000229457', 'lENSG00000229487', 'lENSG00000229498', 'lENSG00000229502', 'lENSG00000229528', 'lENSG00000229531', 'lENSG00000229673', 'lENSG00000229679', 'lENSG00000229688', 'lENSG00000229848', 'lENSG00000229851', 'lENSG00000229953', 'lENSG00000229999', 'lENSG00000230010', 'lENSG00000230065', 'lENSG00000230105', 'lENSG00000230109', 'lENSG00000230121', 'lENSG00000230131', 'lENSG00000230155', 'lENSG00000230190', 'lENSG00000230197', 'lENSG00000230212', 'lENSG00000230233', 'lENSG00000230234', 'lENSG00000230323', 'lENSG00000230483', 'lENSG00000230499', 'lENSG00000230599', 'lENSG00000230668', 'lENSG00000230735', 'lENSG00000230741', 'lENSG00000230790', 'lENSG00000230794', 'lENSG00000230826', 'lENSG00000230830', 'lENSG00000230912', 'lENSG00000230918', 'lENSG00000230972', 'lENSG00000231081', 'lENSG00000231082', 'lENSG00000231092', 'lENSG00000231102', 'lENSG00000231114', 'lENSG00000231143', 'lENSG00000231272', 'lENSG00000231407', 'lENSG00000231413', 'lENSG00000231440', 'lENSG00000231492', 'lENSG00000231539', 'lENSG00000231597', 'lENSG00000231678', 'lENSG00000231681', 'lENSG00000231724', 'lENSG00000231760', 'lENSG00000231772', 'lENSG00000231781', 'lENSG00000231912', 'lENSG00000231914', 'lENSG00000231937', 'lENSG00000231953', 'lENSG00000232031', 'lENSG00000232058', 'lENSG00000232072', 'lENSG00000232086', 'lENSG00000232120', 'lENSG00000232192', 'lENSG00000232197', 'lENSG00000232252', 'lENSG00000232286', 'lENSG00000232310', 'lENSG00000232328', 'lENSG00000232335', 'lENSG00000232363', 'lENSG00000232396', 'lENSG00000232451', 'lENSG00000232464', 'lENSG00000232564', 'lENSG00000232596', 'lENSG00000232719', 'lENSG00000232746', 'lENSG00000232806', 'lENSG00000232893', 'lENSG00000232895', 'lENSG00000232930', 'lENSG00000232964', 'lENSG00000233070', 'lENSG00000233079', 'lENSG00000233178', 'lENSG00000233179', 'lENSG00000233219', 'lENSG00000233222', 'lENSG00000233330', 'lENSG00000233339', 'lENSG00000233407', 'lENSG00000233472', 'lENSG00000233534', 'lENSG00000233574', 'lENSG00000233581', 'lENSG00000233613', 'lENSG00000233625', 'lENSG00000233656', 'lENSG00000233665', 'lENSG00000233706', 'lENSG00000233851', 'lENSG00000233891', 'lENSG00000233953', 'lENSG00000233960', 'lENSG00000233969', 'lENSG00000233985', 'lENSG00000234021', 'lENSG00000234055', 'lENSG00000234117', 'lENSG00000234149', 'lENSG00000234160', 'lENSG00000234172', 'lENSG00000234191', 'lENSG00000234318', 'lENSG00000234504', 'lENSG00000234567', 'lENSG00000234622', 'lENSG00000234626', 'lENSG00000234653', 'lENSG00000234690', 'lENSG00000234693', 'lENSG00000234714', 'lENSG00000234756', 'lENSG00000234860', 'lENSG00000234900', 'lENSG00000234953', 'lENSG00000234961', 'lENSG00000234979', 'lENSG00000235011', 'lENSG00000235035', 'lENSG00000235050', 'lENSG00000235059', 'lENSG00000235086', 'lENSG00000235122', 'lENSG00000235168', 'lENSG00000235262', 'lENSG00000235435', 'lENSG00000235494', 'lENSG00000235503', 'lENSG00000235533', 'lENSG00000235628', 'lENSG00000235635', 'lENSG00000235637', 'lENSG00000235669', 'lENSG00000235786', 'lENSG00000235813', 'lENSG00000236022', 'lENSG00000236031', 'lENSG00000236065', 'lENSG00000236109', 'lENSG00000236242', 'lENSG00000236267', 'lENSG00000236272', 'lENSG00000236324', 'lENSG00000236326', 'lENSG00000236358', 'lENSG00000236366', 'lENSG00000236414', 'lENSG00000236452', 'lENSG00000236463', 'lENSG00000236498', 'lENSG00000236559', 'lENSG00000236648', 'lENSG00000236662', 'lENSG00000236723', 'lENSG00000236744', 'lENSG00000236758', 'lENSG00000236800', 'lENSG00000236854', 'lENSG00000236921', 'lENSG00000236951', 'lENSG00000236953', 'lENSG00000236975', 'lENSG00000237015', 'lENSG00000237058', 'lENSG00000237073', 'lENSG00000237200', 'lENSG00000237293', 'lENSG00000237312', 'lENSG00000237331', 'lENSG00000237337', 'lENSG00000237373', 'lENSG00000237435', 'lENSG00000237463', 'lENSG00000237477', 'lENSG00000237481', 'lENSG00000237494', 'lENSG00000237520', 'lENSG00000237571', 'lENSG00000237576', 'lENSG00000237581', 'lENSG00000237670', 'lENSG00000237687', 'lENSG00000237734', 'lENSG00000237756', 'lENSG00000237768', 'lENSG00000237802', 'lENSG00000237919', 'lENSG00000237921', 'lENSG00000237937', 'lENSG00000238131', 'lENSG00000238140', 'lENSG00000238185', 'lENSG00000238282', 'lENSG00000238291', 'lENSG00000239314', 'lENSG00000239415', 'lENSG00000239482', 'lENSG00000239593', 'lENSG00000240354', 'lENSG00000240573', 'lENSG00000240868', 'lENSG00000241383', 'lENSG00000241397', 'lENSG00000241577', 'lENSG00000241593', 'lENSG00000241666', 'lENSG00000241985', 'lENSG00000242012', 'lENSG00000242072', 'lENSG00000242339', 'lENSG00000242391', 'lENSG00000242545', 'lENSG00000242568', 'lENSG00000242618', 'lENSG00000243149', 'lENSG00000243230', 'lENSG00000243273', 'lENSG00000243368', 'lENSG00000243797', 'lENSG00000243903', 'lENSG00000243961', 'lENSG00000244278', 'lENSG00000244327', 'lENSG00000244461', 'lENSG00000244701', 'lENSG00000245148', 'lENSG00000245385', 'lENSG00000246541', 'lENSG00000247867', 'lENSG00000247925', 'lENSG00000248125', 'lENSG00000248145', 'lENSG00000248148', 'lENSG00000248172', 'lENSG00000248245', 'lENSG00000248358', 'lENSG00000248373', 'lENSG00000248393', 'lENSG00000248397', 'lENSG00000248416', 'lENSG00000248457', 'lENSG00000248482', 'lENSG00000248490', 'lENSG00000248576', 'lENSG00000248599', 'lENSG00000248627', 'lENSG00000248758', 'lENSG00000248789', 'lENSG00000248802', 'lENSG00000248935', 'lENSG00000248969', 'lENSG00000248975', 'lENSG00000248984', 'lENSG00000248995', 'lENSG00000249066', 'lENSG00000249071', 'lENSG00000249099', 'lENSG00000249334', 'lENSG00000249409', 'lENSG00000249419', 'lENSG00000249426', 'lENSG00000249441', 'lENSG00000249451', 'lENSG00000249474', 'lENSG00000249547', 'lENSG00000249605', 'lENSG00000249613', 'lENSG00000249697', 'lENSG00000249706', 'lENSG00000249742', 'lENSG00000249753', 'lENSG00000249782', 'lENSG00000249806', 'lENSG00000249830', 'lENSG00000249865', 'lENSG00000249892', 'lENSG00000250062', 'lENSG00000250092', 'lENSG00000250186', 'lENSG00000250195', 'lENSG00000250242', 'lENSG00000250541', 'lENSG00000250626', 'lENSG00000250629', 'lENSG00000250665', 'lENSG00000250698', 'lENSG00000250761', 'lENSG00000250791', 'lENSG00000250820', 'lENSG00000250855', 'lENSG00000250865', 'lENSG00000250866', 'lENSG00000250877', 'lENSG00000250910', 'lENSG00000250917', 'lENSG00000250929', 'lENSG00000250945', 'lENSG00000250949', 'lENSG00000250993', 'lENSG00000251088', 'lENSG00000251185', 'lENSG00000251194', 'lENSG00000251256', 'lENSG00000251266', 'lENSG00000251281', 'lENSG00000251283', 'lENSG00000251414', 'lENSG00000251438', 'lENSG00000251688', 'lENSG00000253134', 'lENSG00000253142', 'lENSG00000253147', 'lENSG00000253167', 'lENSG00000253171', 'lENSG00000253189', 'lENSG00000253282', 'lENSG00000253356', 'lENSG00000253397', 'lENSG00000253449', 'lENSG00000253456', 'lENSG00000253503', 'lENSG00000253507', 'lENSG00000253526', 'lENSG00000253530', 'lENSG00000253539', 'lENSG00000253577', 'lENSG00000253616', 'lENSG00000253619', 'lENSG00000253627', 'lENSG00000253643', 'lENSG00000253645', 'lENSG00000253660', 'lENSG00000253665', 'lENSG00000253717', 'lENSG00000253722', 'lENSG00000253754', 'lENSG00000253782', 'lENSG00000253834', 'lENSG00000253851', 'lENSG00000253858', 'lENSG00000253865', 'lENSG00000253871', 'lENSG00000253875', 'lENSG00000253927', 'lENSG00000253947', 'lENSG00000253976', 'lENSG00000254011', 'lENSG00000254021', 'lENSG00000254026', 'lENSG00000254031', 'lENSG00000254035', 'lENSG00000254043', 'lENSG00000254084', 'lENSG00000254094', 'lENSG00000254123', 'lENSG00000254141', 'lENSG00000254171', 'lENSG00000254177', 'lENSG00000254207', 'lENSG00000254239', 'lENSG00000254242', 'lENSG00000254263', 'lENSG00000254314', 'lENSG00000254325', 'lENSG00000254330', 'lENSG00000254347', 'lENSG00000254350', 'lENSG00000254380', 'lENSG00000254428', 'lENSG00000254429', 'lENSG00000254456', 'lENSG00000254516', 'lENSG00000254526', 'lENSG00000254559', 'lENSG00000254563', 'lENSG00000254574', 'lENSG00000254592', 'lENSG00000254604', 'lENSG00000254620', 'lENSG00000254626', 'lENSG00000254627', 'lENSG00000254689', 'lENSG00000254739', 'lENSG00000254775', 'lENSG00000254787', 'lENSG00000254829', 'lENSG00000254842', 'lENSG00000254847', 'lENSG00000254864', 'lENSG00000254879', 'lENSG00000254913', 'lENSG00000254921', 'lENSG00000254928', 'lENSG00000254930', 'lENSG00000254972', 'lENSG00000254983', 'lENSG00000254990', 'lENSG00000255027', 'lENSG00000255039', 'lENSG00000255041', 'lENSG00000255084', 'lENSG00000255114', 'lENSG00000255121', 'lENSG00000255167', 'lENSG00000255227', 'lENSG00000255241', 'lENSG00000255247', 'lENSG00000255252', 'lENSG00000255271', 'lENSG00000255300', 'lENSG00000255327', 'lENSG00000255343', 'lENSG00000255357', 'lENSG00000255366', 'lENSG00000255375', 'lENSG00000255388', 'lENSG00000255390', 'lENSG00000255443', 'lENSG00000255462', 'lENSG00000255478', 'lENSG00000255482', 'lENSG00000255487', 'lENSG00000255496', 'lENSG00000255498', 'lENSG00000255506', 'lENSG00000255523', 'lENSG00000255555', 'lENSG00000255565', 'lENSG00000255572', 'lENSG00000255580', 'lENSG00000255808', 'lENSG00000255839', 'lENSG00000255893', 'lENSG00000255949', 'lENSG00000256007', 'lENSG00000256071', 'lENSG00000256083', 'lENSG00000256209', 'lENSG00000256226', 'lENSG00000256234', 'lENSG00000256292', 'lENSG00000256314', 'lENSG00000256364', 'lENSG00000256448', 'lENSG00000256452', 'lENSG00000256482', 'lENSG00000256484', 'lENSG00000256568', 'lENSG00000256582', 'lENSG00000256733', 'lENSG00000256897', 'lENSG00000256972', 'lENSG00000257004', 'lENSG00000257022', 'lENSG00000257096', 'lENSG00000257105', 'lENSG00000257137', 'lENSG00000257165', 'lENSG00000257235', 'lENSG00000257261', 'lENSG00000257264', 'lENSG00000257265', 'lENSG00000257271', 'lENSG00000257275', 'lENSG00000257342', 'lENSG00000257381', 'lENSG00000257470', 'lENSG00000257488', 'lENSG00000257500', 'lENSG00000257514', 'lENSG00000257527', 'lENSG00000257541', 'lENSG00000257587', 'lENSG00000257634', 'lENSG00000257682', 'lENSG00000257732', 'lENSG00000257750', 'lENSG00000257764', 'lENSG00000257787', 'lENSG00000257904', 'lENSG00000257925', 'lENSG00000257997', 'lENSG00000258044', 'lENSG00000258084', 'lENSG00000258108', 'lENSG00000258167', 'lENSG00000258185', 'lENSG00000258210', 'lENSG00000258220', 'lENSG00000258234', 'lENSG00000258272', 'lENSG00000258308', 'lENSG00000258312', 'lENSG00000258313', 'lENSG00000258323', 'lENSG00000258331', 'lENSG00000258378', 'lENSG00000258379', 'lENSG00000258390', 'lENSG00000258394', 'lENSG00000258425', 'lENSG00000258451', 'lENSG00000258460', 'lENSG00000258515', 'lENSG00000258516', 'lENSG00000258520', 'lENSG00000258610', 'lENSG00000258657', 'lENSG00000258670', 'lENSG00000258690', 'lENSG00000258695', 'lENSG00000258698', 'lENSG00000258742', 'lENSG00000258745', 'lENSG00000258784', 'lENSG00000258800', 'lENSG00000258824', 'lENSG00000258829', 'lENSG00000258850', 'lENSG00000258869', 'lENSG00000258892', 'lENSG00000258904', 'lENSG00000258908', 'lENSG00000258944', 'lENSG00000258958', 'lENSG00000259007', 'lENSG00000259026', 'lENSG00000259187', 'lENSG00000259188', 'lENSG00000259202', 'lENSG00000259223', 'lENSG00000259256', 'lENSG00000259265', 'lENSG00000259268', 'lENSG00000259290', 'lENSG00000259294', 'lENSG00000259342', 'lENSG00000259351', 'lENSG00000259352', 'lENSG00000259360', 'lENSG00000259385', 'lENSG00000259432', 'lENSG00000259503', 'lENSG00000259532', 'lENSG00000259544', 'lENSG00000259595', 'lENSG00000259631', 'lENSG00000259636', 'lENSG00000259649', 'lENSG00000259659', 'lENSG00000259678', 'lENSG00000259757', 'lENSG00000259759', 'lENSG00000259767', 'lENSG00000259798', 'lENSG00000259805', 'lENSG00000259945', 'lENSG00000259955', 'lENSG00000259967', 'lENSG00000260003', 'lENSG00000260017', 'lENSG00000260022', 'lENSG00000260058', 'lENSG00000260158', 'lENSG00000260186', 'lENSG00000260190', 'lENSG00000260237', 'lENSG00000260246', 'lENSG00000260304', 'lENSG00000260454', 'lENSG00000260476', 'lENSG00000260586', 'lENSG00000260605', 'lENSG00000260626', 'lENSG00000260659', 'lENSG00000260720', 'lENSG00000260741', 'lENSG00000260773', 'lENSG00000260798', 'lENSG00000260814', 'lENSG00000260884', 'lENSG00000260911', 'lENSG00000260934', 'lENSG00000260970', 'lENSG00000260986', 'lENSG00000260999', 'lENSG00000261014', 'lENSG00000261036', 'lENSG00000261065', 'lENSG00000261066', 'lENSG00000261070', 'lENSG00000261243', 'lENSG00000261248', 'lENSG00000261261', 'lENSG00000261266', 'lENSG00000261307', 'lENSG00000261332', 'lENSG00000261379', 'lENSG00000261432', 'lENSG00000261475', 'lENSG00000261507', 'lENSG00000261523', 'lENSG00000261552', 'lENSG00000261569', 'lENSG00000261633', 'lENSG00000261663', 'lENSG00000261671', 'lENSG00000261695', 'lENSG00000261697', 'lENSG00000261723', 'lENSG00000261729', 'lENSG00000261731', 'lENSG00000261761', 'lENSG00000261838', 'lENSG00000262151', 'lENSG00000262298', 'lENSG00000262434', 'lENSG00000262533', 'lENSG00000262692', 'lENSG00000262777', 'lENSG00000262810', 'lENSG00000262815', 'lENSG00000263080', 'lENSG00000263237', 'lENSG00000263257', 'lENSG00000263300', 'lENSG00000263321', 'lENSG00000263335', 'lENSG00000263417', 'lENSG00000263466', 'lENSG00000263585', 'lENSG00000263594', 'lENSG00000263618', 'lENSG00000263684', 'lENSG00000263709', 'lENSG00000263765', 'lENSG00000263797', 'lENSG00000263847', 'lENSG00000263873', 'lENSG00000263982', 'lENSG00000263986', 'lENSG00000264016', 'lENSG00000264023', 'lENSG00000264066', 'lENSG00000264116', 'lENSG00000264151', 'lENSG00000264254', 'lENSG00000264269', 'lENSG00000264486', 'lENSG00000264513', 'lENSG00000264520', 'lENSG00000264546', 'lENSG00000264558', 'lENSG00000264577', 'lENSG00000264595', 'lENSG00000264622', 'lENSG00000264734', 'lENSG00000264825', 'lENSG00000264924', 'lENSG00000265125', 'lENSG00000265205', 'lENSG00000265265', 'lENSG00000265334', 'lENSG00000265400', 'lENSG00000265443', 'lENSG00000265474', 'lENSG00000265625', 'lENSG00000265643', 'lENSG00000265728', 'lENSG00000265739', 'lENSG00000265743', 'lENSG00000265791', 'lENSG00000265800', 'lENSG00000265840', 'lENSG00000265844', 'lENSG00000265845', 'lENSG00000265980', 'lENSG00000265987', 'lENSG00000266102', 'lENSG00000266153', 'lENSG00000266311', 'lENSG00000266341', 'lENSG00000266368', 'lENSG00000266397', 'lENSG00000266535', 'lENSG00000266538', 'lENSG00000266541', 'lENSG00000266651', 'lENSG00000266696', 'lENSG00000266801', 'lENSG00000266844', 'lENSG00000266877', 'lENSG00000266936', 'lENSG00000266981', 'lENSG00000266985', 'lENSG00000266993', 'lENSG00000267000', 'lENSG00000267028', 'lENSG00000267057', 'lENSG00000267063', 'lENSG00000267177', 'lENSG00000267225', 'lENSG00000267234', 'lENSG00000267255', 'lENSG00000267263', 'lENSG00000267274', 'lENSG00000267286', 'lENSG00000267320', 'lENSG00000267341', 'lENSG00000267354', 'lENSG00000267364', 'lENSG00000267378', 'lENSG00000267387', 'lENSG00000267436', 'lENSG00000267437', 'lENSG00000267510', 'lENSG00000267543', 'lENSG00000267583', 'lENSG00000267593', 'lENSG00000267615', 'lENSG00000267617', 'lENSG00000267638', 'lENSG00000267665', 'lENSG00000267711', 'lENSG00000267791', 'lENSG00000267838', 'lENSG00000267922', 'lENSG00000267980', 'lENSG00000268015', 'lENSG00000268049', 'lENSG00000268051', 'lENSG00000268069', 'lENSG00000268078', 'lENSG00000268191', 'lENSG00000268203', 'lENSG00000268240', 'lENSG00000268289', 'lENSG00000268292', 'lENSG00000268296', 'lENSG00000268520', 'lENSG00000268605', 'lENSG00000268734', 'lENSG00000268743', 'lENSG00000268798', 'lENSG00000268906', 'lENSG00000268912', 'lENSG00000269044', 'lENSG00000269085', 'lENSG00000269145', 'lENSG00000269191', 'lENSG00000269292', 'lENSG00000269321', 'lENSG00000269350', 'lENSG00000269495', 'lENSG00000269504', 'lENSG00000269578', 'lENSG00000269621', 'lENSG00000269656', 'lENSG00000269729', 'lENSG00000269802', 'lENSG00000269826', 'lENSG00000269843', 'lENSG00000269867', 'lENSG00000269950', 'lENSG00000269987', 'lENSG00000270082', 'lENSG00000270094', 'lENSG00000270108', 'lENSG00000270380', 'lENSG00000270726', 'lENSG00000270871', 'lENSG00000270996', 'lENSG00000271032', 'lENSG00000271218', 'lENSG00000271314', 'lENSG00000271717', 'lENSG00000271763', 'lENSG00000271901', 'lENSG00000271936', 'lENSG00000271945', 'lENSG00000271983', 'lENSG00000272027', 'lENSG00000272149', 'lENSG00000272159', 'lENSG00000272338', 'lENSG00000272510', 'lENSG00000272540', 'lENSG00000272575', 'lENSG00000272642', 'lENSG00000272742', 'lENSG00000272814', 'lENSG00000272866', 'lENSG00000272995', 'lENSG00000273035', 'lENSG00000273110', 'lENSG00000273198', 'lENSG00000273226', 'lENSG00000273271', 'lENSG00000273275', 'lENSG00000273360', 'lENSG00000273449', 'lENSG00000273461', 'lENSG00000273485', 'lENSG00000273493', 'lENSG00000273550', 'lENSG00000273568', 'lENSG00000273838', 'lENSG00000273919', 'lENSG00000274177', 'lENSG00000274227', 'lENSG00000274561', 'lENSG00000274624', 'lENSG00000274737', 'lENSG00000274863', 'lENSG00000274893', 'lENSG00000275345', 'lENSG00000275356', 'lENSG00000275401', 'lENSG00000275484', 'lENSG00000275576', 'lENSG00000275638', 'lENSG00000275871', 'lENSG00000275963', 'lENSG00000276054', 'lENSG00000276107', 'lENSG00000276266', 'lENSG00000276488', 'lENSG00000276527', 'lENSG00000276533', 'lENSG00000276668', 'lENSG00000276997', 'lENSG00000277173', 'lENSG00000277332', 'lENSG00000277675', 'lENSG00000278000', 'lENSG00000278202', 'lENSG00000278351', 'lENSG00000278630', 'lENSG00000278944', 'lENSG00000279088', 'lENSG00000279240', 'lENSG00000279501', 'lENSG00000279623', 'lENSG00000279687', 'lENSG00000279751', 'lENSG00000279920', 'lENSG00000280206', 'lENSG00000280224', 'lENSG00000280580', 'lENSG00000280703', 'lENSG00000280870', 'lENSG00000280881', 'lENSG00000281021', 'lENSG00000281831', 'lENSG00000282478', 'lENSG00000282828', 'lENSG00000282950', 'lENSG00000283083', 'lENSG00000283286', 'lENSG00000283375', 'lENSG00000283436', 'lENSG00000283573', 'lENSG00000283631', 'lENSG00000283766', 'lENSG00000283973', 'lENSG00000284418', 'lENSG00000284500', 'lENSG00000284513', 'lENSG00000284608', 'lENSG00000284846', 'lENSG00000284994', 'lENSG00000285012', 'lENSG00000285040', 'lENSG00000285117', 'lENSG00000285325', 'lENSG00000285354', 'lENSG00000285409', 'lENSG00000285473', 'lENSG00000285518', 'lENSG00000285524', 'lENSG00000285550', 'lENSG00000285551', 'lENSG00000285619', 'lENSG00000285654', 'lENSG00000285709', 'lENSG00000285780', 'lENSG00000285857', 'lENSG00000285861', 'lENSG00000285889', 'lENSG00000285954', 'lENSG00000285998', 'lENSG00000286002', 'lENSG00000286010', 'lENSG00000286018', 'lENSG00000286020', 'lENSG00000286050', 'lENSG00000286076', 'lENSG00000286093', 'lENSG00000286101', 'lENSG00000286168', 'lENSG00000286188', 'lENSG00000286194', 'lENSG00000286197', 'lENSG00000286206', 'lENSG00000286242', 'lENSG00000286244', 'lENSG00000286276', 'lENSG00000286303', 'lENSG00000286331', 'lENSG00000286333', 'lENSG00000286338', 'lENSG00000286357', 'lENSG00000286419', 'lENSG00000286430', 'lENSG00000286436', 'lENSG00000286441', 'lENSG00000286453', 'lENSG00000286461', 'lENSG00000286515', 'lENSG00000286565', 'lENSG00000286578', 'lENSG00000286581', 'lENSG00000286584', 'lENSG00000286588', 'lENSG00000286598', 'lENSG00000286617', 'lENSG00000286639', 'lENSG00000286645', 'lENSG00000286670', 'lENSG00000286689', 'lENSG00000286690', 'lENSG00000286698', 'lENSG00000286716', 'lENSG00000286735', 'lENSG00000286738', 'lENSG00000286740', 'lENSG00000286751', 'lENSG00000286759', 'lENSG00000286770', 'lENSG00000286776', 'lENSG00000286781', 'lENSG00000286795', 'lENSG00000286803', 'lENSG00000286820', 'lENSG00000286822', 'lENSG00000286838', 'lENSG00000286843', 'lENSG00000286850', 'lENSG00000286887', 'lENSG00000286908', 'lENSG00000286963', 'lENSG00000287005', 'lENSG00000287020', 'lENSG00000287028', 'lENSG00000287030', 'lENSG00000287066', 'lENSG00000287094', 'lENSG00000287107', 'lENSG00000287108', 'lENSG00000287128', 'lENSG00000287159', 'lENSG00000287191', 'lENSG00000287198', 'lENSG00000287202', 'lENSG00000287213', 'lENSG00000287236', 'lENSG00000287270', 'lENSG00000287285', 'lENSG00000287321', 'lENSG00000287335', 'lENSG00000287359', 'lENSG00000287366', 'lENSG00000287367', 'lENSG00000287381', 'lENSG00000287423', 'lENSG00000287441', 'lENSG00000287451', 'lENSG00000287456', 'lENSG00000287462', 'lENSG00000287501', 'lENSG00000287511', 'lENSG00000287517', 'lENSG00000287518', 'lENSG00000287545', 'lENSG00000287550', 'lENSG00000287551', 'lENSG00000287556', 'lENSG00000287587', 'lENSG00000287618', 'lENSG00000287660', 'lENSG00000287664', 'lENSG00000287684', 'lENSG00000287687', 'lENSG00000287691', 'lENSG00000211683', 'lENSG00000223379', 'lENSG00000223795', 'lENSG00000225393', 'lENSG00000225836', 'lENSG00000228255', 'lENSG00000228538', 'lENSG00000229454', 'lENSG00000229458', 'lENSG00000229628', 'lENSG00000229964', 'lENSG00000230600', 'lENSG00000230649', 'lENSG00000231212', 'lENSG00000231616', 'lENSG00000232056', 'lENSG00000232636', 'lENSG00000233200', 'lENSG00000233987', 'lENSG00000234083', 'lENSG00000234810', 'lENSG00000234998', 'lENSG00000235795', 'lENSG00000236453', 'lENSG00000239801', 'lENSG00000241792', 'lENSG00000242375', 'lENSG00000244620', 'lENSG00000247810', 'lENSG00000248991', 'lENSG00000249159', 'lENSG00000250481', 'lENSG00000250567', 'lENSG00000250670', 'lENSG00000250686', 'lENSG00000250777', 'lENSG00000250948', 'lENSG00000251506', 'lENSG00000251654', 'lENSG00000253766', 'lENSG00000254306', 'lENSG00000254927', 'lENSG00000255279', 'lENSG00000255325', 'lENSG00000255644', 'lENSG00000256686', 'lENSG00000257603', 'lENSG00000257962', 'lENSG00000258196', 'lENSG00000258386', 'lENSG00000258949', 'lENSG00000259123', 'lENSG00000259209', 'lENSG00000259222', 'lENSG00000259244', 'lENSG00000259255', 'lENSG00000259274', 'lENSG00000259306', 'lENSG00000259407', 'lENSG00000260511', 'lENSG00000260983', 'lENSG00000261193', 'lENSG00000261445', 'lENSG00000261470', 'lENSG00000261775', 'lENSG00000264660', 'lENSG00000265174', 'lENSG00000266893', 'lENSG00000267081', 'lENSG00000267521', 'lENSG00000269391', 'lENSG00000269460', 'lENSG00000272304', 'lENSG00000272369', 'lENSG00000273138', 'lENSG00000273403', 'lENSG00000273486', 'lENSG00000274902', 'lENSG00000275232', 'lENSG00000278514', 'lENSG00000279672', 'lENSG00000282887', 'lENSG00000286164', 'lENSG00000226032', 'lENSG00000235736', 'lENSG00000263316', 'lENSG00000258631', 'lENSG00000260141', 'lENSG00000279472', 'lENSG00000271870', 'lENSG00000272934', 'lENSG00000265556', 'lENSG00000271840', 'lENSG00000253701', 'lENSG00000281408', 'lALG13-AS1', 'lDGUOK-AS1', 'lDSCR8', 'lMIR145', 'lMIR24-2', 'lMIR3179-2', 'lMIR3654', 'lACA64', 'lCDKN2B-AS', 'lC3orf65']","[1.0, 0.0, 0.0, 1.0, 1.0, 0.0, 1.0, 0.0, 1.0, 1.0, 1.0, 1.0, 0.0, 1.0, 0.0, 1.0, 0.0, 0.0, 1.0, 1.0, 0.0, 0.0, 1.0, 1.0, 0.0, 1.0, 1.0, 0.0, 0.0, 0.0, 1.0, 1.0, 0.0, 0.0, 0.0, 1.0, 1.0, 1.0, 0.0, 1.0, 1.0, 1.0, 0.0, 1.0, 0.0, 1.0, 0.0, 0.0, 1.0, 1.0, 1.0, 1.0, 0.0, 0.0, 1.0, 1.0, 1.0, 1.0, 1.0, 0.0, 0.0, 1.0, 1.0, 1.0, 0.0, 1.0, 1.0, 0.0, 0.0, 1.0, 0.0, 1.0, 1.0, 1.0, 0.0, 1.0, 1.0, 0.0, 0.0, 0.0, 0.0, 0.0, 0.0, 0.0, 1.0, 0.0, 1.0, 0.0, 0.0, 0.0, 1.0, 1.0, 0.0, 1.0, 0.0, 1.0, 0.0, 1.0, 1.0, 0.0, 0.0, 0.0, 1.0, 1.0, 0.0, 1.0, 1.0, 0.0, 0.0, 1.0, 1.0, 0.0, 1.0, 0.0, 0.0, 1.0, 0.0, 0.0, 0.0, 0.0, 0.0, 0.0, 1.0, 0.0, 0.0, 0.0, 1.0, 1.0, 1.0, 1.0, 1.0, 0.0, 0.0, 0.0, 1.0, 1.0, 0.0, 0.0, 0.0, 1.0, 1.0, 1.0, 1.0, 0.0, 1.0, 0.0, 1.0, 0.0, 0.0, 1.0, 1.0, 1.0, 0.0, 0.0, 0.0, 1.0, 1.0, 0.0, 0.0, 1.0, 0.0, 0.0, 0.0, 0.0, 0.0, 0.0, 0.0, 1.0, 0.0, 0.0, 0.0, 1.0, 1.0, 1.0, 0.0, 0.0, 1.0, 1.0, 1.0, 1.0, 1.0, 0.0, 0.0, 0.0, 0.0, 1.0, 0.0, 0.0, 1.0, 1.0, 1.0, 1.0, 1.0, 0.0, 0.0, 1.0, 0.0, 1.0, 1.0, 0.0, 1.0, 1.0, 0.0, 1.0, 0.0, 0.0, 1.0, 1.0, 1.0, 0.0, 1.0, 0.0, 0.0, 0.0, 1.0, 0.0, 1.0, 1.0, 0.0, 0.0, 0.0, 1.0, 0.0, 0.0, 1.0, 0.0, 0.0, 1.0, 1.0, 1.0, 1.0, 0.0, 0.0, 1.0, 0.0, 1.0, 0.0, 0.0, 1.0, 0.0, 0.0, 1.0, 1.0, 0.0, 1.0, 0.0, 1.0, 0.0, 1.0, 1.0, 0.0, 0.0, 1.0, 0.0, 1.0, 1.0, 0.0, 1.0, 0.0, 1.0, 1.0, 1.0, 0.0, 1.0, 1.0, 0.0, 1.0, 0.0, 1.0, 1.0, 0.0, 1.0, 1.0, 1.0, 0.0, 1.0, 0.0, 0.0, 1.0, 0.0, 0.0, 0.0, 1.0, 1.0, 1.0, 0.0, 1.0, 0.0, 1.0, 1.0, 1.0, 1.0, 1.0, 0.0, 0.0, 0.0, 0.0, 0.0, 1.0, 1.0, 1.0, 1.0, 0.0, 1.0, 1.0, 0.0, 1.0, 0.0, 0.0, 1.0, 0.0, 1.0, 0.0, 1.0, 1.0, 1.0, 0.0, 0.0, 1.0, 1.0, 1.0, 1.0, 0.0, 1.0, 1.0, 1.0, 1.0, 0.0, 0.0, 0.0, 0.0, 1.0, 0.0, 1.0, 1.0, 0.0, 1.0, 1.0, 1.0, 0.0, 1.0, 0.0, 0.0, 0.0, 0.0, 1.0, 0.0, 1.0, 1.0, 0.0, 0.0, 0.0, 1.0, 0.0, 1.0, 0.0, 1.0, 0.0, 0.0, 1.0, 0.0, 0.0, 1.0, 1.0, 0.0, 0.0, 0.0, 0.0, 0.0, 0.0, 1.0, 0.0, 0.0, 1.0, 1.0, 0.0, 1.0, 1.0, 1.0, 0.0, 0.0, 0.0, 0.0, 1.0, 1.0, 0.0, 1.0, 0.0, 0.0, 1.0, 1.0, 0.0, 1.0, 1.0, 0.0, 1.0, 1.0, 1.0, 0.0, 0.0, 0.0, 1.0, 1.0, 1.0, 0.0, 0.0, 1.0, 1.0, 0.0, 1.0, 0.0, 0.0, 0.0, 0.0, 1.0, 0.0, 0.0, 1.0, 1.0, 0.0, 1.0, 1.0, 1.0, 1.0, 1.0, 1.0, 1.0, 1.0, 1.0, 1.0, 0.0, 0.0, 1.0, 1.0, 0.0, 0.0, 1.0, 1.0, 1.0, 0.0, 1.0, 1.0, 0.0, 1.0, 0.0, 1.0, 1.0, 1.0, 0.0, 0.0, 0.0, 0.0, 1.0, 1.0, 1.0, 1.0, 1.0, 1.0, 0.0, 1.0, 1.0, 0.0, 1.0, 0.0, 1.0, 0.0, 1.0, 1.0, 1.0, 1.0, 1.0, 1.0, 1.0, 0.0, 0.0, 0.0, 0.0, 1.0, 1.0, 1.0, 1.0, 1.0, 1.0, 1.0, 0.0, 0.0, 0.0, 1.0, 1.0, 1.0, 0.0, 0.0, 1.0, 0.0, 1.0, 0.0, 1.0, 0.0, 1.0, 0.0, 1.0, 0.0, 0.0, 1.0, 0.0, 1.0, 1.0, 1.0, 0.0, 1.0, 0.0, 1.0, 1.0, 1.0, 0.0, 0.0, 1.0, 0.0, 0.0, 0.0, 0.0, 0.0, 1.0, 0.0, 0.0, 0.0, 0.0, 1.0, 0.0, 1.0, 0.0, 1.0, 1.0, 0.0, 0.0, 1.0, 1.0, 1.0, 0.0, 1.0, 1.0, 1.0, 0.0, 1.0, 1.0, 0.0, 1.0, 0.0, 1.0, 0.0, 0.0, 1.0, 0.0, 0.0, 0.0, 1.0, 0.0, 1.0, 1.0, 0.0, 1.0, 0.0, 0.0, 1.0, 1.0, 1.0, 1.0, 1.0, 1.0, 1.0, 0.0, 1.0, 1.0, 0.0, 1.0, 0.0, 1.0, 1.0, 0.0, 1.0, 1.0, 1.0, 1.0, 0.0, 0.0, 1.0, 0.0, 1.0, 0.0, 1.0, 1.0, 1.0, 0.0, 1.0, 1.0, 0.0, 0.0, 1.0, 0.0, 0.0, 1.0, 1.0, 1.0, 0.0, 1.0, 1.0, 0.0, 1.0, 1.0, 0.0, 0.0, 0.0, 1.0, 1.0, 1.0, 1.0, 0.0, 0.0, 1.0, 0.0, 0.0, 0.0, 0.0, 1.0, 1.0, 1.0, 0.0, 0.0, 0.0, 0.0, 1.0, 1.0, 0.0, 0.0, 0.0, 1.0, 0.0, 0.0, 1.0, 0.0, 0.0, 0.0, 0.0, 1.0, 1.0, 1.0, 1.0, 0.0, 0.0, 0.0, 0.0, 0.0, 0.0, 0.0, 1.0, 0.0, 0.0, 0.0, 1.0, 1.0, 0.0, 0.0, 0.0, 0.0, 0.0, 0.0, 1.0, 0.0, 0.0, 1.0, 1.0, 1.0, 0.0, 0.0, 1.0, 0.0, 0.0, 1.0, 1.0, 1.0, 0.0, 0.0, 1.0, 0.0, 1.0, 0.0, 1.0, 0.0, 0.0, 0.0, 1.0, 1.0, 0.0, 0.0, 0.0, 0.0, 0.0, 0.0, 1.0, 1.0, 0.0, 1.0, 0.0, 1.0, 0.0, 0.0, 1.0, 0.0, 0.0, 1.0, 1.0, 1.0, 1.0, 1.0, 0.0, 0.0, 0.0, 1.0, 0.0, 0.0, 0.0, 1.0, 1.0, 0.0, 0.0, 1.0, 0.0, 0.0, 0.0, 0.0, 1.0, 0.0, 0.0, 1.0, 1.0, 1.0, 1.0, 0.0, 1.0, 0.0, 1.0, 1.0, 0.0, 0.0, 0.0, 1.0, 1.0, 0.0, 0.0, 1.0, 0.0, 0.0, 0.0, 0.0, 1.0, 1.0, 1.0, 0.0, 0.0, 0.0, 1.0, 1.0, 0.0, 0.0, 1.0, 0.0, 1.0, 1.0, 1.0, 1.0, 0.0, 0.0, 0.0, 1.0, 0.0, 0.0, 1.0, 0.0, 0.0, 0.0, 0.0, 1.0, 0.0, 0.0, 1.0, 1.0, 1.0, 0.0, 1.0, 1.0, 1.0, 0.0, 1.0, 0.0, 1.0, 1.0, 0.0, 1.0, 1.0, 0.0, 1.0, 1.0, 0.0, 1.0, 1.0, 0.0, 1.0, 1.0, 0.0, 0.0, 1.0, 0.0, 0.0, 0.0, 0.0, 1.0, 0.0, 0.0, 0.0, 0.0, 0.0, 1.0, 1.0, 1.0, 1.0, 0.0, 0.0, 0.0, 1.0, 1.0, 1.0, 0.0, 0.0, 1.0, 0.0, 0.0, 1.0, 0.0, 0.0, 1.0, 1.0, 1.0, 1.0, 0.0, 0.0, 0.0, 0.0, 0.0, 0.0, 1.0, 0.0, 0.0, 1.0, 1.0, 1.0, 0.0, 1.0, 0.0, 1.0, 0.0, 1.0, 0.0, 1.0, 0.0, 1.0, 0.0, 1.0, 1.0, 0.0, 0.0, 1.0, 0.0, 0.0, 1.0, 1.0, 0.0, 0.0, 1.0, 1.0, 1.0, 0.0, 0.0, 1.0, 1.0, 1.0, 1.0, 0.0, 0.0, 0.0, 1.0, 1.0, 1.0, 1.0, 1.0, 1.0, 1.0, 0.0, 1.0, 0.0, 1.0, 1.0, 1.0, 0.0, 1.0, 0.0, 0.0, 0.0, 0.0, 1.0, 0.0, 1.0, 1.0, 1.0, 0.0, 1.0, 1.0, 1.0, 0.0, 0.0, 1.0, 1.0, 0.0, 0.0, 0.0, 1.0, 1.0, 1.0, 1.0, 0.0, 1.0, 1.0, 0.0, 0.0, 1.0, 1.0, 1.0, 1.0, 1.0, 0.0, 1.0, 1.0, 1.0, 0.0, 0.0, 0.0, 0.0, 1.0, 1.0, 1.0, 0.0, 1.0, 1.0, 0.0, 0.0, 1.0, 0.0, 0.0, 0.0, 0.0, 1.0, 1.0, 1.0, 0.0, 1.0, 0.0, 1.0, 0.0, 1.0, 0.0, 1.0, 1.0, 1.0, 1.0, 0.0, 1.0, 0.0, 0.0, 1.0, 1.0, 0.0, 0.0, 1.0, 0.0, 1.0, 0.0, 0.0, 0.0, 0.0, 0.0, 0.0, 1.0, 1.0, 0.0, 1.0, 1.0, 1.0, 0.0, 1.0, 1.0, 0.0, 1.0, 1.0, 0.0, 0.0, 1.0, 0.0, 1.0, 0.0, 1.0, 0.0, 0.0, 1.0, 0.0, 0.0, 0.0, 0.0, 1.0, 0.0, 0.0, 1.0, 0.0, 1.0, 1.0, 0.0, 0.0, 0.0, 1.0, 0.0, 1.0, 1.0, 1.0, 0.0, 0.0, 1.0, 0.0, 0.0, 1.0, 0.0, 0.0, 1.0, 0.0, 1.0, 1.0, 0.0, 1.0, 1.0, 0.0, 1.0, 0.0, 0.0, 0.0, 0.0, 0.0, 1.0, 0.0, 1.0, 0.0, 0.0, 0.0, 0.0, 0.0, 1.0, 1.0, 1.0, 0.0, 1.0, 0.0, 1.0, 0.0, 0.0, 1.0, 1.0, 0.0, 0.0, 0.0, 1.0, 0.0, 0.0, 0.0, 0.0, 1.0, 1.0, 0.0, 1.0, 1.0, 1.0, 1.0, 0.0, 0.0, 0.0, 0.0, 0.0, 0.0, 1.0, 1.0, 1.0, 0.0, 1.0, 1.0, 0.0, 0.0, 0.0, 0.0, 0.0, 0.0, 0.0, 0.0, 0.0, 1.0, 0.0, 0.0, 0.0, 0.0, 0.0, 1.0, 0.0, 0.0, 1.0, 1.0, 0.0, 1.0, 1.0, 1.0, 0.0, 0.0, 1.0, 0.0, 1.0, 0.0, 0.0, 0.0, 1.0, 0.0, 0.0, 1.0, 1.0, 0.0, 0.0, 1.0, 0.0, 1.0, 0.0, 1.0, 1.0, 1.0, 0.0, 0.0, 0.0, 1.0, 1.0, 1.0, 1.0, 1.0, 1.0, 0.0, 1.0, 0.0, 0.0, 0.0, 0.0, 1.0, 0.0, 1.0, 1.0, 1.0, 0.0, 1.0, 1.0, 1.0, 1.0, 0.0, 0.0, 1.0, 0.0, 0.0, 1.0, 1.0, 0.0, 0.0, 0.0, 0.0, 0.0, 1.0, 1.0, 0.0, 1.0, 0.0, 1.0, 1.0, 1.0, 0.0, 1.0, 0.0, 1.0, 1.0, 0.0, 0.0, 0.0, 1.0, 1.0, 0.0, 0.0, 0.0, 0.0, 1.0, 1.0, 1.0, 0.0, 0.0, 0.0, 1.0, 0.0, 0.0, 0.0, 1.0, 0.0, 0.0, 0.0, 0.0, 1.0, 0.0, 1.0, 0.0, 1.0, 1.0, 1.0, 0.0, 1.0, 0.0, 1.0, 0.0, 1.0, 1.0, 1.0, 0.0, 0.0, 0.0, 0.0, 0.0, 1.0, 0.0, 0.0, 0.0, 1.0, 0.0, 0.0, 1.0, 1.0, 1.0, 1.0, 1.0, 1.0, 0.0, 1.0, 0.0, 1.0, 0.0, 1.0, 1.0, 1.0, 0.0, 0.0, 0.0, 0.0, 1.0, 1.0, 1.0, 1.0, 1.0, 1.0, 1.0, 0.0, 0.0, 1.0, 0.0, 1.0, 0.0, 1.0, 1.0, 0.0, 1.0, 1.0, 1.0, 1.0, 1.0, 1.0, 1.0, 0.0, 1.0, 1.0, 1.0, 0.0, 1.0, 1.0, 1.0, 1.0, 1.0, 0.0, 0.0, 1.0, 1.0, 0.0, 0.0, 0.0, 0.0, 1.0, 1.0, 0.0, 1.0, 1.0, 1.0, 0.0, 0.0, 1.0, 0.0, 1.0, 0.0, 1.0, 1.0, 0.0, 1.0, 1.0, 0.0, 1.0, 0.0, 0.0, 1.0, 0.0, 0.0, 1.0, 0.0, 0.0, 1.0, 1.0, 1.0, 0.0, 0.0, 0.0, 0.0, 0.0, 0.0, 1.0, 1.0, 1.0, 1.0, 1.0, 0.0, 0.0, 1.0, 1.0, 1.0, 1.0, 0.0, 0.0, 0.0, 0.0, 1.0, 0.0, 1.0, 0.0, 1.0, 1.0, 1.0, 1.0, 0.0, 0.0, 0.0, 1.0, 0.0, 1.0, 1.0, 0.0, 1.0, 1.0, 1.0, 1.0, 0.0, 0.0, 1.0, 1.0, 1.0, 1.0, 1.0, 0.0, 0.0, 1.0, 0.0, 1.0, 0.0, 1.0, 1.0, 1.0, 1.0, 0.0, 0.0, 1.0, 0.0, 1.0, 0.0, 1.0, 0.0, 0.0, 0.0, 0.0, 0.0, 0.0, 1.0, 1.0, 1.0, 1.0, 1.0, 1.0, 1.0, 0.0, 0.0, 1.0, 1.0, 1.0, 0.0, 1.0, 0.0, 1.0, 0.0, 0.0, 0.0, 1.0, 0.0, 1.0, 0.0, 1.0, 0.0, 0.0, 0.0, 1.0, 0.0, 0.0, 1.0, 1.0, 0.0, 0.0, 1.0, 0.0, 0.0, 0.0, 1.0, 1.0, 1.0, 0.0, 0.0, 0.0, 0.0, 1.0, 0.0, 1.0, 1.0, 0.0, 1.0, 1.0, 0.0, 1.0, 0.0, 0.0, 1.0, 0.0, 1.0, 0.0, 0.0, 1.0, 0.0, 1.0, 1.0, 1.0, 0.0, 1.0, 1.0, 1.0, 0.0, 0.0, 1.0, 0.0, 1.0, 0.0, 1.0, 1.0, 1.0, 0.0, 0.0, 0.0, 0.0, 1.0, 0.0, 1.0, 1.0, 0.0, 1.0, 0.0, 0.0, 0.0, 1.0, 0.0, 1.0, 0.0, 0.0, 0.0, 0.0, 1.0, 0.0, 1.0, 0.0, 0.0, 0.0, 1.0, 0.0, 1.0, 1.0, 0.0, 1.0, 1.0, 0.0, 0.0, 0.0, 0.0, 0.0, 1.0, 0.0, 0.0, 0.0, 1.0, 1.0, 1.0, 1.0, 0.0, 1.0, 1.0, 0.0, 1.0, 0.0, 1.0, 1.0, 1.0, 0.0, 1.0, 1.0, 0.0, 0.0, 0.0, 1.0, 0.0, 1.0, 0.0, 0.0, 1.0, 1.0, 0.0, 0.0, 1.0, 0.0, 1.0, 0.0, 0.0, 1.0, 0.0, 1.0, 1.0, 1.0, 0.0, 1.0, 0.0, 1.0, 1.0, 1.0, 1.0, 0.0, 0.0, 0.0, 0.0, 0.0, 1.0, 0.0, 0.0, 1.0, 1.0, 0.0, 0.0, 0.0, 0.0, 0.0, 0.0, 0.0, 1.0, 1.0, 0.0, 1.0, 1.0, 0.0, 1.0, 0.0, 1.0, 1.0, 1.0, 1.0, 0.0, 0.0, 1.0, 0.0, 1.0, 1.0, 0.0, 1.0, 1.0, 0.0, 0.0, 1.0, 0.0, 1.0, 0.0, 0.0, 1.0, 1.0, 1.0, 1.0, 1.0, 1.0, 0.0, 1.0, 0.0, 1.0, 0.0, 0.0, 0.0, 1.0, 1.0, 1.0, 0.0, 0.0, 1.0, 1.0, 0.0, 0.0, 0.0, 0.0, 0.0, 0.0, 1.0, 1.0, 0.0, 0.0, 0.0, 0.0, 1.0, 0.0, 0.0, 1.0, 0.0, 0.0, 0.0, 0.0, 1.0, 1.0, 0.0, 0.0, 1.0, 1.0, 0.0, 1.0, 1.0, 1.0, 0.0, 0.0, 0.0, 1.0, 0.0, 1.0, 0.0, 0.0, 0.0, 0.0, 1.0, 1.0, 0.0, 0.0, 1.0, 1.0, 0.0, 0.0, 1.0, 0.0, 0.0, 1.0, 1.0, 1.0, 0.0, 1.0, 1.0, 0.0, 0.0, 1.0, 1.0, 1.0, 1.0, 1.0, 1.0, 1.0, 1.0, 0.0, 0.0, 0.0, 1.0, 1.0, 0.0, 0.0, 0.0, 0.0, 0.0, 1.0, 0.0, 1.0, 1.0, 0.0, 0.0, 0.0, 0.0, 1.0, 0.0, 1.0, 1.0, 1.0, 1.0, 0.0, 0.0, 1.0, 0.0, 0.0, 1.0, 1.0, 0.0, 1.0, 0.0, 1.0, 1.0, 1.0, 0.0, 0.0, 1.0, 1.0, 1.0, 1.0, 1.0, 1.0, 1.0, 0.0, 0.0, 1.0, 1.0, 0.0, 0.0, 0.0, 1.0, 1.0, 1.0, 1.0, 0.0, 1.0, 0.0, 1.0, 1.0, 0.0, 1.0, 1.0, 1.0, 1.0, 0.0, 0.0, 0.0, 1.0, 0.0, 0.0, 1.0, 1.0, 0.0, 1.0, 0.0, 0.0, 1.0, 0.0, 1.0, 1.0, 1.0, 0.0, 0.0, 0.0, 1.0, 1.0, 1.0, 1.0, 1.0, 1.0, 1.0, 1.0, 0.0, 1.0, 1.0, 0.0, 1.0, 1.0, 1.0, 1.0, 0.0, 0.0, 1.0, 0.0, 1.0, 0.0, 0.0, 1.0, 1.0, 0.0, 1.0, 0.0, 0.0, 0.0, 0.0, 0.0, 1.0, 1.0, 1.0, 0.0, 1.0, 1.0, 1.0, 1.0, 1.0, 1.0, 1.0, 1.0, 0.0, 0.0, 1.0, 0.0, 0.0, 1.0, 0.0, 0.0, 1.0, 0.0, 0.0, 1.0, 0.0, 0.0, 1.0, 1.0, 1.0, 0.0, 1.0, 1.0, 1.0, 1.0, 0.0, 1.0, 0.0, 1.0, 0.0, 0.0, 0.0, 1.0, 0.0, 0.0, 1.0, 1.0, 0.0, 0.0, 0.0, 0.0, 1.0, 0.0, 1.0, 1.0, 0.0, 0.0, 1.0, 1.0, 0.0, 0.0, 0.0, 0.0, 1.0, 1.0, 0.0, 0.0, 0.0, 0.0, 0.0, 1.0, 1.0, 0.0, 1.0, 0.0, 0.0, 0.0, 1.0, 0.0, 0.0, 1.0, 0.0, 1.0, 0.0, 1.0, 0.0, 1.0, 0.0, 1.0, 1.0, 0.0, 1.0, 1.0, 1.0, 1.0, 0.0, 1.0, 0.0, 1.0, 0.0, 1.0, 1.0, 0.0, 1.0, 1.0, 0.0, 1.0, 1.0, 0.0, 0.0, 0.0, 1.0, 1.0, 1.0, 0.0, 0.0, 0.0, 0.0, 1.0, 1.0, 0.0, 1.0, 0.0, 1.0, 1.0, 0.0, 0.0, 0.0, 1.0, 0.0, 1.0, 0.0, 1.0, 1.0, 0.0, 0.0, 0.0, 1.0, 1.0, 1.0, 1.0, 0.0, 0.0, 0.0, 1.0, 0.0, 0.0, 1.0, 1.0, 1.0, 0.0, 0.0, 0.0, 1.0, 1.0, 1.0, 0.0, 0.0, 1.0, 0.0, 0.0, 0.0, 1.0, 1.0, 0.0, 1.0, 0.0, 1.0, 1.0, 0.0, 0.0, 1.0, 1.0, 0.0, 0.0, 1.0, 0.0, 0.0, 0.0, 1.0, 0.0, 0.0, 0.0, 0.0, 1.0, 0.0, 0.0, 0.0, 1.0, 1.0, 0.0, 0.0, 1.0, 0.0, 1.0, 1.0, 1.0, 1.0, 1.0, 0.0, 0.0, 1.0, 0.0, 0.0, 1.0, 1.0, 1.0, 1.0, 0.0, 0.0, 1.0, 1.0, 1.0, 1.0, 0.0, 1.0, 0.0, 0.0, 1.0, 0.0, 0.0, 0.0, 0.0, 0.0, 0.0, 0.0, 0.0, 1.0, 1.0, 1.0, 0.0, 1.0, 0.0, 0.0, 0.0, 0.0, 1.0, 0.0, 0.0, 1.0, 0.0, 0.0, 1.0, 1.0, 1.0, 0.0, 1.0, 0.0, 1.0, 1.0, 0.0, 1.0, 0.0, 0.0, 1.0, 0.0, 1.0, 1.0, 1.0, 0.0, 1.0, 0.0, 0.0, 0.0, 0.0, 1.0, 1.0, 1.0, 1.0, 1.0, 1.0, 0.0, 0.0, 0.0, 1.0, 0.0, 0.0, 0.0, 1.0, 0.0, 1.0, 0.0, 1.0, 0.0, 0.0, 0.0, 0.0, 1.0, 0.0, 0.0, 1.0, 1.0, 1.0, 0.0, 0.0, 1.0, 1.0, 0.0, 0.0, 1.0, 0.0, 0.0, 1.0, 1.0, 1.0, 0.0, 1.0, 0.0, 1.0, 1.0, 1.0, 0.0, 0.0, 1.0, 1.0, 0.0, 0.0, 0.0, 1.0, 1.0, 0.0, 0.0, 0.0, 0.0, 1.0, 0.0, 0.0, 0.0, 0.0, 0.0, 0.0, 1.0, 0.0, 0.0, 0.0, 0.0, 0.0, 0.0, 1.0, 1.0, 0.0, 0.0, 1.0, 1.0, 0.0, 1.0, 0.0, 0.0, 0.0, 0.0, 0.0, 0.0, 0.0, 0.0, 1.0, 0.0, 1.0, 1.0, 1.0, 1.0, 1.0, 1.0, 1.0, 1.0, 0.0, 0.0, 0.0, 1.0, 0.0, 1.0, 1.0, 1.0, 1.0, 0.0, 1.0, 1.0, 0.0, 0.0, 0.0, 0.0, 0.0, 1.0, 1.0, 1.0, 1.0, 0.0, 0.0, 0.0, 0.0, 0.0, 0.0, 1.0, 1.0, 0.0, 0.0, 1.0, 1.0, 0.0, 0.0, 1.0, 1.0, 1.0, 1.0, 0.0, 0.0, 1.0, 0.0, 1.0, 0.0, 1.0, 0.0, 1.0, 0.0, 0.0, 1.0, 1.0, 0.0, 1.0, 1.0, 1.0, 1.0, 1.0, 1.0, 0.0, 1.0, 0.0, 1.0, 0.0, 1.0, 1.0, 1.0, 0.0, 0.0, 0.0, 1.0, 0.0, 1.0, 0.0, 0.0, 0.0, 0.0, 1.0, 0.0, 0.0, 0.0, 0.0, 1.0, 1.0, 0.0, 0.0, 1.0, 0.0, 0.0, 1.0, 1.0, 0.0, 1.0, 1.0, 1.0, 0.0, 1.0, 1.0, 0.0, 1.0, 0.0, 1.0, 0.0, 1.0, 1.0, 1.0, 1.0, 1.0, 1.0, 1.0, 0.0, 0.0, 1.0, 0.0, 1.0, 1.0, 1.0, 1.0, 0.0, 0.0, 0.0, 0.0, 1.0, 1.0, 0.0, 1.0, 1.0, 1.0, 1.0, 0.0, 1.0, 0.0, 0.0, 0.0, 0.0, 0.0, 1.0, 1.0, 1.0, 0.0, 1.0, 0.0, 1.0, 1.0, 1.0, 0.0, 1.0, 1.0, 0.0, 1.0, 1.0, 1.0, 0.0, 1.0, 0.0, 0.0, 1.0, 1.0, 0.0, 0.0, 1.0, 0.0, 0.0, 0.0, 0.0, 0.0, 0.0, 0.0, 1.0, 0.0, 1.0, 1.0, 1.0, 1.0, 1.0, 0.0, 0.0, 1.0, 1.0, 1.0, 1.0, 0.0, 1.0, 0.0, 0.0, 1.0, 0.0, 0.0, 0.0, 0.0, 1.0, 1.0, 0.0, 0.0, 0.0, 1.0, 0.0, 0.0, 0.0, 0.0, 0.0, 0.0, 0.0, 0.0, 0.0, 1.0, 0.0, 1.0, 0.0, 0.0, 1.0, 0.0, 1.0, 1.0, 1.0, 1.0, 1.0, 1.0, 0.0, 1.0, 1.0, 0.0, 0.0, 1.0, 0.0, 1.0, 0.0, 0.0, 0.0, 1.0, 1.0, 1.0, 0.0, 0.0, 0.0, 1.0, 1.0, 1.0, 1.0, 0.0, 0.0, 1.0, 0.0, 1.0, 1.0, 1.0, 1.0, 0.0, 0.0, 0.0, 0.0, 0.0, 0.0, 0.0, 0.0, 1.0, 1.0, 0.0, 0.0, 1.0, 0.0, 1.0, 1.0, 0.0, 0.0, 1.0, 1.0, 1.0, 0.0, 0.0, 0.0, 1.0, 0.0, 0.0, 1.0, 1.0, 0.0, 0.0, 1.0, 0.0, 1.0, 1.0, 0.0, 0.0, 0.0, 1.0, 0.0, 1.0, 1.0, 0.0, 0.0, 0.0, 1.0, 0.0, 0.0, 0.0, 0.0, 0.0, 0.0, 0.0, 0.0, 0.0, 0.0, 0.0, 1.0, 0.0, 1.0, 0.0, 0.0, 0.0, 0.0, 1.0, 1.0, 0.0, 1.0, 1.0, 0.0, 1.0, 1.0, 1.0, 1.0, 0.0, 0.0, 1.0, 1.0, 0.0, 0.0, 1.0, 0.0, 0.0, 0.0, 1.0, 1.0, 1.0, 1.0, 1.0, 1.0, 0.0, 1.0, 0.0, 0.0, 0.0, 0.0, 0.0, 0.0, 0.0, 0.0, 1.0, 1.0, 1.0, 0.0, 1.0, 1.0, 0.0, 1.0, 0.0, 1.0, 0.0, 1.0, 1.0, 0.0, 0.0, 0.0, 1.0, 0.0, 0.0, 1.0, 0.0, 1.0, 0.0, 1.0, 1.0, 1.0, 1.0, 1.0, 1.0, 1.0, 1.0, 1.0, 1.0, 0.0, 0.0, 0.0, 1.0, 1.0, 1.0, 0.0, 0.0, 1.0, 0.0, 0.0, 1.0, 1.0, 1.0, 1.0, 0.0, 0.0, 1.0, 1.0, 1.0, 1.0, 0.0, 0.0, 0.0, 1.0, 1.0, 0.0, 1.0, 0.0, 0.0, 1.0, 0.0, 1.0, 1.0, 0.0, 1.0, 1.0, 1.0, 1.0, 1.0, 1.0, 1.0, 0.0, 1.0, 1.0, 0.0, 0.0, 1.0, 1.0, 1.0, 1.0, 1.0, 0.0, 1.0, 0.0, 1.0, 1.0, 0.0, 0.0, 1.0, 1.0, 0.0, 1.0, 0.0, 1.0, 1.0, 0.0, 1.0, 1.0, 0.0, 0.0, 1.0, 0.0, 1.0, 1.0, 0.0, 0.0, 1.0, 1.0, 0.0, 1.0, 1.0, 0.0, 1.0, 0.0, 1.0, 0.0, 1.0, 0.0, 1.0, 0.0, 0.0, 1.0, 1.0, 1.0, 0.0, 1.0, 0.0, 1.0, 0.0, 1.0, 1.0, 0.0, 1.0, 1.0, 1.0, 1.0, 0.0, 1.0, 1.0, 1.0, 0.0, 0.0, 1.0, 0.0, 1.0, 0.0, 0.0, 1.0, 0.0, 1.0, 0.0, 0.0, 0.0, 0.0, 0.0, 0.0, 1.0, 1.0, 0.0, 1.0, 1.0, 0.0, 0.0, 0.0, 1.0, 0.0, 1.0, 1.0, 0.0, 0.0, 0.0, 0.0, 0.0, 0.0, 0.0, 0.0, 0.0, 0.0, 1.0, 0.0, 0.0, 1.0, 1.0, 0.0, 0.0, 1.0, 1.0, 1.0, 0.0, 0.0, 0.0, 1.0, 0.0, 1.0, 1.0, 1.0, 1.0, 0.0, 1.0, 0.0, 1.0, 1.0, 1.0, 1.0, 0.0, 0.0, 1.0, 1.0, 0.0, 0.0, 0.0, 0.0, 0.0, 1.0, 0.0, 0.0, 1.0, 1.0, 1.0, 1.0, 0.0, 0.0, 1.0, 1.0, 1.0, 0.0, 0.0, 1.0, 1.0, 1.0, 1.0, 1.0, 0.0, 0.0, 0.0, 0.0, 0.0, 0.0, 1.0, 0.0, 1.0, 1.0, 1.0, 1.0, 0.0, 1.0, 0.0, 1.0, 0.0, 0.0, 0.0, 1.0, 1.0, 1.0, 1.0, 1.0, 0.0, 0.0, 1.0, 1.0, 0.0, 0.0, 1.0, 0.0, 1.0, 1.0, 1.0, 1.0, 1.0, 1.0, 0.0, 0.0, 0.0, 1.0, 1.0, 1.0, 0.0, 1.0, 0.0, 0.0, 1.0, 1.0, 1.0, 1.0, 0.0, 0.0, 0.0, 0.0, 0.0, 1.0, 1.0, 0.0, 0.0, 1.0, 1.0, 1.0, 0.0, 1.0, 0.0, 1.0, 1.0, 1.0, 1.0, 1.0, 1.0, 0.0, 0.0, 1.0, 0.0, 1.0, 0.0, 1.0, 0.0, 1.0, 1.0, 1.0, 0.0, 0.0, 0.0, 1.0, 0.0, 0.0, 1.0, 0.0, 1.0, 1.0, 0.0, 0.0, 0.0, 0.0, 0.0, 1.0, 1.0, 0.0, 0.0, 1.0, 0.0, 0.0, 0.0, 0.0, 1.0, 1.0, 0.0, 0.0, 1.0, 1.0, 0.0, 0.0, 1.0, 1.0, 1.0, 1.0, 1.0, 0.0, 0.0, 1.0, 0.0, 1.0, 1.0, 0.0, 1.0, 1.0, 0.0, 0.0, 0.0, 0.0, 1.0, 0.0, 0.0, 1.0]","['lNONHSAG000008', 'lNONHSAG000484', 'lNONHSAG000584', 'lNONHSAG000918', 'lNONHSAG001172', 'lNONHSAG001247', 'lNONHSAG001259', 'lNONHSAG001773', 'lNONHSAG001837', 'lNONHSAG002134', 'lNONHSAG002135', 'lNONHSAG002719', 'lNONHSAG003056', 'lNONHSAG003156', 'lNONHSAG003912', 'lNONHSAG004303', 'lNONHSAG005711', 'lNONHSAG006163', 'lNONHSAG006341', 'lNONHSAG006477', 'lNONHSAG006735', 'lNONHSAG006772', 'lNONHSAG007708', 'lNONHSAG007961', 'lNONHSAG007983', 'lNONHSAG008056', 'lNONHSAG008517', 'lNONHSAG008540', 'lNONHSAG008726', 'lNONHSAG008759', 'lNONHSAG009124', 'lNONHSAG009544', 'lNONHSAG009636', 'lNONHSAG009757', 'lNONHSAG010184', 'lNONHSAG010416', 'lNONHSAG010543', 'lNONHSAG011070', 'lNONHSAG011090', 'lNONHSAG011125', 'lNONHSAG011211', 'lNONHSAG011439', 'lNONHSAG011790', 'lNONHSAG012303', 'lNONHSAG012555', 'lNONHSAG012614', 'lNONHSAG013098', 'lNONHSAG013109', 'lNONHSAG013809', 'lNONHSAG013944', 'lNONHSAG014267', 'lNONHSAG014289', 'lNONHSAG014372', 'lNONHSAG014562', 'lNONHSAG014591', 'lNONHSAG015461', 'lNONHSAG017417', 'lNONHSAG017783', 'lNONHSAG018344', 'lNONHSAG018374', 'lNONHSAG018414', 'lNONHSAG018417', 'lNONHSAG018461', 'lNONHSAG018980', 'lNONHSAG019012', 'lNONHSAG019051', 'lNONHSAG019134', 'lNONHSAG019158', 'lNONHSAG019493', 'lNONHSAG019569', 'lNONHSAG020053', 'lNONHSAG020278', 'lNONHSAG020321', 'lNONHSAG020325', 'lNONHSAG020476', 'lNONHSAG020957', 'lNONHSAG020990', 'lNONHSAG021309', 'lNONHSAG021567', 'lNONHSAG021584', 'lNONHSAG022595', 'lNONHSAG022690', 'lNONHSAG022980', 'lNONHSAG023630', 'lNONHSAG023661', 'lNONHSAG024146', 'lNONHSAG024224', 'lNONHSAG024364', 'lNONHSAG024671', 'lNONHSAG024913', 'lNONHSAG026575', 'lNONHSAG026631', 'lNONHSAG026720', 'lNONHSAG027017', 'lNONHSAG027110', 'lNONHSAG027278', 'lNONHSAG028948', 'lNONHSAG029933', 'lNONHSAG029959', 'lNONHSAG030279', 'lNONHSAG030516', 'lNONHSAG031385', 'lNONHSAG032247', 'lNONHSAG032309', 'lNONHSAG032748', 'lNONHSAG033386', 'lNONHSAG033435', 'lNONHSAG033691', 'lNONHSAG034845', 'lNONHSAG034973', 'lNONHSAG036273', 'lNONHSAG037025', 'lNONHSAG037096', 'lNONHSAG038397', 'lNONHSAG038561', 'lNONHSAG039617', 'lNONHSAG039634', 'lNONHSAG039637', 'lNONHSAG040804', 'lNONHSAG040976', 'lNONHSAG041716', 'lNONHSAG042132', 'lNONHSAG042476', 'lNONHSAG042966', 'lNONHSAG043159', 'lNONHSAG043625', 'lNONHSAG043851', 'lNONHSAG044709', 'lNONHSAG045383', 'lNONHSAG047260', 'lNONHSAG047620', 'lNONHSAG048626', 'lNONHSAG048682', 'lNONHSAG049051', 'lNONHSAG049754', 'lNONHSAG050272', 'lNONHSAG050423', 'lNONHSAG050815', 'lNONHSAG051010', 'lNONHSAG051266', 'lNONHSAG052046', 'lNONHSAG052511', 'lNONHSAG053162', 'lNONHSAG053499', 'lNONHSAG053748', 'lNONHSAG054360', 'lNONHSAG054432', 'lNONHSAG058006', 'lNONHSAG058118', 'lNONHSAG068402', 'lNONHSAG069147', 'lNONHSAG084832', 'lNONHSAG094129', 'lNONHSAG096230', 'lNONHSAG102572', 'lNONHSAG113761', 'lNONHSAG114445', 'lENSG00000198221', 'lENSG00000223764', 'lENSG00000224078', 'lENSG00000230046', 'lENSG00000237396', 'lENSG00000247095', 'lENSG00000249532', 'lENSG00000254508', 'lENSG00000260219', 'lENSG00000260280', 'lENSG00000261423', 'lENSG00000266402', 'lENSG00000267321', 'lENSG00000270084', 'lENSG00000281189', 'lASMTL-AS1', 'lDLX6-AS1', 'lINHBA-AS1', 'lSNX29P2', 'lSRP14-AS1', 'lPWAR6', 'lAC004840.8', 'lAC103564.7', 'lAL928742.12', 'lRP11-100F15.1', 'lRP11-243J18.2', 'lRP11-264B17.3', 'lRP11-439K3.1', 'lRP11-672A2.1', 'lRP4-610C12.4', 'lNONHSAG001014', 'lNONHSAG001028', 'lNONHSAG001207', 'lNONHSAG005740', 'lNONHSAG005760', 'lNONHSAG005852', 'lNONHSAG006097', 'lNONHSAG006300', 'lNONHSAG006314', 'lNONHSAG006459', 'lNONHSAG006576', 'lNONHSAG006579', 'lNONHSAG006889', 'lNONHSAG006894', 'lNONHSAG006970', 'lNONHSAG006976', 'lNONHSAG007103', 'lNONHSAG007429', 'lENSG00000105501', 'lENSG00000122043', 'lENSG00000149443', 'lENSG00000197880', 'lENSG00000203307', 'lENSG00000205452', 'lENSG00000223831', 'lENSG00000225570', 'lENSG00000226194', 'lENSG00000226566', 'lENSG00000226956', 'lENSG00000227611', 'lENSG00000228261', 'lENSG00000230153', 'lENSG00000230432', 'lENSG00000230759', 'lENSG00000231253', 'lENSG00000231496', 'lENSG00000231964', 'lENSG00000232359', 'lENSG00000232465', 'lENSG00000232604', 'lENSG00000232710', 'lENSG00000232939', 'lENSG00000233479', 'lENSG00000233689', 'lENSG00000236828', 'lENSG00000237324', 'lENSG00000237993', 'lENSG00000242795', 'lENSG00000242861', 'lENSG00000248925', 'lENSG00000249111', 'lENSG00000249114', 'lENSG00000249297', 'lENSG00000249382', 'lENSG00000250524', 'lENSG00000250646', 'lENSG00000250657', 'lENSG00000250950', 'lENSG00000250955', 'lENSG00000251059', 'lENSG00000251072', 'lENSG00000251412', 'lENSG00000253880', 'lENSG00000254033', 'lENSG00000254846', 'lENSG00000255159', 'lENSG00000255528', 'lENSG00000255539', 'lENSG00000256072', 'lENSG00000256670', 'lENSG00000257407', 'lENSG00000257494', 'lENSG00000257653', 'lENSG00000257860', 'lENSG00000258007', 'lENSG00000258292', 'lENSG00000258826', 'lENSG00000259194', 'lENSG00000259211', 'lENSG00000259250', 'lENSG00000259307', 'lENSG00000259935', 'lENSG00000261864', 'lENSG00000262652', 'lENSG00000263952', 'lENSG00000264107', 'lENSG00000264769', 'lENSG00000265168', 'lENSG00000265359', 'lENSG00000265554', 'lENSG00000265994', 'lENSG00000266839', 'lENSG00000267501', 'lENSG00000267633', 'lENSG00000268833', 'lENSG00000268981', 'lENSG00000269901', 'lENSG00000271579', 'lENSG00000271787', 'lENSG00000271833', 'lENSG00000272072', 'lENSG00000272661', 'lENSG00000272810', 'lENSG00000273257', 'lENSG00000273877', 'lENSG00000274678', 'lENSG00000275173', 'lENSG00000277639', 'lENSG00000278013', 'lENSG00000278766', 'lENSG00000279484', 'lENSG00000280455', 'lENSG00000283347', 'lENSG00000283457', 'lENSG00000284376', 'lENSG00000284699', 'lENSG00000285621', 'lENSG00000285699', 'lENSG00000286089', 'lENSG00000286474', 'lENSG00000286715', 'lENSG00000286722', 'lENSG00000286767', 'lENSG00000287006', 'lENSG00000287155', 'lENSG00000287358', 'lENSG00000287704', 'lENSG00000214955', 'lENSG00000224884', 'lENSG00000235337', 'lENSG00000248359', 'lENSG00000257715', 'lENSG00000258088', 'lENSG00000267581', 'lENSG00000251613', 'lENSG00000268166']","[1.0, 1.0, 0.0, 0.0, 0.0, 0.0, 0.0, 0.0, 1.0, 0.0, 1.0, 0.0, 1.0, 0.0, 1.0, 1.0, 0.0, 1.0, 1.0, 1.0, 1.0, 0.0, 0.0, 0.0, 1.0, 0.0, 1.0, 0.0, 0.0, 1.0, 0.0, 0.0, 0.0, 1.0, 1.0, 1.0, 0.0, 0.0, 1.0, 0.0, 1.0, 1.0, 0.0, 1.0, 1.0, 1.0, 1.0, 0.0, 1.0, 1.0, 0.0, 0.0, 1.0, 0.0, 1.0, 0.0, 0.0, 0.0, 1.0, 0.0, 1.0, 0.0, 1.0, 0.0, 0.0, 0.0, 1.0, 0.0, 1.0, 0.0, 0.0, 0.0, 1.0, 1.0, 0.0, 1.0, 1.0, 1.0, 1.0, 0.0, 1.0, 0.0, 1.0, 0.0, 1.0, 1.0, 0.0, 0.0, 1.0, 0.0, 1.0, 0.0, 1.0, 1.0, 0.0, 1.0, 1.0, 1.0, 0.0, 0.0, 1.0, 1.0, 1.0, 1.0, 0.0, 1.0, 1.0, 0.0, 0.0, 1.0, 1.0, 0.0, 1.0, 0.0, 0.0, 0.0, 1.0, 1.0, 0.0, 0.0, 0.0, 1.0, 0.0, 0.0, 0.0, 1.0, 1.0, 0.0, 0.0, 0.0, 0.0, 0.0, 0.0, 1.0, 0.0, 1.0, 1.0, 0.0, 0.0, 1.0, 1.0, 0.0, 0.0, 1.0, 0.0, 0.0, 0.0, 0.0, 0.0, 0.0, 1.0, 1.0, 1.0, 1.0, 0.0, 0.0, 0.0, 0.0, 0.0, 1.0, 0.0, 1.0, 0.0, 1.0, 1.0, 0.0, 0.0, 1.0, 0.0, 0.0, 1.0, 0.0, 1.0, 1.0, 0.0, 1.0, 0.0, 1.0, 0.0, 1.0, 1.0, 0.0, 0.0, 0.0, 0.0, 1.0, 0.0, 0.0, 0.0, 0.0, 0.0, 1.0, 1.0, 1.0, 1.0, 0.0, 1.0, 1.0, 1.0, 0.0, 1.0, 1.0, 0.0, 1.0, 1.0, 1.0, 0.0, 1.0, 1.0, 0.0, 1.0, 1.0, 1.0, 0.0, 0.0, 0.0, 1.0, 0.0, 0.0, 1.0, 1.0, 1.0, 0.0, 1.0, 1.0, 1.0, 1.0, 1.0, 1.0, 1.0, 0.0, 0.0, 0.0, 1.0, 0.0, 0.0, 1.0, 1.0, 0.0, 0.0, 0.0, 1.0, 0.0, 1.0, 0.0, 0.0, 1.0, 0.0, 0.0, 1.0, 0.0, 0.0, 0.0, 1.0, 1.0, 0.0, 0.0, 0.0, 0.0, 0.0, 0.0, 0.0, 1.0, 0.0, 1.0, 1.0, 1.0, 1.0, 0.0, 0.0, 1.0, 1.0, 0.0, 1.0, 1.0, 1.0, 0.0, 1.0, 1.0, 0.0, 0.0, 1.0, 1.0, 1.0, 1.0, 0.0, 1.0, 1.0, 0.0, 0.0, 1.0, 0.0, 0.0, 1.0, 0.0, 0.0, 1.0, 0.0, 1.0, 0.0, 0.0, 1.0, 1.0, 1.0, 1.0, 0.0, 0.0, 0.0, 1.0, 1.0, 1.0, 1.0, 1.0, 1.0, 1.0, 0.0, 1.0, 1.0, 0.0, 0.0, 0.0, 0.0, 1.0]","[1, 0, 0, 1, 0, 0, 1, 0, 0, 1, 0, 1, 1, 0, 1, 1, 0, 1, 1, 1, 1, 0, 1, 0, 0, 1, 0, 0, 0, 0, 1, 1, 1, 0, 1, 0, 1, 1, 0, 1, 1, 1, 0, 0, 1, 1, 1, 0, 0, 0, 1, 0, 0, 1, 0, 0, 0, 0, 1, 1, 1, 0, 1, 1, 1, 0, 1, 1, 0, 1, 1, 0, 1, 0, 1, 1, 1, 1, 0, 0, 0, 0, 1, 1, 1, 0, 0, 0, 0, 0, 1, 0, 0, 1, 1, 0, 0, 0, 0, 1, 1, 1, 1, 1, 0, 1, 0, 1, 0, 1, 0, 1, 0, 1, 1, 1, 1, 0, 0, 1, 1, 0, 0, 1, 1, 0, 1, 0, 1, 1, 1, 0, 0, 1, 0, 1, 0, 0, 1, 0, 0, 1, 0, 0, 1, 0, 0, 0, 1, 1, 1, 1, 0, 0, 0, 0, 1, 1, 1, 1, 0, 1, 0, 1, 0, 0, 0, 1, 1, 1, 1, 0, 0, 0, 1, 1, 1, 1, 1, 1, 0, 1, 0, 1, 0, 1, 1, 0, 0, 1, 0, 0, 1, 0, 1, 1, 0, 0, 1, 1, 0, 1, 1, 1, 0, 0, 0, 1, 1, 0, 0, 1, 0, 1, 0, 0, 0, 0, 1, 1, 0, 0, 1, 0, 0, 1, 0, 0, 1, 1, 1, 0, 0, 0, 1, 1, 1, 1, 1, 1, 0, 0, 0, 0, 0, 1, 0, 1, 0, 0, 0, 1, 0, 1, 0, 0, 0, 1, 0, 1, 1, 0, 1, 0, 1, 1, 1, 0, 0, 1, 1, 1, 0, 1, 0, 0, 1, 1, 1, 0, 1, 1, 0, 0, 1, 0, 0, 0, 1, 0, 1, 1, 1, 1, 1, 1, 1, 1, 0, 0, 0, 1, 1, 1, 0, 0, 1, 1, 1, 0, 1, 1, 0, 1, 1, 0, 0, 0, 1, 1, 0, 0, 0]","[0.06855138917818415, -0.2327650540338544, -0.23292591208014013, 0.008083524374254303, -0.03172936515024816, -0.1281341915970744, 0.018165787376601905, -0.12053319739722124, -0.261988322443341, 0.11291083747193031, -0.035875953806876915, 0.09160004231768593, 0.15830435396264964, -0.1438804870817707, 0.19259679015807318, 0.1601151214783938, -0.13133058880573945, 0.07978746948605853, 0.1534990216422747, 0.023698942420137925, 0.2802967427064127, -0.1515251875693009, 0.13917061566951094, -0.06660334100292165, -0.2030469802554471, 0.34653206576864015, -0.4032972130658097, -0.13612046051935867, -0.4034533310722841, -0.16879844267849453, 0.06786794889595438, 0.09133110554533364, 0.014375684532752508, -0.30977947954366325, 0.06403241235660406, -0.3471048510961099, 0.1248587533085237, 0.21373912258763372, -0.162371241386416, 0.13412349284300795, 0.2370762853709607, 0.05049390487029104, -0.03304071029186684, -0.09205660874962529, 0.2931001864471465, 0.0644479590060163, 0.15060468096412283, -0.1113447882953933, -0.2733388599885904, -0.3229143825933347, 0.31507796191940063, -0.3456023146402023, -0.0451150084787475, 0.07211987314494195, -0.09875583952515843, -0.20574622841763546, -0.0562330200488903, -0.055047610882964726, 0.16290871169246213, 0.016802100585533886, 0.045941914986824095, -0.02100983666875944, 0.21881712938428155, 0.07587873017260893, 0.06088186736864376, -0.01833955833149492, 0.08784446910247823, 0.3504584513335267, -0.08300217304645852, 0.07678152174112096, 0.15703381862370502, -0.5268688349242758, 0.11872920130881592, -0.0003836632294031972, 0.36304938666353603, 0.26785694841581, 0.02105651934011199, 0.06003491678772921, -0.07269194691622971, -0.06947797937049849, -0.21239076055219375, -0.17346669014051042, 0.22500179865183245, 0.028512288552536624, 0.11499879587777784, -0.01856612135727964, -0.05484217566667038, -0.12484530818043726, -0.1450041570464915, -0.23093366475898502, 0.18626885112042935, -0.040493196878979454, -0.07609791168542746, 0.03706414170087324, 0.11126444456283036, -0.10864685870796098, -0.21651853034776725, -0.3139331809608885, -1.2083315932422822, 0.006775833267885112, 0.21853187691623166, 0.0022536522537359716, 0.032506198610142256, 0.08822327059869917, -0.3354288333073683, 0.12277364673092528, -0.1372110015373611, 0.02487925931680568, -0.02310361794377247, 0.030631200182433815, -0.16999077683089414, 0.007439825753849938, -0.00450690975001411, 0.5098299277802889, 0.014837510495913087, 0.0513236911446473, 0.11575065746366686, -0.07665553050099572, -0.2862773977536124, 0.05178334548658192, 0.2049640604019336, -0.07963001312987483, -0.24765846691023174, 0.051495672918378865, 0.12744867426121864, -0.12358335220853345, 0.1434465583476987, -0.157603284904984, 0.005726653780436131, 0.03312420336969435, 0.18158365622753525, -0.20311856226696623, -0.35430220538624635, 0.0691570861688815, -0.3328737164077422, 0.377244644218492, -0.15143819897245958, -0.12625554361090874, 0.03217645869419794, -0.0022134952097525584, -0.1114469572325083, 0.130628743123272, -0.08290282949993166, -0.07272297726019161, 0.08786133383477246, -0.005165481258146087, -0.04518078941093773, -0.09522018545900135, 0.0596204924881123, 0.2139288940977604, 0.3147452755739417, 0.16762732139878, -0.07200283898836002, -0.4385673981826379, -0.23303636173151343, -0.14019734757788083, 0.08781273480999019, 0.10561126992118464, 0.061869008535569314, 0.9188774394383561, -0.25722659902490896, 0.010788107684478021, -0.05783100299826405, 0.11635194348958233, -0.11778835985475222, -0.024974667756906932, -0.02923317501601108, 0.09278228504992114, 0.132154459949696, 0.10299483178641733, 0.014985093972711638, -0.09417229761506807, -0.045177627910827134, -0.1350177526729679, 0.03279205265126972, 0.1287782615384332, 0.13105587591645929, 0.10225942174196323, 0.08895791705310963, 0.046157911687380704, -0.19939251633956, 0.11149617764390118, -0.20645801341187564, 0.32374347209333276, -0.12312629993032953, 0.19867671572843637, 0.028052828665207308, -0.009377848005025946, -0.16977972268635266, 0.07976641364403658, -0.29698854994561596, -0.1358911583114235, 0.13940201601894753, -0.2593520031543717, 0.028017646843473187, 0.01636289532740509, -0.37585792885685887, -0.4089792680335007, 0.08895677836331206, 0.0903878295836309, -0.026204147916870646, 0.024671603141830367, 0.0991071333887712, 0.010205966422111246, -0.03551484021517126, -0.021639012743968955, -0.06879235308365939, 0.19230816876252899, 0.381337315387027, -0.03515908455951067, -0.06904277503960632, 0.19506183469331884, -0.037324347815390624, 0.15090456490430793, -0.19206965026422118, -0.18902804510118454, -0.03313572545602561, -0.9196283347063998, 0.11660506631006573, 0.04019349693713625, -0.0538109450132227, -0.017953806343514067, 0.06447648798562522, -0.18196283577735883, -0.05279553058040154, 0.02832781457637701, -0.15245135871548943, -0.04854972761470666, 0.04986945630245554, 0.044389935708280426, 0.034276445933365984, -0.2842104374761272, -0.020940472537890997, -0.10155739675380282, 0.16918588750443941, 0.020077416678011772, 0.04738886898050776, 0.005002213230761221, 0.10615821810797588, 0.09212102524491073, -0.04946447050821856, -0.27420037503729766, -0.04752667511624775, -0.17431972728646805, -0.301996867770395, 0.02717286358795601, -0.05706285890213714, 0.03290864012976513, -0.07095512477224641, -0.09864517831549069, -0.059961496804081804, 0.21604210404394397, -0.4105827929911898, 0.06262637333808119, -0.0799607114549028, -0.13843031204918876, -0.5379716030054231, 0.1634359619616026, -0.0645367460494386, 0.01155375527655167, 0.17517948753784118, -0.11696780364947923, 0.2008496131258335, -0.13365881117722367, 0.0013617963624872331, 0.21372479103513786, 0.24012415518311325, -0.0716088043347547, -0.0506654789424017, 0.4008632644578487, 0.07218452676824505, 0.2651971774267192, -0.1535963228381796, 0.18670229419075834, -0.07741430280712347, -0.18841516805754122, 0.07674681954560025, 0.04009993365377529, 0.06159747529562498, -0.6403176467082661, 0.4287118602012745, 0.10529343038592476, -0.18489346308873955, -0.21833927053106716, 0.05820196997669225, -0.06695593414589851, -0.03970488765033586, -0.33426386189983415, 0.17113786303177925, -0.08079793090753906, 0.10397609033438915, 0.11268560400071337, 0.01399974242829849, 0.07625015559596537, 0.07348984713427775, 0.16191782167923208, 0.3679742825830141, 0.06545677300482833, -0.011713378681687203, -0.004961197759384639, -0.0582516415941301, 0.01115216068303937, 0.18661523909832134, 0.1413846931165983, -0.011285768836944321, -0.030027976987453187, 0.07014394299150073, 0.00910701825615945, 0.04896112616932058, -0.11017915194438022, 0.11456111843570049, 0.034935832927084576, -0.19073512201244203, 0.22437371141064322, 0.0404128174690257, -0.060406693802522504, -0.2708999743931617, -0.04192222407673274, 0.14939234823942638, 0.052220491896920684, -0.05950221305930192, -0.38528179335077795, -0.41968518730373194]"
2,"['lNONHSAG000008', 'lNONHSAG000047', 'lNONHSAG000059', 'lNONHSAG000069', 'lNONHSAG000130', 'lNONHSAG000158', 'lNONHSAG000195', 'lNONHSAG000241', 'lNONHSAG000253', 'lNONHSAG000310', 'lNONHSAG000311', 'lNONHSAG000374', 'lNONHSAG000381', 'lNONHSAG000464', 'lNONHSAG000484', 'lNONHSAG000498', 'lNONHSAG000579', 'lNONHSAG000584', 'lNONHSAG000603', 'lNONHSAG000625', 'lNONHSAG000742', 'lNONHSAG000769', 'lNONHSAG000840', 'lNONHSAG000843', 'lNONHSAG000863', 'lNONHSAG000918', 'lNONHSAG000938', 'lNONHSAG000967', 'lNONHSAG001142', 'lNONHSAG001172', 'lNONHSAG001247', 'lNONHSAG001259', 'lNONHSAG001278', 'lNONHSAG001284', 'lNONHSAG001360', 'lNONHSAG001375', 'lNONHSAG001448', 'lNONHSAG001468', 'lNONHSAG001499', 'lNONHSAG001513', 'lNONHSAG001696', 'lNONHSAG001724', 'lNONHSAG001773', 'lNONHSAG001837', 'lNONHSAG001941', 'lNONHSAG001993', 'lNONHSAG002058', 'lNONHSAG002086', 'lNONHSAG002134', 'lNONHSAG002135', 'lNONHSAG002343', 'lNONHSAG002359', 'lNONHSAG002376', 'lNONHSAG002454', 'lNONHSAG002549', 'lNONHSAG002617', 'lNONHSAG002669', 'lNONHSAG002701', 'lNONHSAG002719', 'lNONHSAG002731', 'lNONHSAG002752', 'lNONHSAG002859', 'lNONHSAG002978', 'lNONHSAG003056', 'lNONHSAG003068', 'lNONHSAG003074', 'lNONHSAG003119', 'lNONHSAG003134', 'lNONHSAG003156', 'lNONHSAG003198', 'lNONHSAG003244', 'lNONHSAG003260', 'lNONHSAG003303', 'lNONHSAG003374', 'lNONHSAG003504', 'lNONHSAG003505', 'lNONHSAG003512', 'lNONHSAG003645', 'lNONHSAG003820', 'lNONHSAG003884', 'lNONHSAG003886', 'lNONHSAG003900', 'lNONHSAG003911', 'lNONHSAG003912', 'lNONHSAG003938', 'lNONHSAG003957', 'lNONHSAG003976', 'lNONHSAG004013', 'lNONHSAG004026', 'lNONHSAG004054', 'lNONHSAG004095', 'lNONHSAG004247', 'lNONHSAG004303', 'lNONHSAG004305', 'lNONHSAG004373', 'lNONHSAG004619', 'lNONHSAG004673', 'lNONHSAG004674', 'lNONHSAG004743', 'lNONHSAG004779', 'lNONHSAG005084', 'lNONHSAG005153', 'lNONHSAG005339', 'lNONHSAG005377', 'lNONHSAG005403', 'lNONHSAG005482', 'lNONHSAG005669', 'lNONHSAG005699', 'lNONHSAG005711', 'lNONHSAG005721', 'lNONHSAG005728', 'lNONHSAG005732', 'lNONHSAG005780', 'lNONHSAG005838', 'lNONHSAG005866', 'lNONHSAG005920', 'lNONHSAG006007', 'lNONHSAG006049', 'lNONHSAG006050', 'lNONHSAG006054', 'lNONHSAG006071', 'lNONHSAG006163', 'lNONHSAG006212', 'lNONHSAG006238', 'lNONHSAG006301', 'lNONHSAG006341', 'lNONHSAG006362', 'lNONHSAG006457', 'lNONHSAG006474', 'lNONHSAG006477', 'lNONHSAG006526', 'lNONHSAG006633', 'lNONHSAG006678', 'lNONHSAG006692', 'lNONHSAG006735', 'lNONHSAG006756', 'lNONHSAG006763', 'lNONHSAG006772', 'lNONHSAG006865', 'lNONHSAG006945', 'lNONHSAG006966', 'lNONHSAG007109', 'lNONHSAG007295', 'lNONHSAG007324', 'lNONHSAG007384', 'lNONHSAG007430', 'lNONHSAG007431', 'lNONHSAG007455', 'lNONHSAG007463', 'lNONHSAG007487', 'lNONHSAG007602', 'lNONHSAG007631', 'lNONHSAG007692', 'lNONHSAG007708', 'lNONHSAG007715', 'lNONHSAG007868', 'lNONHSAG007961', 'lNONHSAG007983', 'lNONHSAG008056', 'lNONHSAG008167', 'lNONHSAG008199', 'lNONHSAG008220', 'lNONHSAG008354', 'lNONHSAG008517', 'lNONHSAG008540', 'lNONHSAG008552', 'lNONHSAG008589', 'lNONHSAG008615', 'lNONHSAG008670', 'lNONHSAG008675', 'lNONHSAG008693', 'lNONHSAG008726', 'lNONHSAG008728', 'lNONHSAG008759', 'lNONHSAG008859', 'lNONHSAG008952', 'lNONHSAG008966', 'lNONHSAG009021', 'lNONHSAG009039', 'lNONHSAG009059', 'lNONHSAG009062', 'lNONHSAG009124', 'lNONHSAG009130', 'lNONHSAG009133', 'lNONHSAG009134', 'lNONHSAG009174', 'lNONHSAG009193', 'lNONHSAG009228', 'lNONHSAG009544', 'lNONHSAG009546', 'lNONHSAG009613', 'lNONHSAG009636', 'lNONHSAG009728', 'lNONHSAG009747', 'lNONHSAG009755', 'lNONHSAG009757', 'lNONHSAG009782', 'lNONHSAG009913', 'lNONHSAG009938', 'lNONHSAG009945', 'lNONHSAG009950', 'lNONHSAG009968', 'lNONHSAG009989', 'lNONHSAG010021', 'lNONHSAG010117', 'lNONHSAG010179', 'lNONHSAG010184', 'lNONHSAG010186', 'lNONHSAG010189', 'lNONHSAG010190', 'lNONHSAG010194', 'lNONHSAG010200', 'lNONHSAG010348', 'lNONHSAG010352', 'lNONHSAG010405', 'lNONHSAG010416', 'lNONHSAG010543', 'lNONHSAG010657', 'lNONHSAG010658', 'lNONHSAG010716', 'lNONHSAG010792', 'lNONHSAG010798', 'lNONHSAG010989', 'lNONHSAG011028', 'lNONHSAG011057', 'lNONHSAG011070', 'lNONHSAG011084', 'lNONHSAG011086', 'lNONHSAG011090', 'lNONHSAG011121', 'lNONHSAG011125', 'lNONHSAG011211', 'lNONHSAG011230', 'lNONHSAG011264', 'lNONHSAG011337', 'lNONHSAG011343', 'lNONHSAG011375', 'lNONHSAG011439', 'lNONHSAG011446', 'lNONHSAG011518', 'lNONHSAG011576', 'lNONHSAG011633', 'lNONHSAG011658', 'lNONHSAG011790', 'lNONHSAG011854', 'lNONHSAG011870', 'lNONHSAG011935', 'lNONHSAG012025', 'lNONHSAG012076', 'lNONHSAG012077', 'lNONHSAG012099', 'lNONHSAG012303', 'lNONHSAG012339', 'lNONHSAG012367', 'lNONHSAG012375', 'lNONHSAG012423', 'lNONHSAG012476', 'lNONHSAG012505', 'lNONHSAG012534', 'lNONHSAG012540', 'lNONHSAG012549', 'lNONHSAG012555', 'lNONHSAG012594', 'lNONHSAG012614', 'lNONHSAG012617', 'lNONHSAG012751', 'lNONHSAG012791', 'lNONHSAG013005', 'lNONHSAG013095', 'lNONHSAG013098', 'lNONHSAG013109', 'lNONHSAG013388', 'lNONHSAG013431', 'lNONHSAG013475', 'lNONHSAG013515', 'lNONHSAG013534', 'lNONHSAG013568', 'lNONHSAG013708', 'lNONHSAG013730', 'lNONHSAG013790', 'lNONHSAG013809', 'lNONHSAG013912', 'lNONHSAG013917', 'lNONHSAG013940', 'lNONHSAG013944', 'lNONHSAG013946', 'lNONHSAG013954', 'lNONHSAG013992', 'lNONHSAG014112', 'lNONHSAG014130', 'lNONHSAG014267', 'lNONHSAG014289', 'lNONHSAG014332', 'lNONHSAG014372', 'lNONHSAG014373', 'lNONHSAG014381', 'lNONHSAG014496', 'lNONHSAG014502', 'lNONHSAG014546', 'lNONHSAG014562', 'lNONHSAG014591', 'lNONHSAG014672', 'lNONHSAG014679', 'lNONHSAG014730', 'lNONHSAG014890', 'lNONHSAG014891', 'lNONHSAG014914', 'lNONHSAG015044', 'lNONHSAG015163', 'lNONHSAG015215', 'lNONHSAG015234', 'lNONHSAG015417', 'lNONHSAG015454', 'lNONHSAG015461', 'lNONHSAG015505', 'lNONHSAG015591', 'lNONHSAG015623', 'lNONHSAG015692', 'lNONHSAG015723', 'lNONHSAG015787', 'lNONHSAG015788', 'lNONHSAG016021', 'lNONHSAG016068', 'lNONHSAG016118', 'lNONHSAG016199', 'lNONHSAG016307', 'lNONHSAG016395', 'lNONHSAG016486', 'lNONHSAG016487', 'lNONHSAG016576', 'lNONHSAG016611', 'lNONHSAG016618', 'lNONHSAG016623', 'lNONHSAG016741', 'lNONHSAG016771', 'lNONHSAG016822', 'lNONHSAG016893', 'lNONHSAG017020', 'lNONHSAG017060', 'lNONHSAG017232', 'lNONHSAG017238', 'lNONHSAG017254', 'lNONHSAG017282', 'lNONHSAG017288', 'lNONHSAG017344', 'lNONHSAG017347', 'lNONHSAG017349', 'lNONHSAG017376', 'lNONHSAG017377', 'lNONHSAG017379', 'lNONHSAG017417', 'lNONHSAG017486', 'lNONHSAG017504', 'lNONHSAG017567', 'lNONHSAG017666', 'lNONHSAG017767', 'lNONHSAG017783', 'lNONHSAG017882', 'lNONHSAG017890', 'lNONHSAG017899', 'lNONHSAG018053', 'lNONHSAG018054', 'lNONHSAG018058', 'lNONHSAG018110', 'lNONHSAG018180', 'lNONHSAG018236', 'lNONHSAG018313', 'lNONHSAG018322', 'lNONHSAG018326', 'lNONHSAG018341', 'lNONHSAG018344', 'lNONHSAG018372', 'lNONHSAG018374', 'lNONHSAG018414', 'lNONHSAG018415', 'lNONHSAG018416', 'lNONHSAG018417', 'lNONHSAG018420', 'lNONHSAG018461', 'lNONHSAG018530', 'lNONHSAG018586', 'lNONHSAG018621', 'lNONHSAG018635', 'lNONHSAG018656', 'lNONHSAG018659', 'lNONHSAG018709', 'lNONHSAG018711', 'lNONHSAG018829', 'lNONHSAG018889', 'lNONHSAG018893', 'lNONHSAG018903', 'lNONHSAG018980', 'lNONHSAG019003', 'lNONHSAG019012', 'lNONHSAG019021', 'lNONHSAG019023', 'lNONHSAG019049', 'lNONHSAG019051', 'lNONHSAG019090', 'lNONHSAG019115', 'lNONHSAG019134', 'lNONHSAG019158', 'lNONHSAG019221', 'lNONHSAG019270', 'lNONHSAG019332', 'lNONHSAG019370', 'lNONHSAG019439', 'lNONHSAG019493', 'lNONHSAG019569', 'lNONHSAG019613', 'lNONHSAG019667', 'lNONHSAG019670', 'lNONHSAG019711', 'lNONHSAG019767', 'lNONHSAG019813', 'lNONHSAG019848', 'lNONHSAG019852', 'lNONHSAG019878', 'lNONHSAG019898', 'lNONHSAG019967', 'lNONHSAG020053', 'lNONHSAG020066', 'lNONHSAG020068', 'lNONHSAG020075', 'lNONHSAG020091', 'lNONHSAG020153', 'lNONHSAG020155', 'lNONHSAG020252', 'lNONHSAG020259', 'lNONHSAG020260', 'lNONHSAG020273', 'lNONHSAG020274', 'lNONHSAG020278', 'lNONHSAG020281', 'lNONHSAG020298', 'lNONHSAG020304', 'lNONHSAG020307', 'lNONHSAG020312', 'lNONHSAG020321', 'lNONHSAG020325', 'lNONHSAG020339', 'lNONHSAG020361', 'lNONHSAG020367', 'lNONHSAG020372', 'lNONHSAG020374', 'lNONHSAG020382', 'lNONHSAG020403', 'lNONHSAG020474', 'lNONHSAG020476', 'lNONHSAG020600', 'lNONHSAG020616', 'lNONHSAG020729', 'lNONHSAG020731', 'lNONHSAG020755', 'lNONHSAG020760', 'lNONHSAG020762', 'lNONHSAG020771', 'lNONHSAG020869', 'lNONHSAG020957', 'lNONHSAG020990', 'lNONHSAG021042', 'lNONHSAG021072', 'lNONHSAG021307', 'lNONHSAG021309', 'lNONHSAG021315', 'lNONHSAG021335', 'lNONHSAG021342', 'lNONHSAG021347', 'lNONHSAG021370', 'lNONHSAG021390', 'lNONHSAG021400', 'lNONHSAG021408', 'lNONHSAG021410', 'lNONHSAG021431', 'lNONHSAG021432', 'lNONHSAG021433', 'lNONHSAG021471', 'lNONHSAG021557', 'lNONHSAG021566', 'lNONHSAG021567', 'lNONHSAG021584', 'lNONHSAG021638', 'lNONHSAG021641', 'lNONHSAG021698', 'lNONHSAG021780', 'lNONHSAG021820', 'lNONHSAG021874', 'lNONHSAG021878', 'lNONHSAG021893', 'lNONHSAG021909', 'lNONHSAG021976', 'lNONHSAG021981', 'lNONHSAG022009', 'lNONHSAG022058', 'lNONHSAG022078', 'lNONHSAG022094', 'lNONHSAG022103', 'lNONHSAG022110', 'lNONHSAG022125', 'lNONHSAG022127', 'lNONHSAG022162', 'lNONHSAG022328', 'lNONHSAG022339', 'lNONHSAG022378', 'lNONHSAG022495', 'lNONHSAG022510', 'lNONHSAG022551', 'lNONHSAG022579', 'lNONHSAG022595', 'lNONHSAG022655', 'lNONHSAG022690', 'lNONHSAG022750', 'lNONHSAG022806', 'lNONHSAG022836', 'lNONHSAG022851', 'lNONHSAG022888', 'lNONHSAG022893', 'lNONHSAG022965', 'lNONHSAG022972', 'lNONHSAG022980', 'lNONHSAG022982', 'lNONHSAG023003', 'lNONHSAG023073', 'lNONHSAG023175', 'lNONHSAG023237', 'lNONHSAG023375', 'lNONHSAG023387', 'lNONHSAG023392', 'lNONHSAG023494', 'lNONHSAG023512', 'lNONHSAG023553', 'lNONHSAG023579', 'lNONHSAG023598', 'lNONHSAG023614', 'lNONHSAG023630', 'lNONHSAG023633', 'lNONHSAG023661', 'lNONHSAG023668', 'lNONHSAG023864', 'lNONHSAG023885', 'lNONHSAG023930', 'lNONHSAG023964', 'lNONHSAG024117', 'lNONHSAG024141', 'lNONHSAG024146', 'lNONHSAG024224', 'lNONHSAG024244', 'lNONHSAG024282', 'lNONHSAG024332', 'lNONHSAG024340', 'lNONHSAG024341', 'lNONHSAG024354', 'lNONHSAG024361', 'lNONHSAG024362', 'lNONHSAG024364', 'lNONHSAG024381', 'lNONHSAG024391', 'lNONHSAG024393', 'lNONHSAG024395', 'lNONHSAG024428', 'lNONHSAG024540', 'lNONHSAG024542', 'lNONHSAG024637', 'lNONHSAG024668', 'lNONHSAG024671', 'lNONHSAG024676', 'lNONHSAG024681', 'lNONHSAG024741', 'lNONHSAG024809', 'lNONHSAG024810', 'lNONHSAG024818', 'lNONHSAG024826', 'lNONHSAG024903', 'lNONHSAG024905', 'lNONHSAG024908', 'lNONHSAG024913', 'lNONHSAG024921', 'lNONHSAG024923', 'lNONHSAG024925', 'lNONHSAG024979', 'lNONHSAG025011', 'lNONHSAG025135', 'lNONHSAG025137', 'lNONHSAG025157', 'lNONHSAG025185', 'lNONHSAG025319', 'lNONHSAG025352', 'lNONHSAG025609', 'lNONHSAG025712', 'lNONHSAG025743', 'lNONHSAG025744', 'lNONHSAG025864', 'lNONHSAG025865', 'lNONHSAG025867', 'lNONHSAG025907', 'lNONHSAG025934', 'lNONHSAG025939', 'lNONHSAG025964', 'lNONHSAG025997', 'lNONHSAG026053', 'lNONHSAG026089', 'lNONHSAG026103', 'lNONHSAG026153', 'lNONHSAG026176', 'lNONHSAG026205', 'lNONHSAG026274', 'lNONHSAG026386', 'lNONHSAG026575', 'lNONHSAG026631', 'lNONHSAG026661', 'lNONHSAG026720', 'lNONHSAG026721', 'lNONHSAG026737', 'lNONHSAG026743', 'lNONHSAG026781', 'lNONHSAG026794', 'lNONHSAG026852', 'lNONHSAG026854', 'lNONHSAG026856', 'lNONHSAG027017', 'lNONHSAG027075', 'lNONHSAG027110', 'lNONHSAG027276', 'lNONHSAG027278', 'lNONHSAG027323', 'lNONHSAG027342', 'lNONHSAG027374', 'lNONHSAG027421', 'lNONHSAG027598', 'lNONHSAG027618', 'lNONHSAG027675', 'lNONHSAG027682', 'lNONHSAG027694', 'lNONHSAG027709', 'lNONHSAG027837', 'lNONHSAG027874', 'lNONHSAG027876', 'lNONHSAG028045', 'lNONHSAG028083', 'lNONHSAG028093', 'lNONHSAG028112', 'lNONHSAG028141', 'lNONHSAG028142', 'lNONHSAG028159', 'lNONHSAG028713', 'lNONHSAG028720', 'lNONHSAG028817', 'lNONHSAG028820', 'lNONHSAG028857', 'lNONHSAG028870', 'lNONHSAG028913', 'lNONHSAG028918', 'lNONHSAG028948', 'lNONHSAG028996', 'lNONHSAG029080', 'lNONHSAG029124', 'lNONHSAG029267', 'lNONHSAG029312', 'lNONHSAG029336', 'lNONHSAG029377', 'lNONHSAG029467', 'lNONHSAG029668', 'lNONHSAG029792', 'lNONHSAG029830', 'lNONHSAG029873', 'lNONHSAG029880', 'lNONHSAG029933', 'lNONHSAG029956', 'lNONHSAG029957', 'lNONHSAG029958', 'lNONHSAG029959', 'lNONHSAG029960', 'lNONHSAG029961', 'lNONHSAG029962', 'lNONHSAG029964', 'lNONHSAG029965', 'lNONHSAG029985', 'lNONHSAG030074', 'lNONHSAG030113', 'lNONHSAG030258', 'lNONHSAG030278', 'lNONHSAG030279', 'lNONHSAG030304', 'lNONHSAG030410', 'lNONHSAG030440', 'lNONHSAG030516', 'lNONHSAG030525', 'lNONHSAG030582', 'lNONHSAG030583', 'lNONHSAG030738', 'lNONHSAG030739', 'lNONHSAG030742', 'lNONHSAG031035', 'lNONHSAG031123', 'lNONHSAG031261', 'lNONHSAG031385', 'lNONHSAG031425', 'lNONHSAG031452', 'lNONHSAG031453', 'lNONHSAG031456', 'lNONHSAG031481', 'lNONHSAG031563', 'lNONHSAG031565', 'lNONHSAG031581', 'lNONHSAG031636', 'lNONHSAG031696', 'lNONHSAG031853', 'lNONHSAG031900', 'lNONHSAG031913', 'lNONHSAG031991', 'lNONHSAG032063', 'lNONHSAG032126', 'lNONHSAG032247', 'lNONHSAG032267', 'lNONHSAG032297', 'lNONHSAG032302', 'lNONHSAG032309', 'lNONHSAG032312', 'lNONHSAG032537', 'lNONHSAG032664', 'lNONHSAG032724', 'lNONHSAG032735', 'lNONHSAG032737', 'lNONHSAG032748', 'lNONHSAG032750', 'lNONHSAG033027', 'lNONHSAG033105', 'lNONHSAG033107', 'lNONHSAG033121', 'lNONHSAG033168', 'lNONHSAG033170', 'lNONHSAG033224', 'lNONHSAG033254', 'lNONHSAG033263', 'lNONHSAG033266', 'lNONHSAG033298', 'lNONHSAG033328', 'lNONHSAG033334', 'lNONHSAG033342', 'lNONHSAG033348', 'lNONHSAG033352', 'lNONHSAG033368', 'lNONHSAG033386', 'lNONHSAG033390', 'lNONHSAG033435', 'lNONHSAG033459', 'lNONHSAG033471', 'lNONHSAG033480', 'lNONHSAG033528', 'lNONHSAG033589', 'lNONHSAG033611', 'lNONHSAG033645', 'lNONHSAG033691', 'lNONHSAG033716', 'lNONHSAG033735', 'lNONHSAG033748', 'lNONHSAG033810', 'lNONHSAG033862', 'lNONHSAG033896', 'lNONHSAG033898', 'lNONHSAG033899', 'lNONHSAG033937', 'lNONHSAG033940', 'lNONHSAG034006', 'lNONHSAG034014', 'lNONHSAG034021', 'lNONHSAG034032', 'lNONHSAG034217', 'lNONHSAG034316', 'lNONHSAG034417', 'lNONHSAG034492', 'lNONHSAG034508', 'lNONHSAG034527', 'lNONHSAG034676', 'lNONHSAG034678', 'lNONHSAG034801', 'lNONHSAG034845', 'lNONHSAG034846', 'lNONHSAG034935', 'lNONHSAG034973', 'lNONHSAG035096', 'lNONHSAG035103', 'lNONHSAG035262', 'lNONHSAG035287', 'lNONHSAG035382', 'lNONHSAG035456', 'lNONHSAG035568', 'lNONHSAG035806', 'lNONHSAG035914', 'lNONHSAG035916', 'lNONHSAG035919', 'lNONHSAG035923', 'lNONHSAG036054', 'lNONHSAG036115', 'lNONHSAG036120', 'lNONHSAG036255', 'lNONHSAG036263', 'lNONHSAG036273', 'lNONHSAG036403', 'lNONHSAG036412', 'lNONHSAG036413', 'lNONHSAG036612', 'lNONHSAG036615', 'lNONHSAG036667', 'lNONHSAG036718', 'lNONHSAG036783', 'lNONHSAG036922', 'lNONHSAG036926', 'lNONHSAG037025', 'lNONHSAG037061', 'lNONHSAG037072', 'lNONHSAG037080', 'lNONHSAG037082', 'lNONHSAG037083', 'lNONHSAG037096', 'lNONHSAG037137', 'lNONHSAG037146', 'lNONHSAG037164', 'lNONHSAG037241', 'lNONHSAG037420', 'lNONHSAG037559', 'lNONHSAG037827', 'lNONHSAG037891', 'lNONHSAG037936', 'lNONHSAG037946', 'lNONHSAG038001', 'lNONHSAG038024', 'lNONHSAG038060', 'lNONHSAG038091', 'lNONHSAG038162', 'lNONHSAG038343', 'lNONHSAG038344', 'lNONHSAG038397', 'lNONHSAG038530', 'lNONHSAG038561', 'lNONHSAG038578', 'lNONHSAG038663', 'lNONHSAG038676', 'lNONHSAG038682', 'lNONHSAG038836', 'lNONHSAG039037', 'lNONHSAG039147', 'lNONHSAG039293', 'lNONHSAG039319', 'lNONHSAG039617', 'lNONHSAG039620', 'lNONHSAG039634', 'lNONHSAG039637', 'lNONHSAG039654', 'lNONHSAG039664', 'lNONHSAG039669', 'lNONHSAG039749', 'lNONHSAG039872', 'lNONHSAG039951', 'lNONHSAG040188', 'lNONHSAG040226', 'lNONHSAG040241', 'lNONHSAG040269', 'lNONHSAG040320', 'lNONHSAG040329', 'lNONHSAG040408', 'lNONHSAG040444', 'lNONHSAG040481', 'lNONHSAG040542', 'lNONHSAG040544', 'lNONHSAG040560', 'lNONHSAG040601', 'lNONHSAG040692', 'lNONHSAG040700', 'lNONHSAG040729', 'lNONHSAG040804', 'lNONHSAG040859', 'lNONHSAG040870', 'lNONHSAG040909', 'lNONHSAG040945', 'lNONHSAG040958', 'lNONHSAG040969', 'lNONHSAG040976', 'lNONHSAG041002', 'lNONHSAG041023', 'lNONHSAG041241', 'lNONHSAG041250', 'lNONHSAG041256', 'lNONHSAG041257', 'lNONHSAG041480', 'lNONHSAG041528', 'lNONHSAG041529', 'lNONHSAG041592', 'lNONHSAG041670', 'lNONHSAG041707', 'lNONHSAG041716', 'lNONHSAG041758', 'lNONHSAG041844', 'lNONHSAG041883', 'lNONHSAG041938', 'lNONHSAG041966', 'lNONHSAG041981', 'lNONHSAG042033', 'lNONHSAG042050', 'lNONHSAG042062', 'lNONHSAG042080', 'lNONHSAG042132', 'lNONHSAG042138', 'lNONHSAG042257', 'lNONHSAG042270', 'lNONHSAG042307', 'lNONHSAG042370', 'lNONHSAG042433', 'lNONHSAG042476', 'lNONHSAG042491', 'lNONHSAG042500', 'lNONHSAG042722', 'lNONHSAG042724', 'lNONHSAG042836', 'lNONHSAG042855', 'lNONHSAG042957', 'lNONHSAG042966', 'lNONHSAG042970', 'lNONHSAG042991', 'lNONHSAG043138', 'lNONHSAG043159', 'lNONHSAG043250', 'lNONHSAG043433', 'lNONHSAG043592', 'lNONHSAG043625', 'lNONHSAG043657', 'lNONHSAG043770', 'lNONHSAG043851', 'lNONHSAG043934', 'lNONHSAG044022', 'lNONHSAG044041', 'lNONHSAG044283', 'lNONHSAG044350', 'lNONHSAG044406', 'lNONHSAG044429', 'lNONHSAG044624', 'lNONHSAG044666', 'lNONHSAG044709', 'lNONHSAG044751', 'lNONHSAG044791', 'lNONHSAG045131', 'lNONHSAG045163', 'lNONHSAG045166', 'lNONHSAG045306', 'lNONHSAG045383', 'lNONHSAG045430', 'lNONHSAG046722', 'lNONHSAG046765', 'lNONHSAG046781', 'lNONHSAG046811', 'lNONHSAG046839', 'lNONHSAG046953', 'lNONHSAG047182', 'lNONHSAG047191', 'lNONHSAG047197', 'lNONHSAG047260', 'lNONHSAG047319', 'lNONHSAG047433', 'lNONHSAG047463', 'lNONHSAG047471', 'lNONHSAG047507', 'lNONHSAG047543', 'lNONHSAG047544', 'lNONHSAG047547', 'lNONHSAG047619', 'lNONHSAG047620', 'lNONHSAG047725', 'lNONHSAG047792', 'lNONHSAG047796', 'lNONHSAG047830', 'lNONHSAG047840', 'lNONHSAG047842', 'lNONHSAG047851', 'lNONHSAG047951', 'lNONHSAG047973', 'lNONHSAG047974', 'lNONHSAG048057', 'lNONHSAG048101', 'lNONHSAG048114', 'lNONHSAG048189', 'lNONHSAG048191', 'lNONHSAG048201', 'lNONHSAG048228', 'lNONHSAG048231', 'lNONHSAG048270', 'lNONHSAG048302', 'lNONHSAG048323', 'lNONHSAG048354', 'lNONHSAG048439', 'lNONHSAG048464', 'lNONHSAG048598', 'lNONHSAG048602', 'lNONHSAG048610', 'lNONHSAG048623', 'lNONHSAG048624', 'lNONHSAG048626', 'lNONHSAG048641', 'lNONHSAG048682', 'lNONHSAG048695', 'lNONHSAG048781', 'lNONHSAG048817', 'lNONHSAG049037', 'lNONHSAG049050', 'lNONHSAG049051', 'lNONHSAG049119', 'lNONHSAG049129', 'lNONHSAG049185', 'lNONHSAG049191', 'lNONHSAG049288', 'lNONHSAG049303', 'lNONHSAG049356', 'lNONHSAG049421', 'lNONHSAG049626', 'lNONHSAG049655', 'lNONHSAG049754', 'lNONHSAG049901', 'lNONHSAG050073', 'lNONHSAG050104', 'lNONHSAG050167', 'lNONHSAG050168', 'lNONHSAG050272', 'lNONHSAG050284', 'lNONHSAG050345', 'lNONHSAG050423', 'lNONHSAG050445', 'lNONHSAG050493', 'lNONHSAG050518', 'lNONHSAG050670', 'lNONHSAG050725', 'lNONHSAG050769', 'lNONHSAG050786', 'lNONHSAG050815', 'lNONHSAG050929', 'lNONHSAG050985', 'lNONHSAG051010', 'lNONHSAG051015', 'lNONHSAG051166', 'lNONHSAG051196', 'lNONHSAG051245', 'lNONHSAG051250', 'lNONHSAG051255', 'lNONHSAG051259', 'lNONHSAG051260', 'lNONHSAG051263', 'lNONHSAG051266', 'lNONHSAG051291', 'lNONHSAG051448', 'lNONHSAG051454', 'lNONHSAG051484', 'lNONHSAG051514', 'lNONHSAG051517', 'lNONHSAG051523', 'lNONHSAG051542', 'lNONHSAG051567', 'lNONHSAG051568', 'lNONHSAG051603', 'lNONHSAG051770', 'lNONHSAG051898', 'lNONHSAG051958', 'lNONHSAG052046', 'lNONHSAG052082', 'lNONHSAG052097', 'lNONHSAG052119', 'lNONHSAG052151', 'lNONHSAG052179', 'lNONHSAG052459', 'lNONHSAG052491', 'lNONHSAG052492', 'lNONHSAG052495', 'lNONHSAG052510', 'lNONHSAG052511', 'lNONHSAG052609', 'lNONHSAG052680', 'lNONHSAG052709', 'lNONHSAG052853', 'lNONHSAG052908', 'lNONHSAG052925', 'lNONHSAG052929', 'lNONHSAG052931', 'lNONHSAG052933', 'lNONHSAG052943', 'lNONHSAG053014', 'lNONHSAG053028', 'lNONHSAG053033', 'lNONHSAG053082', 'lNONHSAG053108', 'lNONHSAG053162', 'lNONHSAG053228', 'lNONHSAG053419', 'lNONHSAG053456', 'lNONHSAG053499', 'lNONHSAG053502', 'lNONHSAG053546', 'lNONHSAG053547', 'lNONHSAG053590', 'lNONHSAG053602', 'lNONHSAG053626', 'lNONHSAG053631', 'lNONHSAG053651', 'lNONHSAG053716', 'lNONHSAG053719', 'lNONHSAG053748', 'lNONHSAG053796', 'lNONHSAG053802', 'lNONHSAG053842', 'lNONHSAG054024', 'lNONHSAG054038', 'lNONHSAG054212', 'lNONHSAG054213', 'lNONHSAG054214', 'lNONHSAG054215', 'lNONHSAG054360', 'lNONHSAG054432', 'lNONHSAG054699', 'lNONHSAG054717', 'lNONHSAG054718', 'lNONHSAG054780', 'lNONHSAG054791', 'lNONHSAG054807', 'lNONHSAG054832', 'lNONHSAG055088', 'lNONHSAG055092', 'lNONHSAG055151', 'lNONHSAG055258', 'lNONHSAG055350', 'lNONHSAG055418', 'lNONHSAG055546', 'lNONHSAG055558', 'lNONHSAG055565', 'lNONHSAG055577', 'lNONHSAG055582', 'lNONHSAG056025', 'lNONHSAG056053', 'lNONHSAG056451', 'lNONHSAG056733', 'lNONHSAG056746', 'lNONHSAG056868', 'lNONHSAG056875', 'lNONHSAG057043', 'lNONHSAG057222', 'lNONHSAG057260', 'lNONHSAG058006', 'lNONHSAG058109', 'lNONHSAG058118', 'lNONHSAG058128', 'lNONHSAG058533', 'lNONHSAG058967', 'lNONHSAG059768', 'lNONHSAG060586', 'lNONHSAG061096', 'lNONHSAG061404', 'lNONHSAG061492', 'lNONHSAG063700', 'lNONHSAG064784', 'lNONHSAG064962', 'lNONHSAG065364', 'lNONHSAG066253', 'lNONHSAG068402', 'lNONHSAG068639', 'lNONHSAG069030', 'lNONHSAG069147', 'lNONHSAG069277', 'lNONHSAG069876', 'lNONHSAG070257', 'lNONHSAG071444', 'lNONHSAG072176', 'lNONHSAG072945', 'lNONHSAG073025', 'lNONHSAG073380', 'lNONHSAG073406', 'lNONHSAG073419', 'lNONHSAG073786', 'lNONHSAG074052', 'lNONHSAG075363', 'lNONHSAG077475', 'lNONHSAG077527', 'lNONHSAG077551', 'lNONHSAG079231', 'lNONHSAG080772', 'lNONHSAG081227', 'lNONHSAG081583', 'lNONHSAG081993', 'lNONHSAG082891', 'lNONHSAG083209', 'lNONHSAG083289', 'lNONHSAG083615', 'lNONHSAG083859', 'lNONHSAG083894', 'lNONHSAG084701', 'lNONHSAG084832', 'lNONHSAG084937', 'lNONHSAG085975', 'lNONHSAG089857', 'lNONHSAG091116', 'lNONHSAG091284', 'lNONHSAG091452', 'lNONHSAG091943', 'lNONHSAG092907', 'lNONHSAG093078', 'lNONHSAG093517', 'lNONHSAG094075', 'lNONHSAG094129', 'lNONHSAG094269', 'lNONHSAG096130', 'lNONHSAG096227', 'lNONHSAG096230', 'lNONHSAG096627', 'lNONHSAG097347', 'lNONHSAG098653', 'lNONHSAG099082', 'lNONHSAG099120', 'lNONHSAG099126', 'lNONHSAG099742', 'lNONHSAG099774', 'lNONHSAG101229', 'lNONHSAG101725', 'lNONHSAG102572', 'lNONHSAG103259', 'lNONHSAG103457', 'lNONHSAG103817', 'lNONHSAG104186', 'lNONHSAG110420', 'lNONHSAG110858', 'lNONHSAG111667', 'lNONHSAG112396', 'lNONHSAG113761', 'lNONHSAG114445', 'lENSG00000163364', 'lENSG00000171889', 'lENSG00000175061', 'lENSG00000179406', 'lENSG00000179523', 'lENSG00000189295', 'lENSG00000198221', 'lENSG00000198468', 'lENSG00000203497', 'lENSG00000223764', 'lENSG00000223783', 'lENSG00000224078', 'lENSG00000224614', 'lENSG00000225470', 'lENSG00000225506', 'lENSG00000226115', 'lENSG00000226137', 'lENSG00000227082', 'lENSG00000227256', 'lENSG00000227963', 'lENSG00000228022', 'lENSG00000228526', 'lENSG00000229267', 'lENSG00000229335', 'lENSG00000229388', 'lENSG00000230046', 'lENSG00000230061', 'lENSG00000230257', 'lENSG00000230313', 'lENSG00000230400', 'lENSG00000230866', 'lENSG00000231019', 'lENSG00000231437', 'lENSG00000231473', 'lENSG00000231663', 'lENSG00000232265', 'lENSG00000232415', 'lENSG00000232442', 'lENSG00000232500', 'lENSG00000233047', 'lENSG00000233387', 'lENSG00000233532', 'lENSG00000233590', 'lENSG00000234169', 'lENSG00000234222', 'lENSG00000234455', 'lENSG00000234546', 'lENSG00000234625', 'lENSG00000235385', 'lENSG00000235535', 'lENSG00000235724', 'lENSG00000236240', 'lENSG00000236671', 'lENSG00000237167', 'lENSG00000237396', 'lENSG00000237880', 'lENSG00000241388', 'lENSG00000242207', 'lENSG00000243479', 'lENSG00000244124', 'lENSG00000245067', 'lENSG00000245146', 'lENSG00000245614', 'lENSG00000247095', 'lENSG00000247373', 'lENSG00000247400', 'lENSG00000247498', 'lENSG00000249532', 'lENSG00000249835', 'lENSG00000249993', 'lENSG00000250635', 'lENSG00000251003', 'lENSG00000251061', 'lENSG00000253315', 'lENSG00000254418', 'lENSG00000254480', 'lENSG00000254508', 'lENSG00000254791', 'lENSG00000255363', 'lENSG00000255427', 'lENSG00000255553', 'lENSG00000255850', 'lENSG00000256742', 'lENSG00000256769', 'lENSG00000257557', 'lENSG00000258197', 'lENSG00000258912', 'lENSG00000259424', 'lENSG00000260219', 'lENSG00000260280', 'lENSG00000260455', 'lENSG00000260924', 'lENSG00000260969', 'lENSG00000261183', 'lENSG00000261423', 'lENSG00000261780', 'lENSG00000263718', 'lENSG00000264672', 'lENSG00000265374', 'lENSG00000266402', 'lENSG00000266970', 'lENSG00000267296', 'lENSG00000267321', 'lENSG00000267395', 'lENSG00000267413', 'lENSG00000267440', 'lENSG00000267858', 'lENSG00000269019', 'lENSG00000269911', 'lENSG00000269939', 'lENSG00000270084', 'lENSG00000270344', 'lENSG00000270959', 'lENSG00000272769', 'lENSG00000274372', 'lENSG00000278709', 'lENSG00000278970', 'lENSG00000279296', 'lENSG00000281189', 'lENSG00000284070', 'lENSG00000285644', 'lENSG00000286004', 'lENSG00000286737', 'lENSG00000288080', 'lENSG00000224739', 'lA1BG-AS1', 'lADAMTS9-AS2', 'lANKRD62P1-PARP4P3', 'lAQP4-AS1', 'lASMTL-AS1', 'lBANCR', 'lCCAT2', 'lCRNDE', 'lDGKK', 'lDLX6-AS1', 'lFEZF1-AS1', 'lGATA3-AS1', 'lGATA6-AS1', 'lGHET1', 'lHEIH', 'lHOTAIRM1', 'lHOXA-AS3', 'lINHBA-AS1', 'lJPX', 'lJRK', 'lKCTD21-AS1', 'lKTN1-AS1', 'lLAMTOR5-AS1', 'lLBX2-AS1', 'lLINC00174', 'lLINC00240', 'lLINC00333', 'lLINC00472', 'lLPP-AS2', 'lMCM3AP-AS1', 'lMEG3', 'lMIR181A1HG', 'lMIR31HG', 'lMYLK-AS1', 'lRHPN1-AS1', 'lRMST', 'lSNHG15', 'lSNHG16', 'lSNX29P2', 'lTEN1-CDK3', 'lTPTEP1', 'lTRAM2-AS1', 'lVCAN-AS1', 'lZFAS1', 'lZNF286B', 'lZNF503-AS2', 'lLINC00461', 'lLINC00514', 'lSLC2A1-AS1', 'lSRP14-AS1', 'lAC007009.1', 'lPWAR6', 'lAC004840.8', 'lAC061992.2', 'lAC103564.7', 'lAC135048.13', 'lAC137723.5', 'lAC137932.5', 'lAL928742.12', 'lAP001058.3', 'lCTB-60B18.10', 'lCTD-2165H16.4', 'lCTD-2195B23.3', 'lCTD-2540L5.5', 'lKB-7G2.8', 'lLA16c-380H5.3', 'lLL22NC03-23C6.13', 'lRP1-283E3.8', 'lRP11-100F15.1', 'lRP11-104E19.1', 'lRP11-108M9.3', 'lRP11-123O10.4', 'lRP11-137H2.4', 'lRP11-197N18.2', 'lRP11-21J18.1', 'lRP11-227H15.4', 'lRP11-243J18.2', 'lRP11-24P14.1', 'lRP11-264B17.3', 'lRP11-276H7.2', 'lRP11-305P14.1', 'lRP11-439K3.1', 'lRP11-467J12.4', 'lRP11-49K24.4', 'lRP11-514P8.8', 'lRP11-54O7.3', 'lRP11-550C4.6', 'lRP11-680A11.5', 'lRP4-756H11.3', 'lRP4-790G17.7', 'lRP5-1061H20.4', 'lRP5-1074L1.1', 'lXXbac-B444P24.8', 'lXXbac-BPG300A18.13', 'lAC018766.4', 'lCTD-2231H16.1', 'lRP11-429J17.8', 'lRP11-672A2.1', 'lRP5-1063M23.1', 'lRP11-495P10.8', 'lRP4-610C12.4', 'lRP11-408H20.2', 'lNONHSAG000157', 'lNONHSAG000265', 'lNONHSAG000297', 'lNONHSAG000298', 'lNONHSAG000623', 'lNONHSAG000636', 'lNONHSAG000896', 'lNONHSAG000969', 'lNONHSAG000994', 'lNONHSAG001008', 'lNONHSAG001014', 'lNONHSAG001028', 'lNONHSAG001030', 'lNONHSAG001033', 'lNONHSAG001147', 'lNONHSAG001171', 'lNONHSAG001207', 'lNONHSAG001240', 'lNONHSAG001258', 'lNONHSAG001419', 'lNONHSAG001435', 'lNONHSAG001613', 'lNONHSAG002403', 'lNONHSAG002487', 'lNONHSAG002619', 'lNONHSAG002726', 'lNONHSAG002790', 'lNONHSAG002816', 'lNONHSAG003227', 'lNONHSAG003308', 'lNONHSAG003418', 'lNONHSAG003810', 'lNONHSAG003881', 'lNONHSAG004227', 'lNONHSAG004351', 'lNONHSAG004475', 'lNONHSAG004507', 'lNONHSAG004638', 'lNONHSAG004893', 'lNONHSAG005249', 'lNONHSAG005363', 'lNONHSAG005473', 'lNONHSAG005522', 'lNONHSAG005652', 'lNONHSAG005679', 'lNONHSAG005690', 'lNONHSAG005717', 'lNONHSAG005725', 'lNONHSAG005739', 'lNONHSAG005740', 'lNONHSAG005746', 'lNONHSAG005747', 'lNONHSAG005760', 'lNONHSAG005769', 'lNONHSAG005789', 'lNONHSAG005797', 'lNONHSAG005809', 'lNONHSAG005821', 'lNONHSAG005830', 'lNONHSAG005842', 'lNONHSAG005847', 'lNONHSAG005851', 'lNONHSAG005852', 'lNONHSAG005853', 'lNONHSAG005855', 'lNONHSAG005856', 'lNONHSAG005857', 'lNONHSAG005859', 'lNONHSAG005862', 'lNONHSAG005867', 'lNONHSAG005870', 'lNONHSAG005901', 'lNONHSAG005915', 'lNONHSAG005935', 'lNONHSAG005936', 'lNONHSAG005939', 'lNONHSAG005985', 'lNONHSAG005986', 'lNONHSAG006012', 'lNONHSAG006022', 'lNONHSAG006078', 'lNONHSAG006086', 'lNONHSAG006091', 'lNONHSAG006097', 'lNONHSAG006103', 'lNONHSAG006160', 'lNONHSAG006166', 'lNONHSAG006183', 'lNONHSAG006186', 'lNONHSAG006187', 'lNONHSAG006188', 'lNONHSAG006206', 'lNONHSAG006220', 'lNONHSAG006235', 'lNONHSAG006240', 'lNONHSAG006279', 'lNONHSAG006290', 'lNONHSAG006293', 'lNONHSAG006300', 'lNONHSAG006314', 'lNONHSAG006324', 'lNONHSAG006376', 'lNONHSAG006377', 'lNONHSAG006382', 'lNONHSAG006388', 'lNONHSAG006395', 'lNONHSAG006399', 'lNONHSAG006412', 'lNONHSAG006434', 'lNONHSAG006440', 'lNONHSAG006450', 'lNONHSAG006459', 'lNONHSAG006479', 'lNONHSAG006487', 'lNONHSAG006493', 'lNONHSAG006536', 'lNONHSAG006551', 'lNONHSAG006554', 'lNONHSAG006555', 'lNONHSAG006557', 'lNONHSAG006576', 'lNONHSAG006579', 'lNONHSAG006581', 'lNONHSAG006586', 'lNONHSAG006591', 'lNONHSAG006602', 'lNONHSAG006653', 'lNONHSAG006669', 'lNONHSAG006716', 'lNONHSAG006748', 'lNONHSAG006750', 'lNONHSAG006765', 'lNONHSAG006779', 'lNONHSAG006808', 'lNONHSAG006830', 'lNONHSAG006832', 'lNONHSAG006837', 'lNONHSAG006855', 'lNONHSAG006863', 'lNONHSAG006883', 'lNONHSAG006889', 'lNONHSAG006894', 'lNONHSAG006897', 'lNONHSAG006909', 'lNONHSAG006915', 'lNONHSAG006922', 'lNONHSAG006970', 'lNONHSAG006976', 'lNONHSAG007000', 'lNONHSAG007023', 'lNONHSAG007029', 'lNONHSAG007031', 'lNONHSAG007035', 'lNONHSAG007063', 'lNONHSAG007065', 'lNONHSAG007087', 'lNONHSAG007093', 'lNONHSAG007103', 'lNONHSAG007118', 'lNONHSAG007123', 'lNONHSAG007129', 'lNONHSAG007139', 'lNONHSAG007155', 'lNONHSAG007166', 'lNONHSAG007172', 'lNONHSAG007203', 'lNONHSAG007222', 'lNONHSAG007224', 'lNONHSAG007225', 'lNONHSAG007242', 'lNONHSAG007259', 'lNONHSAG007268', 'lNONHSAG007278', 'lNONHSAG007286', 'lNONHSAG007298', 'lNONHSAG007414', 'lNONHSAG007429', 'lNONHSAG007458', 'lNONHSAG007488', 'lNONHSAG007507', 'lNONHSAG007533', 'lNONHSAG007543', 'lNONHSAG007544', 'lNONHSAG007554', 'lNONHSAG007574', 'lNONHSAG007578', 'lNONHSAG007587', 'lNONHSAG007599', 'lNONHSAG007621', 'lNONHSAG007632', 'lNONHSAG007638', 'lNONHSAG007730', 'lNONHSAG007932', 'lENSG00000083622', 'lENSG00000105501', 'lENSG00000122043', 'lENSG00000149443', 'lENSG00000167920', 'lENSG00000175746', 'lENSG00000177596', 'lENSG00000178248', 'lENSG00000197644', 'lENSG00000197880', 'lENSG00000198054', 'lENSG00000198671', 'lENSG00000203307', 'lENSG00000203434', 'lENSG00000203469', 'lENSG00000203472', 'lENSG00000203565', 'lENSG00000203605', 'lENSG00000203864', 'lENSG00000204393', 'lENSG00000204464', 'lENSG00000205018', 'lENSG00000205452', 'lENSG00000205500', 'lENSG00000212856', 'lENSG00000219410', 'lENSG00000221845', 'lENSG00000222000', 'lENSG00000222032', 'lENSG00000222044', 'lENSG00000223374', 'lENSG00000223381', 'lENSG00000223387', 'lENSG00000223537', 'lENSG00000223563', 'lENSG00000223598', 'lENSG00000223634', 'lENSG00000223641', 'lENSG00000223643', 'lENSG00000223720', 'lENSG00000223727', 'lENSG00000223786', 'lENSG00000223809', 'lENSG00000223831', 'lENSG00000223870', 'lENSG00000223881', 'lENSG00000223966', 'lENSG00000223993', 'lENSG00000224031', 'lENSG00000224075', 'lENSG00000224087', 'lENSG00000224095', 'lENSG00000224277', 'lENSG00000224330', 'lENSG00000224384', 'lENSG00000224535', 'lENSG00000224541', 'lENSG00000224595', 'lENSG00000224645', 'lENSG00000224655', 'lENSG00000224794', 'lENSG00000224844', 'lENSG00000224857', 'lENSG00000224885', 'lENSG00000224922', 'lENSG00000224972', 'lENSG00000225012', 'lENSG00000225050', 'lENSG00000225146', 'lENSG00000225218', 'lENSG00000225325', 'lENSG00000225334', 'lENSG00000225378', 'lENSG00000225457', 'lENSG00000225537', 'lENSG00000225570', 'lENSG00000225588', 'lENSG00000225647', 'lENSG00000225751', 'lENSG00000225761', 'lENSG00000225798', 'lENSG00000225886', 'lENSG00000225919', 'lENSG00000225929', 'lENSG00000226047', 'lENSG00000226089', 'lENSG00000226133', 'lENSG00000226143', 'lENSG00000226193', 'lENSG00000226194', 'lENSG00000226238', 'lENSG00000226337', 'lENSG00000226352', 'lENSG00000226398', 'lENSG00000226442', 'lENSG00000226454', 'lENSG00000226486', 'lENSG00000226508', 'lENSG00000226522', 'lENSG00000226542', 'lENSG00000226562', 'lENSG00000226566', 'lENSG00000226576', 'lENSG00000226601', 'lENSG00000226647', 'lENSG00000226699', 'lENSG00000226770', 'lENSG00000226813', 'lENSG00000226883', 'lENSG00000226925', 'lENSG00000226956', 'lENSG00000226957', 'lENSG00000227076', 'lENSG00000227125', 'lENSG00000227131', 'lENSG00000227181', 'lENSG00000227330', 'lENSG00000227409', 'lENSG00000227459', 'lENSG00000227482', 'lENSG00000227496', 'lENSG00000227549', 'lENSG00000227579', 'lENSG00000227606', 'lENSG00000227611', 'lENSG00000227716', 'lENSG00000227718', 'lENSG00000227769', 'lENSG00000227863', 'lENSG00000227893', 'lENSG00000227930', 'lENSG00000227958', 'lENSG00000227960', 'lENSG00000228028', 'lENSG00000228082', 'lENSG00000228108', 'lENSG00000228136', 'lENSG00000228170', 'lENSG00000228215', 'lENSG00000228231', 'lENSG00000228261', 'lENSG00000228272', 'lENSG00000228351', 'lENSG00000228372', 'lENSG00000228383', 'lENSG00000228485', 'lENSG00000228548', 'lENSG00000228596', 'lENSG00000228627', 'lENSG00000228804', 'lENSG00000228826', 'lENSG00000228852', 'lENSG00000228939', 'lENSG00000228950', 'lENSG00000229152', 'lENSG00000229162', 'lENSG00000229167', 'lENSG00000229190', 'lENSG00000229224', 'lENSG00000229283', 'lENSG00000229297', 'lENSG00000229345', 'lENSG00000229370', 'lENSG00000229379', 'lENSG00000229444', 'lENSG00000229457', 'lENSG00000229498', 'lENSG00000229502', 'lENSG00000229528', 'lENSG00000229531', 'lENSG00000229673', 'lENSG00000229679', 'lENSG00000229688', 'lENSG00000229851', 'lENSG00000229953', 'lENSG00000229999', 'lENSG00000230010', 'lENSG00000230065', 'lENSG00000230105', 'lENSG00000230109', 'lENSG00000230121', 'lENSG00000230131', 'lENSG00000230153', 'lENSG00000230190', 'lENSG00000230212', 'lENSG00000230233', 'lENSG00000230234', 'lENSG00000230323', 'lENSG00000230432', 'lENSG00000230483', 'lENSG00000230499', 'lENSG00000230599', 'lENSG00000230668', 'lENSG00000230735', 'lENSG00000230741', 'lENSG00000230759', 'lENSG00000230790', 'lENSG00000230826', 'lENSG00000230830', 'lENSG00000230912', 'lENSG00000230972', 'lENSG00000231081', 'lENSG00000231082', 'lENSG00000231092', 'lENSG00000231102', 'lENSG00000231114', 'lENSG00000231253', 'lENSG00000231272', 'lENSG00000231407', 'lENSG00000231413', 'lENSG00000231440', 'lENSG00000231492', 'lENSG00000231496', 'lENSG00000231539', 'lENSG00000231597', 'lENSG00000231678', 'lENSG00000231681', 'lENSG00000231724', 'lENSG00000231760', 'lENSG00000231772', 'lENSG00000231781', 'lENSG00000231912', 'lENSG00000231914', 'lENSG00000231937', 'lENSG00000231953', 'lENSG00000231964', 'lENSG00000232031', 'lENSG00000232058', 'lENSG00000232072', 'lENSG00000232086', 'lENSG00000232120', 'lENSG00000232197', 'lENSG00000232252', 'lENSG00000232310', 'lENSG00000232328', 'lENSG00000232335', 'lENSG00000232359', 'lENSG00000232363', 'lENSG00000232396', 'lENSG00000232451', 'lENSG00000232464', 'lENSG00000232465', 'lENSG00000232596', 'lENSG00000232604', 'lENSG00000232710', 'lENSG00000232719', 'lENSG00000232746', 'lENSG00000232806', 'lENSG00000232895', 'lENSG00000232930', 'lENSG00000232939', 'lENSG00000232964', 'lENSG00000233070', 'lENSG00000233079', 'lENSG00000233178', 'lENSG00000233179', 'lENSG00000233219', 'lENSG00000233330', 'lENSG00000233339', 'lENSG00000233407', 'lENSG00000233472', 'lENSG00000233479', 'lENSG00000233534', 'lENSG00000233574', 'lENSG00000233581', 'lENSG00000233613', 'lENSG00000233625', 'lENSG00000233656', 'lENSG00000233665', 'lENSG00000233689', 'lENSG00000233706', 'lENSG00000233851', 'lENSG00000233891', 'lENSG00000233953', 'lENSG00000233960', 'lENSG00000233969', 'lENSG00000233985', 'lENSG00000234021', 'lENSG00000234055', 'lENSG00000234117', 'lENSG00000234149', 'lENSG00000234172', 'lENSG00000234191', 'lENSG00000234318', 'lENSG00000234504', 'lENSG00000234567', 'lENSG00000234626', 'lENSG00000234653', 'lENSG00000234690', 'lENSG00000234693', 'lENSG00000234714', 'lENSG00000234756', 'lENSG00000234860', 'lENSG00000234900', 'lENSG00000234961', 'lENSG00000234979', 'lENSG00000235011', 'lENSG00000235035', 'lENSG00000235050', 'lENSG00000235059', 'lENSG00000235086', 'lENSG00000235122', 'lENSG00000235168', 'lENSG00000235262', 'lENSG00000235435', 'lENSG00000235494', 'lENSG00000235503', 'lENSG00000235533', 'lENSG00000235628', 'lENSG00000235635', 'lENSG00000235637', 'lENSG00000235669', 'lENSG00000235813', 'lENSG00000236022', 'lENSG00000236031', 'lENSG00000236065', 'lENSG00000236109', 'lENSG00000236242', 'lENSG00000236267', 'lENSG00000236272', 'lENSG00000236326', 'lENSG00000236358', 'lENSG00000236366', 'lENSG00000236463', 'lENSG00000236498', 'lENSG00000236559', 'lENSG00000236648', 'lENSG00000236662', 'lENSG00000236723', 'lENSG00000236744', 'lENSG00000236828', 'lENSG00000236854', 'lENSG00000236921', 'lENSG00000236951', 'lENSG00000236953', 'lENSG00000236975', 'lENSG00000237015', 'lENSG00000237058', 'lENSG00000237073', 'lENSG00000237200', 'lENSG00000237293', 'lENSG00000237312', 'lENSG00000237324', 'lENSG00000237331', 'lENSG00000237337', 'lENSG00000237373', 'lENSG00000237435', 'lENSG00000237463', 'lENSG00000237477', 'lENSG00000237481', 'lENSG00000237494', 'lENSG00000237520', 'lENSG00000237571', 'lENSG00000237576', 'lENSG00000237581', 'lENSG00000237670', 'lENSG00000237687', 'lENSG00000237734', 'lENSG00000237756', 'lENSG00000237768', 'lENSG00000237802', 'lENSG00000237919', 'lENSG00000237937', 'lENSG00000237993', 'lENSG00000238131', 'lENSG00000238140', 'lENSG00000238282', 'lENSG00000238291', 'lENSG00000239314', 'lENSG00000239415', 'lENSG00000239482', 'lENSG00000239593', 'lENSG00000240354', 'lENSG00000240573', 'lENSG00000240868', 'lENSG00000241383', 'lENSG00000241397', 'lENSG00000241577', 'lENSG00000241593', 'lENSG00000241666', 'lENSG00000242012', 'lENSG00000242072', 'lENSG00000242339', 'lENSG00000242391', 'lENSG00000242545', 'lENSG00000242568', 'lENSG00000242618', 'lENSG00000242795', 'lENSG00000242861', 'lENSG00000243149', 'lENSG00000243230', 'lENSG00000243273', 'lENSG00000243368', 'lENSG00000243961', 'lENSG00000244278', 'lENSG00000244327', 'lENSG00000244461', 'lENSG00000244701', 'lENSG00000245148', 'lENSG00000245385', 'lENSG00000246541', 'lENSG00000247925', 'lENSG00000248145', 'lENSG00000248148', 'lENSG00000248172', 'lENSG00000248245', 'lENSG00000248358', 'lENSG00000248373', 'lENSG00000248393', 'lENSG00000248416', 'lENSG00000248457', 'lENSG00000248482', 'lENSG00000248490', 'lENSG00000248576', 'lENSG00000248599', 'lENSG00000248627', 'lENSG00000248758', 'lENSG00000248802', 'lENSG00000248925', 'lENSG00000248935', 'lENSG00000248969', 'lENSG00000248975', 'lENSG00000248984', 'lENSG00000248995', 'lENSG00000249066', 'lENSG00000249071', 'lENSG00000249099', 'lENSG00000249111', 'lENSG00000249114', 'lENSG00000249297', 'lENSG00000249334', 'lENSG00000249382', 'lENSG00000249409', 'lENSG00000249426', 'lENSG00000249441', 'lENSG00000249451', 'lENSG00000249474', 'lENSG00000249547', 'lENSG00000249605', 'lENSG00000249697', 'lENSG00000249706', 'lENSG00000249753', 'lENSG00000249782', 'lENSG00000249806', 'lENSG00000249865', 'lENSG00000249892', 'lENSG00000250062', 'lENSG00000250092', 'lENSG00000250186', 'lENSG00000250242', 'lENSG00000250524', 'lENSG00000250541', 'lENSG00000250626', 'lENSG00000250629', 'lENSG00000250646', 'lENSG00000250657', 'lENSG00000250665', 'lENSG00000250698', 'lENSG00000250761', 'lENSG00000250791', 'lENSG00000250855', 'lENSG00000250865', 'lENSG00000250866', 'lENSG00000250877', 'lENSG00000250910', 'lENSG00000250917', 'lENSG00000250929', 'lENSG00000250945', 'lENSG00000250949', 'lENSG00000250950', 'lENSG00000250955', 'lENSG00000250993', 'lENSG00000251059', 'lENSG00000251072', 'lENSG00000251088', 'lENSG00000251185', 'lENSG00000251194', 'lENSG00000251266', 'lENSG00000251283', 'lENSG00000251412', 'lENSG00000251414', 'lENSG00000251438', 'lENSG00000251688', 'lENSG00000253134', 'lENSG00000253147', 'lENSG00000253167', 'lENSG00000253171', 'lENSG00000253282', 'lENSG00000253356', 'lENSG00000253397', 'lENSG00000253449', 'lENSG00000253456', 'lENSG00000253503', 'lENSG00000253507', 'lENSG00000253526', 'lENSG00000253530', 'lENSG00000253539', 'lENSG00000253577', 'lENSG00000253616', 'lENSG00000253619', 'lENSG00000253627', 'lENSG00000253643', 'lENSG00000253645', 'lENSG00000253660', 'lENSG00000253665', 'lENSG00000253717', 'lENSG00000253722', 'lENSG00000253754', 'lENSG00000253782', 'lENSG00000253834', 'lENSG00000253851', 'lENSG00000253858', 'lENSG00000253865', 'lENSG00000253875', 'lENSG00000253880', 'lENSG00000253947', 'lENSG00000253976', 'lENSG00000254011', 'lENSG00000254021', 'lENSG00000254026', 'lENSG00000254031', 'lENSG00000254033', 'lENSG00000254043', 'lENSG00000254084', 'lENSG00000254094', 'lENSG00000254123', 'lENSG00000254141', 'lENSG00000254171', 'lENSG00000254177', 'lENSG00000254207', 'lENSG00000254239', 'lENSG00000254242', 'lENSG00000254263', 'lENSG00000254314', 'lENSG00000254325', 'lENSG00000254330', 'lENSG00000254347', 'lENSG00000254350', 'lENSG00000254380', 'lENSG00000254428', 'lENSG00000254456', 'lENSG00000254516', 'lENSG00000254526', 'lENSG00000254559', 'lENSG00000254563', 'lENSG00000254574', 'lENSG00000254592', 'lENSG00000254604', 'lENSG00000254620', 'lENSG00000254626', 'lENSG00000254627', 'lENSG00000254689', 'lENSG00000254739', 'lENSG00000254775', 'lENSG00000254787', 'lENSG00000254829', 'lENSG00000254842', 'lENSG00000254846', 'lENSG00000254864', 'lENSG00000254879', 'lENSG00000254913', 'lENSG00000254921', 'lENSG00000254928', 'lENSG00000254930', 'lENSG00000254972', 'lENSG00000254983', 'lENSG00000254990', 'lENSG00000255027', 'lENSG00000255039', 'lENSG00000255084', 'lENSG00000255114', 'lENSG00000255121', 'lENSG00000255159', 'lENSG00000255167', 'lENSG00000255227', 'lENSG00000255241', 'lENSG00000255247', 'lENSG00000255252', 'lENSG00000255271', 'lENSG00000255300', 'lENSG00000255327', 'lENSG00000255343', 'lENSG00000255357', 'lENSG00000255366', 'lENSG00000255375', 'lENSG00000255388', 'lENSG00000255390', 'lENSG00000255443', 'lENSG00000255462', 'lENSG00000255478', 'lENSG00000255482', 'lENSG00000255487', 'lENSG00000255506', 'lENSG00000255523', 'lENSG00000255528', 'lENSG00000255539', 'lENSG00000255555', 'lENSG00000255565', 'lENSG00000255572', 'lENSG00000255580', 'lENSG00000255808', 'lENSG00000255839', 'lENSG00000255893', 'lENSG00000256007', 'lENSG00000256071', 'lENSG00000256072', 'lENSG00000256083', 'lENSG00000256209', 'lENSG00000256226', 'lENSG00000256234', 'lENSG00000256292', 'lENSG00000256314', 'lENSG00000256364', 'lENSG00000256448', 'lENSG00000256452', 'lENSG00000256482', 'lENSG00000256484', 'lENSG00000256568', 'lENSG00000256670', 'lENSG00000256733', 'lENSG00000256897', 'lENSG00000256972', 'lENSG00000257004', 'lENSG00000257022', 'lENSG00000257096', 'lENSG00000257105', 'lENSG00000257137', 'lENSG00000257165', 'lENSG00000257235', 'lENSG00000257261', 'lENSG00000257264', 'lENSG00000257265', 'lENSG00000257271', 'lENSG00000257275', 'lENSG00000257342', 'lENSG00000257407', 'lENSG00000257470', 'lENSG00000257488', 'lENSG00000257494', 'lENSG00000257500', 'lENSG00000257514', 'lENSG00000257527', 'lENSG00000257541', 'lENSG00000257587', 'lENSG00000257634', 'lENSG00000257653', 'lENSG00000257682', 'lENSG00000257732', 'lENSG00000257750', 'lENSG00000257764', 'lENSG00000257787', 'lENSG00000257860', 'lENSG00000257904', 'lENSG00000257925', 'lENSG00000257997', 'lENSG00000258007', 'lENSG00000258044', 'lENSG00000258084', 'lENSG00000258108', 'lENSG00000258167', 'lENSG00000258185', 'lENSG00000258210', 'lENSG00000258220', 'lENSG00000258234', 'lENSG00000258292', 'lENSG00000258308', 'lENSG00000258312', 'lENSG00000258313', 'lENSG00000258323', 'lENSG00000258331', 'lENSG00000258379', 'lENSG00000258390', 'lENSG00000258394', 'lENSG00000258425', 'lENSG00000258451', 'lENSG00000258460', 'lENSG00000258516', 'lENSG00000258520', 'lENSG00000258610', 'lENSG00000258657', 'lENSG00000258670', 'lENSG00000258690', 'lENSG00000258695', 'lENSG00000258698', 'lENSG00000258742', 'lENSG00000258745', 'lENSG00000258784', 'lENSG00000258800', 'lENSG00000258824', 'lENSG00000258826', 'lENSG00000258829', 'lENSG00000258850', 'lENSG00000258869', 'lENSG00000258892', 'lENSG00000258904', 'lENSG00000258944', 'lENSG00000258958', 'lENSG00000259026', 'lENSG00000259187', 'lENSG00000259188', 'lENSG00000259194', 'lENSG00000259202', 'lENSG00000259211', 'lENSG00000259223', 'lENSG00000259250', 'lENSG00000259256', 'lENSG00000259265', 'lENSG00000259268', 'lENSG00000259290', 'lENSG00000259294', 'lENSG00000259307', 'lENSG00000259342', 'lENSG00000259351', 'lENSG00000259352', 'lENSG00000259360', 'lENSG00000259385', 'lENSG00000259432', 'lENSG00000259503', 'lENSG00000259532', 'lENSG00000259544', 'lENSG00000259595', 'lENSG00000259636', 'lENSG00000259649', 'lENSG00000259659', 'lENSG00000259678', 'lENSG00000259757', 'lENSG00000259767', 'lENSG00000259798', 'lENSG00000259935', 'lENSG00000259945', 'lENSG00000259955', 'lENSG00000259967', 'lENSG00000260017', 'lENSG00000260058', 'lENSG00000260158', 'lENSG00000260186', 'lENSG00000260190', 'lENSG00000260237', 'lENSG00000260304', 'lENSG00000260454', 'lENSG00000260476', 'lENSG00000260586', 'lENSG00000260605', 'lENSG00000260626', 'lENSG00000260659', 'lENSG00000260720', 'lENSG00000260741', 'lENSG00000260773', 'lENSG00000260798', 'lENSG00000260814', 'lENSG00000260934', 'lENSG00000260970', 'lENSG00000260986', 'lENSG00000260999', 'lENSG00000261065', 'lENSG00000261066', 'lENSG00000261070', 'lENSG00000261243', 'lENSG00000261261', 'lENSG00000261266', 'lENSG00000261307', 'lENSG00000261332', 'lENSG00000261432', 'lENSG00000261475', 'lENSG00000261507', 'lENSG00000261523', 'lENSG00000261569', 'lENSG00000261633', 'lENSG00000261663', 'lENSG00000261671', 'lENSG00000261695', 'lENSG00000261697', 'lENSG00000261723', 'lENSG00000261729', 'lENSG00000261731', 'lENSG00000261761', 'lENSG00000261838', 'lENSG00000261864', 'lENSG00000262151', 'lENSG00000262298', 'lENSG00000262434', 'lENSG00000262533', 'lENSG00000262652', 'lENSG00000262692', 'lENSG00000262777', 'lENSG00000262810', 'lENSG00000262815', 'lENSG00000263080', 'lENSG00000263237', 'lENSG00000263257', 'lENSG00000263300', 'lENSG00000263335', 'lENSG00000263417', 'lENSG00000263466', 'lENSG00000263585', 'lENSG00000263594', 'lENSG00000263618', 'lENSG00000263709', 'lENSG00000263765', 'lENSG00000263797', 'lENSG00000263847', 'lENSG00000263873', 'lENSG00000263952', 'lENSG00000263982', 'lENSG00000263986', 'lENSG00000264016', 'lENSG00000264023', 'lENSG00000264066', 'lENSG00000264107', 'lENSG00000264116', 'lENSG00000264151', 'lENSG00000264254', 'lENSG00000264269', 'lENSG00000264486', 'lENSG00000264520', 'lENSG00000264546', 'lENSG00000264558', 'lENSG00000264577', 'lENSG00000264595', 'lENSG00000264622', 'lENSG00000264734', 'lENSG00000264769', 'lENSG00000264825', 'lENSG00000264924', 'lENSG00000265125', 'lENSG00000265168', 'lENSG00000265205', 'lENSG00000265265', 'lENSG00000265334', 'lENSG00000265359', 'lENSG00000265400', 'lENSG00000265443', 'lENSG00000265474', 'lENSG00000265554', 'lENSG00000265625', 'lENSG00000265643', 'lENSG00000265728', 'lENSG00000265739', 'lENSG00000265743', 'lENSG00000265800', 'lENSG00000265840', 'lENSG00000265845', 'lENSG00000265980', 'lENSG00000265987', 'lENSG00000265994', 'lENSG00000266153', 'lENSG00000266311', 'lENSG00000266341', 'lENSG00000266397', 'lENSG00000266535', 'lENSG00000266538', 'lENSG00000266541', 'lENSG00000266651', 'lENSG00000266696', 'lENSG00000266801', 'lENSG00000266839', 'lENSG00000266844', 'lENSG00000266877', 'lENSG00000266981', 'lENSG00000266985', 'lENSG00000266993', 'lENSG00000267000', 'lENSG00000267028', 'lENSG00000267057', 'lENSG00000267063', 'lENSG00000267177', 'lENSG00000267255', 'lENSG00000267274', 'lENSG00000267286', 'lENSG00000267341', 'lENSG00000267354', 'lENSG00000267364', 'lENSG00000267378', 'lENSG00000267387', 'lENSG00000267436', 'lENSG00000267437', 'lENSG00000267501', 'lENSG00000267510', 'lENSG00000267543', 'lENSG00000267583', 'lENSG00000267593', 'lENSG00000267615', 'lENSG00000267617', 'lENSG00000267633', 'lENSG00000267638', 'lENSG00000267665', 'lENSG00000267791', 'lENSG00000267838', 'lENSG00000267980', 'lENSG00000268015', 'lENSG00000268049', 'lENSG00000268069', 'lENSG00000268078', 'lENSG00000268191', 'lENSG00000268203', 'lENSG00000268240', 'lENSG00000268289', 'lENSG00000268292', 'lENSG00000268296', 'lENSG00000268520', 'lENSG00000268734', 'lENSG00000268743', 'lENSG00000268798', 'lENSG00000268833', 'lENSG00000268906', 'lENSG00000268912', 'lENSG00000268981', 'lENSG00000269044', 'lENSG00000269145', 'lENSG00000269191', 'lENSG00000269292', 'lENSG00000269321', 'lENSG00000269350', 'lENSG00000269495', 'lENSG00000269504', 'lENSG00000269578', 'lENSG00000269621', 'lENSG00000269656', 'lENSG00000269729', 'lENSG00000269802', 'lENSG00000269826', 'lENSG00000269843', 'lENSG00000269867', 'lENSG00000269901', 'lENSG00000269987', 'lENSG00000270082', 'lENSG00000270094', 'lENSG00000270108', 'lENSG00000270380', 'lENSG00000270726', 'lENSG00000270871', 'lENSG00000270996', 'lENSG00000271032', 'lENSG00000271218', 'lENSG00000271314', 'lENSG00000271579', 'lENSG00000271717', 'lENSG00000271763', 'lENSG00000271787', 'lENSG00000271833', 'lENSG00000271901', 'lENSG00000271945', 'lENSG00000271983', 'lENSG00000272027', 'lENSG00000272072', 'lENSG00000272149', 'lENSG00000272159', 'lENSG00000272338', 'lENSG00000272575', 'lENSG00000272642', 'lENSG00000272661', 'lENSG00000272742', 'lENSG00000272810', 'lENSG00000272814', 'lENSG00000272866', 'lENSG00000272995', 'lENSG00000273035', 'lENSG00000273110', 'lENSG00000273198', 'lENSG00000273226', 'lENSG00000273257', 'lENSG00000273271', 'lENSG00000273275', 'lENSG00000273360', 'lENSG00000273449', 'lENSG00000273461', 'lENSG00000273485', 'lENSG00000273493', 'lENSG00000273568', 'lENSG00000273838', 'lENSG00000273877', 'lENSG00000273919', 'lENSG00000274227', 'lENSG00000274561', 'lENSG00000274624', 'lENSG00000274678', 'lENSG00000274737', 'lENSG00000274863', 'lENSG00000275173', 'lENSG00000275345', 'lENSG00000275356', 'lENSG00000275401', 'lENSG00000275576', 'lENSG00000275638', 'lENSG00000275871', 'lENSG00000275963', 'lENSG00000276054', 'lENSG00000276266', 'lENSG00000276527', 'lENSG00000276533', 'lENSG00000276668', 'lENSG00000277173', 'lENSG00000277332', 'lENSG00000277639', 'lENSG00000277675', 'lENSG00000278000', 'lENSG00000278013', 'lENSG00000278202', 'lENSG00000278630', 'lENSG00000278766', 'lENSG00000278944', 'lENSG00000279088', 'lENSG00000279240', 'lENSG00000279484', 'lENSG00000279501', 'lENSG00000279687', 'lENSG00000279751', 'lENSG00000279920', 'lENSG00000280206', 'lENSG00000280224', 'lENSG00000280455', 'lENSG00000280580', 'lENSG00000280703', 'lENSG00000280870', 'lENSG00000280881', 'lENSG00000281021', 'lENSG00000281831', 'lENSG00000282478', 'lENSG00000282950', 'lENSG00000283083', 'lENSG00000283286', 'lENSG00000283347', 'lENSG00000283375', 'lENSG00000283436', 'lENSG00000283457', 'lENSG00000283573', 'lENSG00000283766', 'lENSG00000283973', 'lENSG00000284376', 'lENSG00000284418', 'lENSG00000284500', 'lENSG00000284513', 'lENSG00000284608', 'lENSG00000284699', 'lENSG00000284846', 'lENSG00000284994', 'lENSG00000285012', 'lENSG00000285040', 'lENSG00000285117', 'lENSG00000285325', 'lENSG00000285409', 'lENSG00000285473', 'lENSG00000285524', 'lENSG00000285619', 'lENSG00000285621', 'lENSG00000285654', 'lENSG00000285699', 'lENSG00000285709', 'lENSG00000285780', 'lENSG00000285857', 'lENSG00000285861', 'lENSG00000285889', 'lENSG00000285998', 'lENSG00000286002', 'lENSG00000286010', 'lENSG00000286018', 'lENSG00000286020', 'lENSG00000286076', 'lENSG00000286089', 'lENSG00000286093', 'lENSG00000286101', 'lENSG00000286168', 'lENSG00000286188', 'lENSG00000286194', 'lENSG00000286197', 'lENSG00000286206', 'lENSG00000286242', 'lENSG00000286244', 'lENSG00000286276', 'lENSG00000286303', 'lENSG00000286331', 'lENSG00000286338', 'lENSG00000286357', 'lENSG00000286419', 'lENSG00000286436', 'lENSG00000286441', 'lENSG00000286461', 'lENSG00000286474', 'lENSG00000286515', 'lENSG00000286565', 'lENSG00000286578', 'lENSG00000286581', 'lENSG00000286584', 'lENSG00000286639', 'lENSG00000286645', 'lENSG00000286670', 'lENSG00000286689', 'lENSG00000286690', 'lENSG00000286698', 'lENSG00000286715', 'lENSG00000286722', 'lENSG00000286735', 'lENSG00000286740', 'lENSG00000286751', 'lENSG00000286759', 'lENSG00000286767', 'lENSG00000286770', 'lENSG00000286776', 'lENSG00000286781', 'lENSG00000286795', 'lENSG00000286803', 'lENSG00000286820', 'lENSG00000286822', 'lENSG00000286838', 'lENSG00000286843', 'lENSG00000286850', 'lENSG00000286887', 'lENSG00000286908', 'lENSG00000286963', 'lENSG00000287005', 'lENSG00000287006', 'lENSG00000287020', 'lENSG00000287028', 'lENSG00000287030', 'lENSG00000287094', 'lENSG00000287108', 'lENSG00000287128', 'lENSG00000287155', 'lENSG00000287159', 'lENSG00000287191', 'lENSG00000287198', 'lENSG00000287202', 'lENSG00000287213', 'lENSG00000287236', 'lENSG00000287270', 'lENSG00000287285', 'lENSG00000287321', 'lENSG00000287335', 'lENSG00000287358', 'lENSG00000287359', 'lENSG00000287366', 'lENSG00000287367', 'lENSG00000287381', 'lENSG00000287423', 'lENSG00000287441', 'lENSG00000287451', 'lENSG00000287456', 'lENSG00000287462', 'lENSG00000287501', 'lENSG00000287511', 'lENSG00000287517', 'lENSG00000287518', 'lENSG00000287545', 'lENSG00000287550', 'lENSG00000287551', 'lENSG00000287556', 'lENSG00000287587', 'lENSG00000287618', 'lENSG00000287664', 'lENSG00000287684', 'lENSG00000287687', 'lENSG00000287691', 'lENSG00000287704', 'lENSG00000211683', 'lENSG00000214955', 'lENSG00000223379', 'lENSG00000223795', 'lENSG00000224884', 'lENSG00000225393', 'lENSG00000225836', 'lENSG00000228255', 'lENSG00000228538', 'lENSG00000229454', 'lENSG00000229458', 'lENSG00000229628', 'lENSG00000229964', 'lENSG00000230600', 'lENSG00000230649', 'lENSG00000231212', 'lENSG00000231616', 'lENSG00000232056', 'lENSG00000232636', 'lENSG00000233200', 'lENSG00000233987', 'lENSG00000234083', 'lENSG00000234810', 'lENSG00000234998', 'lENSG00000235337', 'lENSG00000235795', 'lENSG00000236453', 'lENSG00000242375', 'lENSG00000244620', 'lENSG00000248359', 'lENSG00000248991', 'lENSG00000249159', 'lENSG00000250481', 'lENSG00000250567', 'lENSG00000250670', 'lENSG00000250686', 'lENSG00000250948', 'lENSG00000251506', 'lENSG00000251654', 'lENSG00000253766', 'lENSG00000254306', 'lENSG00000254927', 'lENSG00000255279', 'lENSG00000255325', 'lENSG00000255644', 'lENSG00000256686', 'lENSG00000257603', 'lENSG00000257715', 'lENSG00000257962', 'lENSG00000258088', 'lENSG00000258196', 'lENSG00000258386', 'lENSG00000258949', 'lENSG00000259123', 'lENSG00000259209', 'lENSG00000259222', 'lENSG00000259244', 'lENSG00000259255', 'lENSG00000259274', 'lENSG00000259306', 'lENSG00000259407', 'lENSG00000260511', 'lENSG00000260983', 'lENSG00000261445', 'lENSG00000261470', 'lENSG00000261775', 'lENSG00000264660', 'lENSG00000265174', 'lENSG00000266893', 'lENSG00000267081', 'lENSG00000267521', 'lENSG00000267581', 'lENSG00000269391', 'lENSG00000269460', 'lENSG00000272304', 'lENSG00000272369', 'lENSG00000273138', 'lENSG00000273403', 'lENSG00000273486', 'lENSG00000274902', 'lENSG00000275232', 'lENSG00000278514', 'lENSG00000279672', 'lENSG00000282887', 'lENSG00000286164', 'lENSG00000226032', 'lENSG00000235736', 'lENSG00000251613', 'lENSG00000263316', 'lENSG00000258631', 'lENSG00000260141', 'lENSG00000279472', 'lENSG00000271870', 'lENSG00000272934', 'lENSG00000265556', 'lENSG00000271840', 'lENSG00000253701', 'lENSG00000281408', 'lENSG00000268166', 'lALG13-AS1', 'lDGUOK-AS1', 'lMIR145', 'lMIR24-2', 'lMIR3654', 'lACA64', 'lCDKN2B-AS', 'lC3orf65']","[1.0, 1.0, 0.0, 0.0, 1.0, 1.0, 0.0, 1.0, 0.0, 1.0, 1.0, 1.0, 1.0, 0.0, 1.0, 1.0, 0.0, 0.0, 1.0, 0.0, 0.0, 1.0, 1.0, 0.0, 0.0, 0.0, 1.0, 0.0, 1.0, 0.0, 0.0, 0.0, 0.0, 0.0, 0.0, 1.0, 1.0, 0.0, 0.0, 0.0, 1.0, 1.0, 0.0, 1.0, 1.0, 0.0, 1.0, 1.0, 0.0, 1.0, 0.0, 1.0, 0.0, 0.0, 1.0, 1.0, 1.0, 1.0, 0.0, 0.0, 0.0, 1.0, 1.0, 1.0, 1.0, 0.0, 1.0, 1.0, 0.0, 1.0, 0.0, 1.0, 0.0, 0.0, 1.0, 0.0, 1.0, 1.0, 1.0, 1.0, 1.0, 0.0, 0.0, 1.0, 0.0, 0.0, 0.0, 0.0, 0.0, 1.0, 0.0, 1.0, 1.0, 0.0, 0.0, 0.0, 1.0, 1.0, 1.0, 0.0, 0.0, 1.0, 1.0, 0.0, 0.0, 0.0, 1.0, 1.0, 0.0, 0.0, 1.0, 1.0, 0.0, 1.0, 1.0, 0.0, 1.0, 0.0, 0.0, 1.0, 0.0, 1.0, 0.0, 0.0, 0.0, 1.0, 0.0, 0.0, 0.0, 1.0, 0.0, 1.0, 1.0, 1.0, 1.0, 1.0, 1.0, 0.0, 0.0, 0.0, 0.0, 1.0, 1.0, 0.0, 0.0, 0.0, 1.0, 1.0, 1.0, 0.0, 0.0, 1.0, 0.0, 0.0, 0.0, 1.0, 0.0, 1.0, 0.0, 0.0, 0.0, 1.0, 1.0, 1.0, 0.0, 0.0, 0.0, 1.0, 0.0, 0.0, 0.0, 0.0, 0.0, 1.0, 0.0, 1.0, 0.0, 0.0, 0.0, 1.0, 1.0, 0.0, 1.0, 0.0, 0.0, 1.0, 1.0, 1.0, 0.0, 1.0, 0.0, 0.0, 0.0, 0.0, 0.0, 1.0, 1.0, 0.0, 0.0, 1.0, 1.0, 1.0, 1.0, 1.0, 0.0, 0.0, 1.0, 1.0, 0.0, 1.0, 0.0, 1.0, 1.0, 0.0, 1.0, 1.0, 0.0, 0.0, 0.0, 1.0, 1.0, 1.0, 0.0, 0.0, 0.0, 0.0, 1.0, 0.0, 1.0, 1.0, 0.0, 1.0, 1.0, 0.0, 0.0, 0.0, 1.0, 1.0, 0.0, 0.0, 0.0, 0.0, 1.0, 0.0, 1.0, 1.0, 1.0, 0.0, 0.0, 1.0, 0.0, 1.0, 0.0, 0.0, 1.0, 0.0, 0.0, 1.0, 1.0, 0.0, 1.0, 1.0, 0.0, 1.0, 1.0, 0.0, 1.0, 1.0, 0.0, 1.0, 0.0, 1.0, 0.0, 1.0, 1.0, 0.0, 1.0, 0.0, 1.0, 1.0, 1.0, 1.0, 0.0, 1.0, 1.0, 0.0, 1.0, 0.0, 1.0, 0.0, 0.0, 0.0, 1.0, 1.0, 1.0, 0.0, 1.0, 0.0, 0.0, 0.0, 1.0, 1.0, 0.0, 0.0, 0.0, 1.0, 1.0, 1.0, 0.0, 1.0, 0.0, 1.0, 1.0, 0.0, 1.0, 1.0, 0.0, 0.0, 0.0, 0.0, 0.0, 1.0, 1.0, 1.0, 0.0, 1.0, 1.0, 1.0, 0.0, 0.0, 1.0, 0.0, 1.0, 1.0, 1.0, 0.0, 0.0, 1.0, 1.0, 1.0, 1.0, 0.0, 1.0, 1.0, 1.0, 1.0, 0.0, 0.0, 0.0, 0.0, 0.0, 1.0, 0.0, 1.0, 1.0, 0.0, 0.0, 1.0, 1.0, 1.0, 0.0, 1.0, 0.0, 0.0, 0.0, 1.0, 0.0, 1.0, 1.0, 0.0, 1.0, 0.0, 0.0, 1.0, 0.0, 1.0, 0.0, 0.0, 1.0, 1.0, 0.0, 1.0, 0.0, 0.0, 1.0, 0.0, 1.0, 1.0, 0.0, 0.0, 0.0, 0.0, 0.0, 0.0, 0.0, 1.0, 0.0, 0.0, 1.0, 0.0, 1.0, 0.0, 1.0, 1.0, 1.0, 0.0, 0.0, 1.0, 0.0, 0.0, 0.0, 1.0, 1.0, 0.0, 1.0, 0.0, 1.0, 1.0, 0.0, 1.0, 0.0, 1.0, 0.0, 1.0, 1.0, 0.0, 0.0, 1.0, 1.0, 0.0, 0.0, 1.0, 0.0, 0.0, 1.0, 0.0, 0.0, 0.0, 1.0, 1.0, 0.0, 1.0, 0.0, 0.0, 1.0, 1.0, 0.0, 1.0, 0.0, 1.0, 1.0, 1.0, 1.0, 1.0, 1.0, 1.0, 1.0, 0.0, 1.0, 1.0, 0.0, 1.0, 1.0, 1.0, 0.0, 0.0, 1.0, 1.0, 1.0, 0.0, 1.0, 1.0, 0.0, 1.0, 0.0, 1.0, 1.0, 1.0, 0.0, 1.0, 0.0, 0.0, 0.0, 0.0, 1.0, 1.0, 1.0, 1.0, 1.0, 1.0, 0.0, 1.0, 0.0, 0.0, 1.0, 1.0, 1.0, 1.0, 1.0, 1.0, 0.0, 0.0, 1.0, 1.0, 1.0, 1.0, 1.0, 1.0, 1.0, 0.0, 0.0, 1.0, 1.0, 1.0, 0.0, 1.0, 0.0, 1.0, 0.0, 1.0, 1.0, 0.0, 1.0, 0.0, 0.0, 1.0, 0.0, 1.0, 1.0, 1.0, 0.0, 1.0, 0.0, 1.0, 0.0, 1.0, 1.0, 0.0, 0.0, 0.0, 0.0, 1.0, 0.0, 0.0, 1.0, 0.0, 0.0, 1.0, 0.0, 1.0, 0.0, 1.0, 1.0, 0.0, 0.0, 0.0, 1.0, 1.0, 1.0, 0.0, 1.0, 1.0, 1.0, 0.0, 1.0, 1.0, 1.0, 0.0, 1.0, 0.0, 1.0, 0.0, 0.0, 1.0, 0.0, 0.0, 0.0, 0.0, 1.0, 0.0, 1.0, 1.0, 0.0, 1.0, 0.0, 0.0, 1.0, 1.0, 1.0, 1.0, 1.0, 0.0, 1.0, 1.0, 0.0, 1.0, 0.0, 1.0, 1.0, 0.0, 1.0, 1.0, 1.0, 0.0, 0.0, 1.0, 1.0, 1.0, 0.0, 1.0, 1.0, 1.0, 1.0, 0.0, 1.0, 1.0, 0.0, 0.0, 1.0, 1.0, 0.0, 0.0, 0.0, 1.0, 1.0, 1.0, 1.0, 0.0, 1.0, 0.0, 1.0, 1.0, 0.0, 0.0, 1.0, 1.0, 1.0, 1.0, 0.0, 0.0, 1.0, 0.0, 0.0, 0.0, 1.0, 1.0, 1.0, 0.0, 0.0, 0.0, 0.0, 1.0, 1.0, 1.0, 0.0, 0.0, 1.0, 0.0, 0.0, 1.0, 0.0, 0.0, 0.0, 0.0, 1.0, 1.0, 1.0, 1.0, 1.0, 0.0, 0.0, 0.0, 0.0, 0.0, 0.0, 0.0, 0.0, 1.0, 0.0, 1.0, 1.0, 0.0, 0.0, 0.0, 0.0, 1.0, 0.0, 1.0, 0.0, 0.0, 1.0, 1.0, 0.0, 0.0, 1.0, 1.0, 0.0, 0.0, 1.0, 1.0, 1.0, 0.0, 0.0, 1.0, 1.0, 0.0, 1.0, 0.0, 0.0, 0.0, 1.0, 1.0, 1.0, 0.0, 0.0, 0.0, 1.0, 0.0, 0.0, 1.0, 0.0, 1.0, 0.0, 0.0, 1.0, 0.0, 0.0, 0.0, 1.0, 1.0, 1.0, 1.0, 0.0, 0.0, 0.0, 1.0, 0.0, 0.0, 0.0, 1.0, 1.0, 0.0, 1.0, 0.0, 1.0, 1.0, 0.0, 0.0, 0.0, 0.0, 1.0, 0.0, 0.0, 0.0, 1.0, 1.0, 1.0, 1.0, 0.0, 1.0, 0.0, 1.0, 1.0, 0.0, 0.0, 0.0, 1.0, 1.0, 0.0, 0.0, 0.0, 0.0, 0.0, 0.0, 1.0, 1.0, 0.0, 1.0, 0.0, 1.0, 0.0, 0.0, 1.0, 1.0, 0.0, 0.0, 0.0, 1.0, 1.0, 1.0, 1.0, 0.0, 0.0, 1.0, 0.0, 0.0, 1.0, 1.0, 0.0, 0.0, 0.0, 1.0, 0.0, 0.0, 1.0, 1.0, 0.0, 1.0, 0.0, 1.0, 1.0, 1.0, 0.0, 1.0, 1.0, 1.0, 0.0, 1.0, 1.0, 1.0, 1.0, 0.0, 1.0, 1.0, 0.0, 1.0, 1.0, 0.0, 0.0, 1.0, 0.0, 0.0, 0.0, 0.0, 0.0, 1.0, 0.0, 0.0, 0.0, 0.0, 1.0, 1.0, 1.0, 0.0, 0.0, 0.0, 1.0, 1.0, 1.0, 1.0, 1.0, 0.0, 0.0, 1.0, 0.0, 1.0, 0.0, 0.0, 1.0, 1.0, 1.0, 1.0, 0.0, 0.0, 0.0, 0.0, 0.0, 0.0, 1.0, 0.0, 0.0, 0.0, 1.0, 1.0, 1.0, 0.0, 1.0, 0.0, 0.0, 0.0, 1.0, 0.0, 1.0, 0.0, 1.0, 0.0, 1.0, 1.0, 0.0, 0.0, 0.0, 1.0, 0.0, 0.0, 1.0, 1.0, 0.0, 0.0, 1.0, 1.0, 1.0, 1.0, 0.0, 1.0, 1.0, 1.0, 0.0, 0.0, 0.0, 0.0, 1.0, 1.0, 1.0, 1.0, 1.0, 1.0, 0.0, 1.0, 0.0, 1.0, 0.0, 1.0, 1.0, 1.0, 1.0, 0.0, 0.0, 1.0, 0.0, 0.0, 1.0, 1.0, 1.0, 1.0, 0.0, 1.0, 1.0, 0.0, 0.0, 0.0, 1.0, 0.0, 0.0, 0.0, 0.0, 1.0, 1.0, 1.0, 0.0, 1.0, 1.0, 0.0, 0.0, 1.0, 1.0, 0.0, 1.0, 1.0, 1.0, 1.0, 1.0, 1.0, 0.0, 0.0, 0.0, 0.0, 0.0, 1.0, 1.0, 1.0, 0.0, 1.0, 1.0, 0.0, 0.0, 1.0, 0.0, 0.0, 0.0, 0.0, 1.0, 1.0, 1.0, 0.0, 1.0, 0.0, 1.0, 0.0, 1.0, 0.0, 1.0, 1.0, 1.0, 0.0, 1.0, 0.0, 0.0, 0.0, 0.0, 1.0, 1.0, 0.0, 0.0, 1.0, 1.0, 0.0, 0.0, 0.0, 0.0, 0.0, 0.0, 0.0, 1.0, 0.0, 0.0, 1.0, 1.0, 0.0, 1.0, 1.0, 1.0, 1.0, 1.0, 1.0, 0.0, 0.0, 1.0, 0.0, 1.0, 0.0, 1.0, 0.0, 0.0, 0.0, 0.0, 1.0, 0.0, 0.0, 0.0, 0.0, 1.0, 0.0, 0.0, 1.0, 1.0, 0.0, 1.0, 1.0, 0.0, 0.0, 0.0, 1.0, 0.0, 1.0, 1.0, 1.0, 0.0, 0.0, 1.0, 1.0, 0.0, 0.0, 1.0, 0.0, 1.0, 1.0, 1.0, 0.0, 1.0, 1.0, 0.0, 0.0, 1.0, 0.0, 0.0, 0.0, 1.0, 0.0, 1.0, 0.0, 0.0, 0.0, 0.0, 1.0, 1.0, 1.0, 0.0, 0.0, 1.0, 0.0, 1.0, 0.0, 0.0, 1.0, 1.0, 0.0, 0.0, 0.0, 1.0, 0.0, 0.0, 0.0, 0.0, 0.0, 1.0, 1.0, 0.0, 1.0, 1.0, 1.0, 1.0, 0.0, 0.0, 0.0, 0.0, 0.0, 1.0, 1.0, 1.0, 0.0, 1.0, 0.0, 0.0, 0.0, 0.0, 0.0, 0.0, 0.0, 0.0, 1.0, 0.0, 0.0, 0.0, 0.0, 1.0, 0.0, 0.0, 1.0, 1.0, 0.0, 1.0, 0.0, 1.0, 0.0, 0.0, 0.0, 1.0, 0.0, 1.0, 0.0, 0.0, 0.0, 1.0, 0.0, 0.0, 1.0, 0.0, 0.0, 0.0, 1.0, 1.0, 0.0, 1.0, 0.0, 1.0, 1.0, 1.0, 0.0, 0.0, 0.0, 1.0, 1.0, 1.0, 1.0, 1.0, 0.0, 1.0, 0.0, 0.0, 0.0, 0.0, 1.0, 0.0, 1.0, 1.0, 1.0, 0.0, 1.0, 1.0, 1.0, 1.0, 0.0, 1.0, 0.0, 0.0, 1.0, 1.0, 0.0, 0.0, 0.0, 0.0, 1.0, 1.0, 1.0, 0.0, 1.0, 1.0, 1.0, 1.0, 1.0, 0.0, 1.0, 0.0, 1.0, 1.0, 0.0, 0.0, 0.0, 1.0, 1.0, 0.0, 0.0, 0.0, 0.0, 1.0, 0.0, 0.0, 1.0, 0.0, 0.0, 1.0, 0.0, 0.0, 0.0, 0.0, 1.0, 0.0, 0.0, 1.0, 0.0, 1.0, 0.0, 0.0, 1.0, 1.0, 1.0, 0.0, 1.0, 0.0, 1.0, 0.0, 1.0, 0.0, 1.0, 1.0, 0.0, 0.0, 0.0, 0.0, 0.0, 1.0, 0.0, 0.0, 0.0, 1.0, 0.0, 0.0, 1.0, 1.0, 1.0, 1.0, 1.0, 1.0, 0.0, 1.0, 0.0, 1.0, 0.0, 1.0, 1.0, 0.0, 1.0, 0.0, 0.0, 0.0, 1.0, 1.0, 1.0, 1.0, 1.0, 0.0, 1.0, 0.0, 0.0, 1.0, 0.0, 1.0, 0.0, 1.0, 1.0, 0.0, 1.0, 1.0, 1.0, 1.0, 1.0, 1.0, 1.0, 0.0, 1.0, 1.0, 0.0, 1.0, 1.0, 1.0, 0.0, 0.0, 1.0, 0.0, 0.0, 1.0, 1.0, 1.0, 0.0, 0.0, 0.0, 0.0, 0.0, 1.0, 0.0, 1.0, 0.0, 1.0, 1.0, 1.0, 0.0, 0.0, 1.0, 1.0, 0.0, 1.0, 0.0, 1.0, 1.0, 0.0, 0.0, 1.0, 1.0, 0.0, 1.0, 0.0, 1.0, 0.0, 0.0, 1.0, 0.0, 1.0, 0.0, 1.0, 1.0, 0.0, 1.0, 0.0, 0.0, 0.0, 0.0, 1.0, 1.0, 1.0, 0.0, 1.0, 1.0, 0.0, 0.0, 1.0, 1.0, 1.0, 0.0, 0.0, 0.0, 0.0, 1.0, 0.0, 1.0, 0.0, 1.0, 0.0, 0.0, 0.0, 1.0, 1.0, 0.0, 1.0, 1.0, 0.0, 1.0, 1.0, 1.0, 1.0, 0.0, 0.0, 0.0, 1.0, 1.0, 0.0, 1.0, 1.0, 1.0, 1.0, 1.0, 1.0, 0.0, 0.0, 1.0, 0.0, 1.0, 1.0, 1.0, 0.0, 0.0, 0.0, 1.0, 0.0, 1.0, 0.0, 1.0, 0.0, 0.0, 0.0, 0.0, 0.0, 0.0, 0.0, 0.0, 1.0, 1.0, 1.0, 1.0, 1.0, 1.0, 1.0, 0.0, 0.0, 1.0, 1.0, 0.0, 1.0, 0.0, 0.0, 1.0, 0.0, 0.0, 0.0, 1.0, 0.0, 1.0, 0.0, 0.0, 0.0, 1.0, 0.0, 1.0, 1.0, 0.0, 0.0, 0.0, 0.0, 1.0, 0.0, 0.0, 0.0, 0.0, 1.0, 1.0, 1.0, 0.0, 0.0, 0.0, 0.0, 1.0, 0.0, 1.0, 1.0, 0.0, 1.0, 0.0, 1.0, 0.0, 0.0, 1.0, 0.0, 1.0, 0.0, 0.0, 1.0, 0.0, 1.0, 1.0, 1.0, 0.0, 1.0, 1.0, 0.0, 0.0, 0.0, 1.0, 1.0, 1.0, 0.0, 1.0, 1.0, 1.0, 0.0, 0.0, 0.0, 0.0, 1.0, 1.0, 0.0, 1.0, 1.0, 0.0, 1.0, 0.0, 0.0, 1.0, 0.0, 1.0, 0.0, 0.0, 0.0, 0.0, 1.0, 0.0, 1.0, 0.0, 0.0, 1.0, 0.0, 1.0, 0.0, 1.0, 1.0, 0.0, 1.0, 1.0, 0.0, 0.0, 0.0, 1.0, 0.0, 0.0, 1.0, 0.0, 0.0, 1.0, 1.0, 1.0, 1.0, 0.0, 1.0, 1.0, 1.0, 1.0, 1.0, 1.0, 0.0, 1.0, 1.0, 0.0, 1.0, 0.0, 1.0, 0.0, 1.0, 1.0, 1.0, 1.0, 0.0, 0.0, 0.0, 1.0, 0.0, 0.0, 1.0, 0.0, 1.0, 1.0, 1.0, 0.0, 1.0, 0.0, 1.0, 1.0, 0.0, 1.0, 1.0, 1.0, 0.0, 0.0, 1.0, 0.0, 0.0, 0.0, 0.0, 1.0, 1.0, 0.0, 0.0, 0.0, 0.0, 1.0, 0.0, 0.0, 0.0, 1.0, 1.0, 0.0, 1.0, 1.0, 0.0, 1.0, 0.0, 1.0, 1.0, 1.0, 1.0, 0.0, 0.0, 1.0, 1.0, 1.0, 1.0, 0.0, 1.0, 0.0, 0.0, 1.0, 1.0, 0.0, 0.0, 1.0, 1.0, 1.0, 1.0, 1.0, 1.0, 0.0, 1.0, 0.0, 1.0, 1.0, 0.0, 1.0, 0.0, 0.0, 1.0, 0.0, 1.0, 0.0, 1.0, 1.0, 0.0, 0.0, 1.0, 1.0, 0.0, 0.0, 0.0, 1.0, 0.0, 0.0, 0.0, 1.0, 1.0, 0.0, 0.0, 0.0, 0.0, 1.0, 0.0, 1.0, 0.0, 0.0, 0.0, 0.0, 1.0, 0.0, 0.0, 1.0, 1.0, 1.0, 0.0, 1.0, 1.0, 1.0, 0.0, 0.0, 0.0, 0.0, 1.0, 0.0, 0.0, 0.0, 1.0, 0.0, 0.0, 1.0, 0.0, 0.0, 1.0, 0.0, 0.0, 1.0, 1.0, 0.0, 1.0, 1.0, 0.0, 0.0, 1.0, 1.0, 1.0, 1.0, 1.0, 1.0, 1.0, 1.0, 0.0, 0.0, 0.0, 1.0, 1.0, 0.0, 0.0, 0.0, 0.0, 0.0, 1.0, 0.0, 1.0, 1.0, 0.0, 0.0, 0.0, 0.0, 1.0, 0.0, 0.0, 1.0, 1.0, 1.0, 1.0, 0.0, 0.0, 1.0, 0.0, 0.0, 0.0, 1.0, 0.0, 1.0, 0.0, 1.0, 0.0, 0.0, 1.0, 1.0, 1.0, 1.0, 1.0, 1.0, 0.0, 1.0, 1.0, 0.0, 0.0, 0.0, 1.0, 1.0, 1.0, 1.0, 0.0, 1.0, 0.0, 1.0, 1.0, 0.0, 0.0, 1.0, 1.0, 1.0, 0.0, 0.0, 0.0, 1.0, 0.0, 0.0, 1.0, 1.0, 0.0, 1.0, 0.0, 0.0, 1.0, 0.0, 1.0, 1.0, 0.0, 0.0, 0.0, 1.0, 1.0, 1.0, 1.0, 1.0, 1.0, 1.0, 0.0, 1.0, 0.0, 1.0, 1.0, 1.0, 1.0, 0.0, 0.0, 1.0, 0.0, 0.0, 0.0, 1.0, 1.0, 0.0, 1.0, 1.0, 0.0, 0.0, 0.0, 0.0, 0.0, 1.0, 1.0, 1.0, 0.0, 1.0, 1.0, 1.0, 1.0, 1.0, 1.0, 1.0, 0.0, 1.0, 1.0, 0.0, 0.0, 1.0, 0.0, 0.0, 0.0, 1.0, 0.0, 0.0, 1.0, 0.0, 0.0, 1.0, 1.0, 1.0, 0.0, 1.0, 1.0, 1.0, 1.0, 1.0, 0.0, 1.0, 1.0, 0.0, 0.0, 1.0, 0.0, 1.0, 0.0, 1.0, 1.0, 0.0, 1.0, 0.0, 1.0, 1.0, 0.0, 1.0, 0.0, 1.0, 0.0, 1.0, 0.0, 1.0, 1.0, 0.0, 0.0, 0.0, 1.0, 1.0, 0.0, 0.0, 1.0, 0.0, 0.0, 0.0, 1.0, 1.0, 0.0, 1.0, 0.0, 0.0, 0.0, 0.0, 1.0, 0.0, 0.0, 1.0, 0.0, 1.0, 0.0, 1.0, 1.0, 0.0, 1.0, 1.0, 0.0, 1.0, 1.0, 1.0, 0.0, 1.0, 0.0, 1.0, 0.0, 1.0, 0.0, 1.0, 1.0, 0.0, 1.0, 1.0, 0.0, 0.0, 0.0, 1.0, 1.0, 1.0, 0.0, 0.0, 0.0, 0.0, 1.0, 0.0, 1.0, 0.0, 1.0, 1.0, 0.0, 0.0, 0.0, 0.0, 1.0, 0.0, 0.0, 0.0, 0.0, 1.0, 1.0, 1.0, 1.0, 0.0, 0.0, 1.0, 0.0, 0.0, 1.0, 1.0, 1.0, 0.0, 0.0, 0.0, 1.0, 0.0, 1.0, 1.0, 0.0, 0.0, 1.0, 0.0, 0.0, 0.0, 1.0, 1.0, 0.0, 1.0, 0.0, 1.0, 1.0, 0.0, 0.0, 1.0, 1.0, 0.0, 1.0, 1.0, 0.0, 0.0, 1.0, 0.0, 0.0, 0.0, 0.0, 1.0, 0.0, 0.0, 0.0, 1.0, 1.0, 0.0, 0.0, 0.0, 1.0, 1.0, 1.0, 1.0, 1.0, 0.0, 0.0, 0.0, 0.0, 1.0, 0.0, 0.0, 1.0, 1.0, 0.0, 0.0, 1.0, 1.0, 1.0, 1.0, 1.0, 0.0, 1.0, 0.0, 0.0, 0.0, 0.0, 0.0, 0.0, 0.0, 1.0, 1.0, 1.0, 0.0, 1.0, 0.0, 0.0, 1.0, 0.0, 1.0, 0.0, 0.0, 1.0, 0.0, 0.0, 1.0, 1.0, 0.0, 0.0, 1.0, 0.0, 1.0, 1.0, 0.0, 1.0, 1.0, 0.0, 1.0, 0.0, 1.0, 1.0, 1.0, 1.0, 1.0, 0.0, 0.0, 0.0, 0.0, 1.0, 1.0, 1.0, 1.0, 1.0, 0.0, 1.0, 1.0, 0.0, 0.0, 0.0, 0.0, 0.0, 0.0, 1.0, 0.0, 1.0, 0.0, 1.0, 0.0, 0.0, 0.0, 0.0, 1.0, 0.0, 0.0, 0.0, 1.0, 0.0, 1.0, 0.0, 1.0, 0.0, 0.0, 1.0, 0.0, 0.0, 1.0, 0.0, 1.0, 1.0, 1.0, 0.0, 1.0, 0.0, 1.0, 1.0, 1.0, 0.0, 0.0, 1.0, 1.0, 0.0, 0.0, 0.0, 1.0, 1.0, 0.0, 0.0, 0.0, 0.0, 1.0, 0.0, 0.0, 0.0, 1.0, 0.0, 1.0, 0.0, 0.0, 0.0, 0.0, 0.0, 0.0, 1.0, 1.0, 0.0, 0.0, 1.0, 1.0, 0.0, 1.0, 0.0, 0.0, 0.0, 0.0, 0.0, 0.0, 0.0, 0.0, 1.0, 1.0, 1.0, 1.0, 1.0, 1.0, 1.0, 1.0, 1.0, 0.0, 0.0, 0.0, 1.0, 0.0, 1.0, 1.0, 1.0, 1.0, 0.0, 1.0, 1.0, 0.0, 0.0, 0.0, 0.0, 0.0, 1.0, 1.0, 1.0, 1.0, 0.0, 0.0, 0.0, 0.0, 0.0, 0.0, 1.0, 1.0, 0.0, 0.0, 1.0, 1.0, 0.0, 0.0, 1.0, 1.0, 1.0, 1.0, 0.0, 0.0, 1.0, 0.0, 1.0, 0.0, 1.0, 1.0, 1.0, 0.0, 0.0, 1.0, 1.0, 0.0, 1.0, 1.0, 1.0, 1.0, 0.0, 1.0, 0.0, 1.0, 0.0, 1.0, 0.0, 1.0, 1.0, 1.0, 0.0, 0.0, 0.0, 0.0, 0.0, 1.0, 0.0, 0.0, 0.0, 0.0, 1.0, 0.0, 0.0, 0.0, 0.0, 1.0, 1.0, 0.0, 0.0, 1.0, 0.0, 0.0, 1.0, 0.0, 1.0, 0.0, 1.0, 1.0, 1.0, 0.0, 0.0, 1.0, 1.0, 0.0, 1.0, 0.0, 0.0, 1.0, 0.0, 1.0, 0.0, 1.0, 1.0, 1.0, 1.0, 1.0, 1.0, 0.0, 0.0, 1.0, 0.0, 1.0, 1.0, 1.0, 1.0, 0.0, 0.0, 0.0, 1.0, 1.0, 0.0, 1.0, 1.0, 1.0, 0.0, 1.0, 0.0, 0.0, 0.0, 0.0, 0.0, 1.0, 1.0, 1.0, 0.0, 0.0, 1.0, 0.0, 1.0, 1.0, 0.0, 1.0, 0.0, 1.0, 1.0, 1.0, 1.0, 1.0, 0.0, 1.0, 1.0, 0.0, 0.0, 1.0, 1.0, 1.0, 0.0, 0.0, 1.0, 0.0, 0.0, 0.0, 0.0, 0.0, 0.0, 0.0, 0.0, 1.0, 1.0, 1.0, 1.0, 0.0, 0.0, 0.0, 1.0, 1.0, 1.0, 1.0, 0.0, 1.0, 0.0, 0.0, 0.0, 1.0, 1.0, 0.0, 0.0, 0.0, 1.0, 0.0, 0.0, 0.0, 0.0, 0.0, 0.0, 0.0, 1.0, 0.0, 1.0, 1.0, 0.0, 1.0, 1.0, 1.0, 1.0, 1.0, 0.0, 1.0, 0.0, 0.0, 1.0, 1.0, 0.0, 0.0, 0.0, 1.0, 1.0, 1.0, 0.0, 0.0, 0.0, 1.0, 0.0, 1.0, 1.0, 1.0, 0.0, 1.0, 0.0, 1.0, 0.0, 1.0, 1.0, 1.0, 1.0, 0.0, 0.0, 0.0, 0.0, 0.0, 0.0, 0.0, 1.0, 0.0, 0.0, 1.0, 0.0, 1.0, 1.0, 1.0, 0.0, 0.0, 1.0, 0.0, 1.0, 1.0, 0.0, 0.0, 0.0, 0.0, 0.0, 1.0, 1.0, 0.0, 0.0, 1.0, 1.0, 0.0, 1.0, 1.0, 1.0, 0.0, 0.0, 0.0, 1.0, 1.0, 0.0, 1.0, 0.0, 1.0, 0.0, 0.0, 0.0, 1.0, 0.0, 0.0, 0.0, 0.0, 0.0, 1.0, 0.0, 0.0, 0.0, 0.0, 1.0, 0.0, 0.0, 0.0, 0.0, 1.0, 1.0, 1.0, 0.0, 1.0, 0.0, 1.0, 1.0, 1.0, 1.0, 0.0, 0.0, 0.0, 1.0, 0.0, 0.0, 1.0, 1.0, 1.0, 1.0, 1.0, 1.0, 0.0, 0.0, 1.0, 0.0, 0.0, 0.0, 0.0, 0.0, 0.0, 0.0, 0.0, 1.0, 1.0, 0.0, 1.0, 0.0, 1.0, 0.0, 1.0, 0.0, 1.0, 1.0, 0.0, 0.0, 1.0, 0.0, 0.0, 1.0, 1.0, 0.0, 1.0, 1.0, 1.0, 1.0, 1.0, 1.0, 1.0, 1.0, 1.0, 1.0, 1.0, 1.0, 0.0, 0.0, 0.0, 1.0, 1.0, 1.0, 0.0, 0.0, 1.0, 0.0, 0.0, 1.0, 1.0, 1.0, 1.0, 0.0, 0.0, 1.0, 1.0, 1.0, 0.0, 1.0, 1.0, 0.0, 0.0, 0.0, 1.0, 1.0, 1.0, 0.0, 0.0, 1.0, 0.0, 0.0, 0.0, 1.0, 1.0, 0.0, 1.0, 1.0, 1.0, 1.0, 1.0, 1.0, 1.0, 1.0, 0.0, 1.0, 1.0, 0.0, 1.0, 1.0, 0.0, 1.0, 1.0, 0.0, 1.0, 0.0, 0.0, 1.0, 1.0, 0.0, 0.0, 1.0, 0.0, 1.0, 0.0, 1.0, 1.0, 1.0, 0.0, 0.0, 1.0, 1.0, 1.0, 0.0, 0.0, 0.0, 0.0, 1.0, 0.0, 1.0, 1.0, 1.0, 0.0, 0.0, 1.0, 1.0, 0.0, 1.0, 0.0, 1.0, 1.0, 0.0, 0.0, 1.0, 1.0, 1.0, 0.0, 1.0, 1.0, 0.0, 1.0, 0.0, 1.0, 0.0, 0.0, 1.0, 1.0, 1.0, 1.0, 0.0, 1.0, 1.0, 1.0, 1.0, 0.0, 0.0, 1.0, 0.0, 1.0, 0.0, 1.0, 0.0, 0.0, 0.0, 1.0, 0.0, 1.0, 0.0, 1.0, 1.0, 0.0, 1.0, 0.0, 0.0, 0.0, 1.0, 0.0, 1.0, 0.0, 0.0, 0.0, 0.0, 0.0, 0.0, 0.0, 0.0, 0.0, 0.0, 0.0, 1.0, 0.0, 1.0, 1.0, 0.0, 1.0, 1.0, 0.0, 0.0, 0.0, 0.0, 1.0, 0.0, 1.0, 0.0, 1.0, 0.0, 1.0, 1.0, 1.0, 0.0, 1.0, 0.0, 1.0, 1.0, 0.0, 1.0, 0.0, 0.0, 0.0, 0.0, 1.0, 0.0, 0.0, 1.0, 1.0, 1.0, 1.0, 0.0, 0.0, 1.0, 1.0, 1.0, 1.0, 0.0, 1.0, 1.0, 1.0, 1.0, 1.0, 0.0, 0.0, 0.0, 0.0, 0.0, 0.0, 1.0, 0.0, 1.0, 1.0, 1.0, 1.0, 1.0, 0.0, 1.0, 0.0, 1.0, 0.0, 0.0, 0.0, 1.0, 1.0, 1.0, 1.0, 1.0, 0.0, 0.0, 1.0, 1.0, 0.0, 1.0, 0.0, 1.0, 1.0, 1.0, 1.0, 1.0, 1.0, 0.0, 1.0, 1.0, 0.0, 0.0, 0.0, 1.0, 1.0, 1.0, 0.0, 1.0, 0.0, 0.0, 1.0, 1.0, 1.0, 1.0, 0.0, 0.0, 0.0, 1.0, 0.0, 0.0, 0.0, 0.0, 1.0, 1.0, 1.0, 0.0, 1.0, 0.0, 1.0, 1.0, 1.0, 1.0, 1.0, 0.0, 0.0, 1.0, 0.0, 1.0, 0.0, 1.0, 0.0, 0.0, 0.0, 1.0, 1.0, 1.0, 0.0, 0.0, 0.0, 1.0, 0.0, 0.0, 1.0, 0.0, 1.0, 1.0, 0.0, 0.0, 0.0, 0.0, 1.0, 1.0, 0.0, 0.0, 0.0, 1.0, 0.0, 0.0, 0.0, 0.0, 1.0, 1.0, 0.0, 0.0, 1.0, 1.0, 0.0, 0.0, 1.0, 1.0, 0.0, 1.0, 1.0, 1.0, 0.0, 0.0, 1.0, 0.0, 1.0, 1.0, 0.0, 1.0, 1.0, 1.0, 0.0, 0.0, 1.0, 0.0, 0.0, 1.0]","['lNONHSAG000884', 'lNONHSAG001238', 'lNONHSAG002056', 'lNONHSAG002378', 'lNONHSAG002490', 'lNONHSAG002883', 'lNONHSAG003053', 'lNONHSAG003077', 'lNONHSAG003269', 'lNONHSAG003874', 'lNONHSAG004714', 'lNONHSAG004868', 'lNONHSAG005742', 'lNONHSAG006204', 'lNONHSAG006454', 'lNONHSAG007434', 'lNONHSAG007538', 'lNONHSAG007984', 'lNONHSAG008015', 'lNONHSAG008037', 'lNONHSAG008654', 'lNONHSAG008937', 'lNONHSAG009180', 'lNONHSAG010193', 'lNONHSAG010940', 'lNONHSAG010986', 'lNONHSAG011524', 'lNONHSAG012297', 'lNONHSAG013060', 'lNONHSAG013942', 'lNONHSAG014098', 'lNONHSAG014362', 'lNONHSAG015352', 'lNONHSAG015961', 'lNONHSAG016403', 'lNONHSAG016733', 'lNONHSAG016749', 'lNONHSAG018203', 'lNONHSAG018707', 'lNONHSAG019014', 'lNONHSAG019031', 'lNONHSAG019079', 'lNONHSAG019814', 'lNONHSAG020107', 'lNONHSAG020218', 'lNONHSAG020223', 'lNONHSAG020277', 'lNONHSAG020759', 'lNONHSAG021760', 'lNONHSAG021846', 'lNONHSAG021882', 'lNONHSAG022030', 'lNONHSAG022088', 'lNONHSAG022311', 'lNONHSAG022327', 'lNONHSAG022335', 'lNONHSAG022597', 'lNONHSAG022743', 'lNONHSAG022845', 'lNONHSAG023049', 'lNONHSAG023051', 'lNONHSAG023607', 'lNONHSAG023635', 'lNONHSAG023740', 'lNONHSAG023837', 'lNONHSAG023888', 'lNONHSAG024171', 'lNONHSAG025483', 'lNONHSAG025485', 'lNONHSAG026091', 'lNONHSAG026364', 'lNONHSAG026599', 'lNONHSAG027482', 'lNONHSAG027692', 'lNONHSAG028403', 'lNONHSAG029033', 'lNONHSAG030129', 'lNONHSAG030244', 'lNONHSAG030333', 'lNONHSAG030487', 'lNONHSAG031025', 'lNONHSAG031584', 'lNONHSAG032560', 'lNONHSAG032682', 'lNONHSAG033061', 'lNONHSAG033100', 'lNONHSAG033216', 'lNONHSAG034418', 'lNONHSAG035531', 'lNONHSAG036047', 'lNONHSAG036407', 'lNONHSAG036866', 'lNONHSAG037073', 'lNONHSAG037348', 'lNONHSAG038502', 'lNONHSAG038675', 'lNONHSAG039038', 'lNONHSAG039295', 'lNONHSAG040179', 'lNONHSAG041017', 'lNONHSAG042218', 'lNONHSAG042306', 'lNONHSAG043229', 'lNONHSAG043303', 'lNONHSAG043550', 'lNONHSAG044064', 'lNONHSAG044533', 'lNONHSAG045160', 'lNONHSAG046730', 'lNONHSAG047469', 'lNONHSAG048603', 'lNONHSAG049157', 'lNONHSAG049507', 'lNONHSAG049801', 'lNONHSAG050273', 'lNONHSAG052149', 'lNONHSAG052454', 'lNONHSAG052686', 'lNONHSAG052726', 'lNONHSAG053007', 'lNONHSAG053500', 'lNONHSAG054216', 'lNONHSAG054301', 'lNONHSAG054716', 'lNONHSAG055008', 'lNONHSAG055450', 'lNONHSAG056029', 'lNONHSAG058112', 'lNONHSAG065252', 'lNONHSAG074661', 'lNONHSAG083883', 'lNONHSAG088562', 'lNONHSAG093064', 'lNONHSAG097344', 'lNONHSAG102979', 'lENSG00000103472', 'lENSG00000177410', 'lENSG00000205611', 'lENSG00000224057', 'lENSG00000225855', 'lENSG00000236535', 'lENSG00000246560', 'lENSG00000249786', 'lENSG00000254635', 'lENSG00000257084', 'lENSG00000259289', 'lENSG00000224167', 'lCDKN2B-AS1', 'lEGOT', 'lLINC00173', 'lPANDAR', 'lPCGEM1', 'lPVT1', 'lCTB-91J4.1', 'lCTC-338M12.2', 'lLA16c-321D4.2', 'lRP11-2C24.4', 'lRP5-1160K1.8', 'lHNRNPU-AS1', 'lCTA-250D10.23', 'lLINC00035', 'lNONHSAG000677', 'lNONHSAG003459', 'lNONHSAG005727', 'lNONHSAG005761', 'lNONHSAG005885', 'lNONHSAG006221', 'lNONHSAG006274', 'lNONHSAG006405', 'lNONHSAG006407', 'lNONHSAG006415', 'lNONHSAG006507', 'lNONHSAG006527', 'lNONHSAG006573', 'lNONHSAG006646', 'lNONHSAG006967', 'lNONHSAG007008', 'lNONHSAG007020', 'lNONHSAG007419', 'lNONHSAG007531', 'lNONHSAG007563', 'lENSG00000223400', 'lENSG00000223647', 'lENSG00000224220', 'lENSG00000224500', 'lENSG00000224549', 'lENSG00000224821', 'lENSG00000225129', 'lENSG00000225750', 'lENSG00000226323', 'lENSG00000227075', 'lENSG00000227197', 'lENSG00000227360', 'lENSG00000227509', 'lENSG00000227512', 'lENSG00000227680', 'lENSG00000228470', 'lENSG00000229331', 'lENSG00000229487', 'lENSG00000229848', 'lENSG00000230155', 'lENSG00000230197', 'lENSG00000230794', 'lENSG00000230918', 'lENSG00000231143', 'lENSG00000232192', 'lENSG00000232286', 'lENSG00000232564', 'lENSG00000232893', 'lENSG00000233222', 'lENSG00000234160', 'lENSG00000234622', 'lENSG00000234953', 'lENSG00000235786', 'lENSG00000236324', 'lENSG00000236414', 'lENSG00000236452', 'lENSG00000236758', 'lENSG00000236800', 'lENSG00000237921', 'lENSG00000238185', 'lENSG00000241985', 'lENSG00000243797', 'lENSG00000243903', 'lENSG00000247867', 'lENSG00000248125', 'lENSG00000248397', 'lENSG00000248789', 'lENSG00000249419', 'lENSG00000249613', 'lENSG00000249742', 'lENSG00000249830', 'lENSG00000250195', 'lENSG00000250820', 'lENSG00000251256', 'lENSG00000251281', 'lENSG00000253142', 'lENSG00000253189', 'lENSG00000253871', 'lENSG00000253927', 'lENSG00000254035', 'lENSG00000254429', 'lENSG00000254847', 'lENSG00000255041', 'lENSG00000255496', 'lENSG00000255498', 'lENSG00000255949', 'lENSG00000256582', 'lENSG00000257381', 'lENSG00000258272', 'lENSG00000258378', 'lENSG00000258515', 'lENSG00000258908', 'lENSG00000259007', 'lENSG00000259631', 'lENSG00000259759', 'lENSG00000259805', 'lENSG00000260003', 'lENSG00000260022', 'lENSG00000260246', 'lENSG00000260884', 'lENSG00000260911', 'lENSG00000261014', 'lENSG00000261036', 'lENSG00000261248', 'lENSG00000261379', 'lENSG00000261552', 'lENSG00000263321', 'lENSG00000263684', 'lENSG00000264513', 'lENSG00000265791', 'lENSG00000265844', 'lENSG00000266102', 'lENSG00000266368', 'lENSG00000266936', 'lENSG00000267225', 'lENSG00000267234', 'lENSG00000267263', 'lENSG00000267320', 'lENSG00000267711', 'lENSG00000267922', 'lENSG00000268051', 'lENSG00000268605', 'lENSG00000269085', 'lENSG00000269950', 'lENSG00000271936', 'lENSG00000272510', 'lENSG00000272540', 'lENSG00000273550', 'lENSG00000274177', 'lENSG00000274893', 'lENSG00000275484', 'lENSG00000276107', 'lENSG00000276488', 'lENSG00000276997', 'lENSG00000278351', 'lENSG00000279623', 'lENSG00000282828', 'lENSG00000283631', 'lENSG00000285354', 'lENSG00000285518', 'lENSG00000285550', 'lENSG00000285551', 'lENSG00000285954', 'lENSG00000286050', 'lENSG00000286333', 'lENSG00000286430', 'lENSG00000286453', 'lENSG00000286588', 'lENSG00000286598', 'lENSG00000286617', 'lENSG00000286716', 'lENSG00000286738', 'lENSG00000287066', 'lENSG00000287107', 'lENSG00000287660', 'lENSG00000239801', 'lENSG00000241792', 'lENSG00000247810', 'lENSG00000250777', 'lENSG00000261193', 'lDSCR8', 'lMIR3179-2']","[1.0, 1.0, 1.0, 1.0, 0.0, 1.0, 1.0, 0.0, 1.0, 0.0, 0.0, 1.0, 0.0, 0.0, 1.0, 1.0, 1.0, 1.0, 1.0, 0.0, 0.0, 0.0, 1.0, 1.0, 0.0, 1.0, 1.0, 1.0, 0.0, 1.0, 1.0, 1.0, 1.0, 1.0, 0.0, 0.0, 1.0, 0.0, 0.0, 0.0, 0.0, 1.0, 0.0, 1.0, 0.0, 1.0, 1.0, 1.0, 1.0, 1.0, 0.0, 1.0, 1.0, 0.0, 0.0, 1.0, 0.0, 0.0, 0.0, 1.0, 0.0, 1.0, 0.0, 1.0, 0.0, 0.0, 0.0, 1.0, 1.0, 1.0, 0.0, 0.0, 1.0, 0.0, 0.0, 0.0, 0.0, 0.0, 0.0, 0.0, 1.0, 0.0, 0.0, 1.0, 0.0, 1.0, 1.0, 1.0, 1.0, 0.0, 0.0, 1.0, 0.0, 0.0, 0.0, 0.0, 1.0, 0.0, 0.0, 1.0, 0.0, 1.0, 0.0, 1.0, 0.0, 0.0, 1.0, 1.0, 1.0, 0.0, 1.0, 1.0, 1.0, 1.0, 0.0, 0.0, 0.0, 0.0, 0.0, 0.0, 1.0, 0.0, 0.0, 0.0, 1.0, 0.0, 0.0, 1.0, 1.0, 1.0, 1.0, 0.0, 0.0, 0.0, 0.0, 1.0, 0.0, 0.0, 0.0, 1.0, 1.0, 1.0, 1.0, 1.0, 1.0, 1.0, 0.0, 1.0, 0.0, 1.0, 1.0, 1.0, 1.0, 1.0, 0.0, 1.0, 0.0, 1.0, 1.0, 1.0, 0.0, 0.0, 1.0, 1.0, 0.0, 0.0, 0.0, 0.0, 1.0, 0.0, 0.0, 0.0, 0.0, 0.0, 1.0, 0.0, 0.0, 1.0, 0.0, 1.0, 0.0, 0.0, 1.0, 1.0, 0.0, 1.0, 1.0, 1.0, 1.0, 0.0, 1.0, 1.0, 1.0, 1.0, 1.0, 0.0, 1.0, 1.0, 1.0, 1.0, 1.0, 0.0, 1.0, 1.0, 0.0, 0.0, 0.0, 0.0, 1.0, 0.0, 0.0, 1.0, 1.0, 1.0, 1.0, 1.0, 1.0, 0.0, 0.0, 0.0, 0.0, 1.0, 1.0, 1.0, 0.0, 0.0, 0.0, 0.0, 0.0, 0.0, 0.0, 0.0, 1.0, 1.0, 0.0, 1.0, 1.0, 0.0, 0.0, 0.0, 0.0, 0.0, 0.0, 0.0, 0.0, 1.0, 1.0, 1.0, 0.0, 1.0, 0.0, 1.0, 1.0, 1.0, 1.0, 1.0, 1.0, 0.0, 0.0, 0.0, 0.0, 0.0, 0.0, 0.0, 1.0, 1.0, 0.0, 0.0, 1.0, 1.0, 0.0, 0.0, 0.0, 1.0, 1.0, 1.0, 1.0, 0.0, 0.0, 0.0, 1.0, 1.0, 0.0, 0.0, 1.0, 1.0, 1.0, 0.0, 0.0, 1.0, 1.0, 1.0, 0.0, 1.0, 0.0, 1.0, 0.0, 0.0, 1.0, 0.0, 1.0, 0.0, 0.0, 1.0, 1.0, 0.0, 0.0, 1.0, 1.0, 1.0, 1.0, 1.0, 0.0, 0.0, 1.0, 0.0, 1.0, 1.0, 1.0, 1.0, 0.0, 0.0, 0.0]","[1, 0, 1, 1, 1, 0, 1, 0, 0, 1, 1, 0, 0, 1, 1, 1, 1, 0, 0, 0, 0, 1, 0, 1, 1, 1, 0, 1, 0, 0, 0, 1, 0, 1, 1, 1, 1, 1, 1, 1, 1, 1, 0, 1, 1, 0, 1, 1, 0, 1, 1, 0, 0, 1, 1, 1, 1, 1, 1, 1, 1, 1, 1, 1, 1, 0, 1, 1, 0, 1, 1, 1, 1, 1, 1, 1, 0, 0, 1, 0, 0, 1, 0, 1, 0, 0, 1, 0, 1, 0, 0, 1, 1, 1, 1, 0, 0, 1, 0, 1, 0, 1, 0, 1, 0, 0, 1, 1, 0, 1, 0, 0, 1, 1, 0, 0, 1, 0, 1, 1, 0, 0, 1, 0, 1, 0, 0, 0, 1, 0, 1, 0, 1, 0, 0, 1, 0, 1, 1, 1, 1, 0, 1, 1, 1, 1, 1, 1, 0, 1, 0, 0, 0, 1, 0, 0, 0, 1, 0, 0, 0, 0, 1, 1, 1, 0, 0, 1, 1, 0, 0, 0, 1, 0, 0, 1, 0, 0, 1, 0, 1, 1, 1, 0, 0, 1, 1, 0, 0, 0, 1, 0, 1, 1, 0, 0, 0, 1, 0, 1, 0, 0, 1, 0, 0, 1, 1, 1, 1, 1, 1, 0, 0, 1, 1, 0, 0, 1, 1, 1, 0, 0, 1, 1, 1, 0, 1, 0, 0, 0, 0, 0, 0, 1, 0, 0, 1, 0, 0, 0, 1, 1, 1, 1, 0, 1, 0, 1, 0, 0, 1, 1, 1, 0, 1, 0, 1, 1, 0, 1, 0, 1, 1, 0, 1, 1, 0, 1, 0, 1, 0, 0, 1, 0, 1, 0, 0, 1, 0, 1, 1, 0, 0, 0, 0, 1, 0, 1, 0, 0, 0, 1, 1, 1, 0, 0, 0, 0, 0, 0, 0, 1, 0, 0, 0, 1, 1, 0, 0, 0, 1, 1, 1, 0, 1, 0, 0, 0, 0, 0, 0, 0, 1]","[0.1640580255468943, -0.18703510407843538, 0.18162787948278158, 0.11780975124733761, 0.14508812052091813, -0.4168976680287927, 0.24124608081787458, -0.4129318027649277, -0.11343944064142775, 0.22113892460868734, 0.08293123761501342, -0.06311819070605551, -0.009714948518664168, 0.10399906428256955, 0.10270114253019458, 0.0017705831675060013, 0.09834985457127943, -0.15673391857519092, -0.14149748151363617, -0.4739899032107261, -0.01116689428565365, 0.3106411283948872, -0.033425327594151066, 0.09101641065916433, 0.13282823189316695, 0.042589284327403054, -0.2566150587023558, 0.1004759376640535, -0.16739815045283357, -0.19494067666086934, -0.22823243128625392, 0.4000439969118733, -0.27883063473820335, 0.13912585770142372, 0.019368718077841796, 0.04319366492007071, 0.0490869009598508, 0.057465487829696404, 0.12792183177364536, 0.22167233046003354, 0.07155658182425839, 0.08372122159083617, -0.18336342117114313, 0.11984916204235241, 0.49025288778851206, -0.04170711085302059, 0.013657949042143902, 0.18264753794822142, -0.0618222932672613, 0.06131217554227242, 0.11113449031014178, -0.1647551022066186, -0.11142409495091143, 0.022852085368986086, 0.4269664616453036, 0.03750584097484755, 0.1781945231016212, 0.07543279599794872, 0.013044434295616303, 0.22743569177103595, 0.20277397159818122, 0.06684518396090511, 0.005050881498058435, 0.06508550627815624, 0.19049875099848557, -0.11160247442361892, 0.27015552003195886, 0.04491656654192078, -0.12060988995527644, 0.21913284698875402, 4.98814921768842e-05, 0.07617302368890055, 0.009906089950997843, 0.06437393485417708, 0.04625752032359387, 0.10935258686690752, -0.041662871900499776, -0.2544420303229761, 0.050538635067540416, -0.1639702860111506, -0.1980647507791965, 0.03968097576689644, -0.04647191617338009, 0.10427557692238587, -0.1903926991885595, -0.30687956688523854, 0.1664512256488654, -0.22344092116629255, 0.0505974760671154, -0.01706771155070086, -0.11565769842046236, 0.058876203592571064, 0.40515612644988963, 0.01106341142694689, 0.030124325625233372, -0.2400222372634343, -0.12004776618986746, 0.14972184550362322, -0.17580022593081857, 0.0955758199864053, -0.22674917047523813, 0.03956962363307526, -0.23962148621513435, 0.25032478316885254, -0.0717241512734742, -0.10908953187836878, 0.2880182687684957, 0.21879470079124907, -0.014432347206322471, 0.07146582140071189, -0.046803938064384876, -0.000252693644104407, 0.11832598403172334, 0.1274622067100203, -0.22416716985606022, -0.1921777826328438, 0.027957559546457067, -0.08648605292773837, 0.0991600908125384, 0.03545346290832818, -0.09650037275971257, -0.1350277933186551, 0.17829280417003723, -0.1638748825734443, 0.2892790564960822, -0.17888250546382067, -0.35350977500978764, -0.10127893554169975, 0.19796324898466822, -0.07640890871614381, 0.17380103364038846, -0.26393882530374035, 1.6971358662887992, -0.27523246127500556, -0.10993145125089121, 0.5168309176612046, -0.01910759363470127, 0.01161703259656044, 0.31074898328549694, 0.2092976789569222, 0.0038791790733131437, -0.14250183818943263, 0.1274042489931385, 0.044358203637263505, 0.06849281279082942, 0.09234487899311283, 0.015256212849370177, 0.18988083074611872, -0.08803669528584279, 0.08301576326781224, -0.4167203770932283, -0.14161851732140363, -0.11978338496426566, 0.11405333794880257, -0.09123755547074353, -0.257656104298836, -0.09049312101028029, 0.12423105819940183, -0.09072188577879003, -0.1252028688636252, -0.023722617108748234, -0.06304183361402138, 0.03232294374641953, 0.22944781159999927, 0.04252373880085536, -0.19601279097880997, -0.23845246101816364, 0.09920969945593605, 0.12463939289934267, -0.07836812832962792, -0.0668505366301283, -0.3064955928467378, 0.13837493434114478, -0.07618688076394242, -0.22505278883290358, 0.0013395546472835251, -0.26403328553354555, -0.033870667219011774, 0.15271962473665213, -0.2844651564656314, 0.1707751122086495, 0.26131840559232444, 0.2311263112806704, -0.026407078650982352, -0.20176164305193278, 0.01027824187511961, 0.18031313810468153, -0.2748524705299954, -0.43440848337737037, -0.220011896526083, 0.00012352588122788166, -0.16225084540485113, 0.0977921458866301, 0.058178848736857636, -0.07556474285324277, -0.0060837112821462425, -0.10158110256494879, 0.1401381724608709, -0.008324806929388084, 0.18706009164538362, -0.06991678595249862, -0.12222562233247014, 0.19618260842187774, -0.0313899986510523, -0.02910596521741382, 0.12991984298972714, 0.11026139015055236, 0.021453832422453023, 0.20553422203042004, 0.011095313159072195, 0.1868639253273373, -0.028180592261403237, -0.05938405854927076, 0.1606498572160976, 0.12199649434292781, -0.00770045006578346, -0.022811331881268937, 0.002534172799636747, 0.023673746922697636, 0.12803746281575112, -0.006918822330137853, -0.12758537273213555, 0.050190395350326544, 0.11847528697581844, 0.0007228198229461968, -0.16092236127179305, 0.0033609853903807663, -0.039451372130529516, -0.11489716221870061, -0.010573765877106456, -0.22597062386460542, -0.10044243714665668, -0.04681617663601301, 0.03800662223701068, -0.05590627209083798, -0.001999729381666593, 0.024771883269770645, -0.02300539694754533, -0.02273946116290737, -0.019915787861625733, 1.0675278315463936, 0.13553538963624245, 0.07709049026218129, 0.28341557697143227, -0.21549133597010062, 0.9865212642311781, -0.07528683194624086, 0.04305688747925018, -0.15881923636800088, -0.11404828627445951, 0.2070758985682054, 0.21861106263283248, 0.07587253965588048, -0.028828722714961397, 0.04930951487977897, -0.1270158384785417, 0.44678659961069755, 0.016079257558795246, -0.07536527269141302, 0.1466329813595212, -0.12022679006300308, 0.11093981418215215, 0.13299892029811933, -0.1587967996984182, 0.012800486256280164, 0.036941675298723387, -0.013093722106191197, 0.10809688501937498, -0.1517278306310298, 0.07644917786687266, -0.13673073971648797, -0.04496560063244004, 0.0881478528671994, -0.28650818407732437, 0.37303559631961847, -0.03510712555918516, -0.16056135463112653, 0.4705773454267429, -0.16102857213818556, 0.16124024264000003, 0.15878926937532534, -0.071952137477452, -0.05577082160434699, -0.0316275828536029, -0.41472190897144834, 0.1755395867274877, -0.24678899945449728, 0.2382092056418098, -0.42038898881651654, -0.03913347197049333, -0.03496107058107689, 0.041520793051979976, 0.1000481455997485, 0.49473538987356236, -0.059812192821314336, -0.13596786410439143, -0.06939590884551528, -0.03583066068192842, -0.009458515334593964, -0.01632083589740041, -0.06879745618208044, 0.10442791643128413, -0.08008631535601374, -0.09815386706185325, -0.10177602652355666, 0.04966381868950542, 0.04629037541314329, -0.033341517499621776, -0.12139716263682387, -0.2785928396411642, 0.0030008102856521335, 0.035629843429716535, 0.08491509808348596, -0.22300626445786953, 0.09061443418364334, -0.14244521879889838, -8.407709032265398e-05, -0.46761693264655235, -0.02903265371541497, -0.08397501668749896, -0.21913619462054157, -0.06599528212973638, 0.07096276867648144]"
3,"['lNONHSAG000008', 'lNONHSAG000047', 'lNONHSAG000059', 'lNONHSAG000069', 'lNONHSAG000130', 'lNONHSAG000158', 'lNONHSAG000195', 'lNONHSAG000253', 'lNONHSAG000310', 'lNONHSAG000311', 'lNONHSAG000374', 'lNONHSAG000464', 'lNONHSAG000484', 'lNONHSAG000498', 'lNONHSAG000579', 'lNONHSAG000584', 'lNONHSAG000603', 'lNONHSAG000625', 'lNONHSAG000742', 'lNONHSAG000769', 'lNONHSAG000843', 'lNONHSAG000863', 'lNONHSAG000884', 'lNONHSAG000918', 'lNONHSAG000938', 'lNONHSAG000967', 'lNONHSAG001172', 'lNONHSAG001238', 'lNONHSAG001247', 'lNONHSAG001259', 'lNONHSAG001278', 'lNONHSAG001284', 'lNONHSAG001360', 'lNONHSAG001375', 'lNONHSAG001448', 'lNONHSAG001468', 'lNONHSAG001499', 'lNONHSAG001513', 'lNONHSAG001696', 'lNONHSAG001773', 'lNONHSAG001837', 'lNONHSAG001941', 'lNONHSAG001993', 'lNONHSAG002056', 'lNONHSAG002058', 'lNONHSAG002086', 'lNONHSAG002134', 'lNONHSAG002135', 'lNONHSAG002343', 'lNONHSAG002359', 'lNONHSAG002376', 'lNONHSAG002378', 'lNONHSAG002454', 'lNONHSAG002490', 'lNONHSAG002617', 'lNONHSAG002669', 'lNONHSAG002701', 'lNONHSAG002719', 'lNONHSAG002731', 'lNONHSAG002752', 'lNONHSAG002859', 'lNONHSAG002883', 'lNONHSAG002978', 'lNONHSAG003053', 'lNONHSAG003056', 'lNONHSAG003068', 'lNONHSAG003074', 'lNONHSAG003077', 'lNONHSAG003119', 'lNONHSAG003134', 'lNONHSAG003156', 'lNONHSAG003198', 'lNONHSAG003244', 'lNONHSAG003260', 'lNONHSAG003269', 'lNONHSAG003303', 'lNONHSAG003374', 'lNONHSAG003504', 'lNONHSAG003505', 'lNONHSAG003512', 'lNONHSAG003645', 'lNONHSAG003874', 'lNONHSAG003884', 'lNONHSAG003886', 'lNONHSAG003900', 'lNONHSAG003911', 'lNONHSAG003912', 'lNONHSAG003938', 'lNONHSAG003957', 'lNONHSAG004013', 'lNONHSAG004026', 'lNONHSAG004054', 'lNONHSAG004095', 'lNONHSAG004247', 'lNONHSAG004303', 'lNONHSAG004305', 'lNONHSAG004619', 'lNONHSAG004673', 'lNONHSAG004674', 'lNONHSAG004714', 'lNONHSAG004779', 'lNONHSAG004868', 'lNONHSAG005084', 'lNONHSAG005153', 'lNONHSAG005339', 'lNONHSAG005377', 'lNONHSAG005403', 'lNONHSAG005482', 'lNONHSAG005669', 'lNONHSAG005699', 'lNONHSAG005711', 'lNONHSAG005721', 'lNONHSAG005728', 'lNONHSAG005742', 'lNONHSAG005780', 'lNONHSAG005838', 'lNONHSAG005866', 'lNONHSAG005920', 'lNONHSAG006007', 'lNONHSAG006049', 'lNONHSAG006050', 'lNONHSAG006054', 'lNONHSAG006071', 'lNONHSAG006163', 'lNONHSAG006204', 'lNONHSAG006212', 'lNONHSAG006238', 'lNONHSAG006301', 'lNONHSAG006341', 'lNONHSAG006362', 'lNONHSAG006454', 'lNONHSAG006457', 'lNONHSAG006474', 'lNONHSAG006477', 'lNONHSAG006526', 'lNONHSAG006633', 'lNONHSAG006678', 'lNONHSAG006692', 'lNONHSAG006735', 'lNONHSAG006756', 'lNONHSAG006763', 'lNONHSAG006772', 'lNONHSAG006865', 'lNONHSAG006945', 'lNONHSAG006966', 'lNONHSAG007109', 'lNONHSAG007295', 'lNONHSAG007324', 'lNONHSAG007384', 'lNONHSAG007430', 'lNONHSAG007431', 'lNONHSAG007434', 'lNONHSAG007463', 'lNONHSAG007487', 'lNONHSAG007538', 'lNONHSAG007602', 'lNONHSAG007692', 'lNONHSAG007708', 'lNONHSAG007715', 'lNONHSAG007868', 'lNONHSAG007961', 'lNONHSAG007983', 'lNONHSAG007984', 'lNONHSAG008015', 'lNONHSAG008037', 'lNONHSAG008056', 'lNONHSAG008167', 'lNONHSAG008199', 'lNONHSAG008220', 'lNONHSAG008354', 'lNONHSAG008517', 'lNONHSAG008540', 'lNONHSAG008552', 'lNONHSAG008589', 'lNONHSAG008615', 'lNONHSAG008654', 'lNONHSAG008670', 'lNONHSAG008675', 'lNONHSAG008693', 'lNONHSAG008726', 'lNONHSAG008728', 'lNONHSAG008759', 'lNONHSAG008859', 'lNONHSAG008937', 'lNONHSAG008952', 'lNONHSAG008966', 'lNONHSAG009039', 'lNONHSAG009059', 'lNONHSAG009062', 'lNONHSAG009124', 'lNONHSAG009130', 'lNONHSAG009133', 'lNONHSAG009134', 'lNONHSAG009174', 'lNONHSAG009180', 'lNONHSAG009193', 'lNONHSAG009544', 'lNONHSAG009613', 'lNONHSAG009636', 'lNONHSAG009728', 'lNONHSAG009747', 'lNONHSAG009755', 'lNONHSAG009757', 'lNONHSAG009945', 'lNONHSAG009950', 'lNONHSAG009968', 'lNONHSAG009989', 'lNONHSAG010179', 'lNONHSAG010184', 'lNONHSAG010186', 'lNONHSAG010190', 'lNONHSAG010193', 'lNONHSAG010194', 'lNONHSAG010200', 'lNONHSAG010348', 'lNONHSAG010405', 'lNONHSAG010416', 'lNONHSAG010543', 'lNONHSAG010657', 'lNONHSAG010658', 'lNONHSAG010716', 'lNONHSAG010792', 'lNONHSAG010798', 'lNONHSAG010940', 'lNONHSAG010986', 'lNONHSAG010989', 'lNONHSAG011028', 'lNONHSAG011057', 'lNONHSAG011070', 'lNONHSAG011086', 'lNONHSAG011090', 'lNONHSAG011121', 'lNONHSAG011125', 'lNONHSAG011211', 'lNONHSAG011230', 'lNONHSAG011337', 'lNONHSAG011343', 'lNONHSAG011375', 'lNONHSAG011439', 'lNONHSAG011446', 'lNONHSAG011518', 'lNONHSAG011524', 'lNONHSAG011576', 'lNONHSAG011633', 'lNONHSAG011658', 'lNONHSAG011790', 'lNONHSAG011854', 'lNONHSAG011935', 'lNONHSAG012025', 'lNONHSAG012076', 'lNONHSAG012099', 'lNONHSAG012297', 'lNONHSAG012303', 'lNONHSAG012339', 'lNONHSAG012367', 'lNONHSAG012476', 'lNONHSAG012505', 'lNONHSAG012534', 'lNONHSAG012540', 'lNONHSAG012555', 'lNONHSAG012594', 'lNONHSAG012614', 'lNONHSAG012617', 'lNONHSAG012751', 'lNONHSAG012791', 'lNONHSAG013005', 'lNONHSAG013060', 'lNONHSAG013095', 'lNONHSAG013098', 'lNONHSAG013109', 'lNONHSAG013388', 'lNONHSAG013431', 'lNONHSAG013475', 'lNONHSAG013515', 'lNONHSAG013534', 'lNONHSAG013568', 'lNONHSAG013708', 'lNONHSAG013730', 'lNONHSAG013790', 'lNONHSAG013809', 'lNONHSAG013912', 'lNONHSAG013917', 'lNONHSAG013940', 'lNONHSAG013942', 'lNONHSAG013944', 'lNONHSAG013946', 'lNONHSAG013954', 'lNONHSAG013992', 'lNONHSAG014098', 'lNONHSAG014112', 'lNONHSAG014130', 'lNONHSAG014267', 'lNONHSAG014289', 'lNONHSAG014332', 'lNONHSAG014362', 'lNONHSAG014372', 'lNONHSAG014373', 'lNONHSAG014381', 'lNONHSAG014496', 'lNONHSAG014502', 'lNONHSAG014546', 'lNONHSAG014562', 'lNONHSAG014591', 'lNONHSAG014672', 'lNONHSAG014679', 'lNONHSAG014730', 'lNONHSAG014890', 'lNONHSAG014891', 'lNONHSAG014914', 'lNONHSAG015044', 'lNONHSAG015163', 'lNONHSAG015215', 'lNONHSAG015234', 'lNONHSAG015352', 'lNONHSAG015417', 'lNONHSAG015454', 'lNONHSAG015461', 'lNONHSAG015505', 'lNONHSAG015591', 'lNONHSAG015623', 'lNONHSAG015787', 'lNONHSAG015788', 'lNONHSAG015961', 'lNONHSAG016021', 'lNONHSAG016068', 'lNONHSAG016118', 'lNONHSAG016307', 'lNONHSAG016395', 'lNONHSAG016403', 'lNONHSAG016486', 'lNONHSAG016487', 'lNONHSAG016576', 'lNONHSAG016733', 'lNONHSAG016741', 'lNONHSAG016749', 'lNONHSAG016771', 'lNONHSAG016822', 'lNONHSAG016893', 'lNONHSAG017020', 'lNONHSAG017060', 'lNONHSAG017232', 'lNONHSAG017238', 'lNONHSAG017254', 'lNONHSAG017282', 'lNONHSAG017288', 'lNONHSAG017347', 'lNONHSAG017349', 'lNONHSAG017376', 'lNONHSAG017377', 'lNONHSAG017379', 'lNONHSAG017417', 'lNONHSAG017486', 'lNONHSAG017504', 'lNONHSAG017567', 'lNONHSAG017666', 'lNONHSAG017767', 'lNONHSAG017783', 'lNONHSAG017882', 'lNONHSAG017890', 'lNONHSAG017899', 'lNONHSAG018053', 'lNONHSAG018054', 'lNONHSAG018058', 'lNONHSAG018110', 'lNONHSAG018180', 'lNONHSAG018203', 'lNONHSAG018236', 'lNONHSAG018313', 'lNONHSAG018322', 'lNONHSAG018326', 'lNONHSAG018344', 'lNONHSAG018372', 'lNONHSAG018374', 'lNONHSAG018414', 'lNONHSAG018415', 'lNONHSAG018416', 'lNONHSAG018417', 'lNONHSAG018461', 'lNONHSAG018530', 'lNONHSAG018586', 'lNONHSAG018621', 'lNONHSAG018656', 'lNONHSAG018707', 'lNONHSAG018709', 'lNONHSAG018711', 'lNONHSAG018829', 'lNONHSAG018889', 'lNONHSAG018893', 'lNONHSAG018903', 'lNONHSAG018980', 'lNONHSAG019003', 'lNONHSAG019012', 'lNONHSAG019014', 'lNONHSAG019021', 'lNONHSAG019031', 'lNONHSAG019049', 'lNONHSAG019051', 'lNONHSAG019079', 'lNONHSAG019090', 'lNONHSAG019115', 'lNONHSAG019134', 'lNONHSAG019158', 'lNONHSAG019221', 'lNONHSAG019270', 'lNONHSAG019332', 'lNONHSAG019370', 'lNONHSAG019439', 'lNONHSAG019493', 'lNONHSAG019569', 'lNONHSAG019613', 'lNONHSAG019667', 'lNONHSAG019670', 'lNONHSAG019711', 'lNONHSAG019767', 'lNONHSAG019814', 'lNONHSAG019848', 'lNONHSAG019852', 'lNONHSAG019898', 'lNONHSAG020053', 'lNONHSAG020068', 'lNONHSAG020075', 'lNONHSAG020091', 'lNONHSAG020107', 'lNONHSAG020153', 'lNONHSAG020155', 'lNONHSAG020218', 'lNONHSAG020223', 'lNONHSAG020252', 'lNONHSAG020259', 'lNONHSAG020260', 'lNONHSAG020273', 'lNONHSAG020274', 'lNONHSAG020277', 'lNONHSAG020278', 'lNONHSAG020281', 'lNONHSAG020298', 'lNONHSAG020304', 'lNONHSAG020307', 'lNONHSAG020312', 'lNONHSAG020321', 'lNONHSAG020325', 'lNONHSAG020339', 'lNONHSAG020361', 'lNONHSAG020367', 'lNONHSAG020374', 'lNONHSAG020382', 'lNONHSAG020403', 'lNONHSAG020474', 'lNONHSAG020476', 'lNONHSAG020600', 'lNONHSAG020616', 'lNONHSAG020731', 'lNONHSAG020755', 'lNONHSAG020759', 'lNONHSAG020760', 'lNONHSAG020762', 'lNONHSAG020771', 'lNONHSAG020869', 'lNONHSAG020957', 'lNONHSAG020990', 'lNONHSAG021042', 'lNONHSAG021307', 'lNONHSAG021309', 'lNONHSAG021315', 'lNONHSAG021335', 'lNONHSAG021342', 'lNONHSAG021347', 'lNONHSAG021370', 'lNONHSAG021390', 'lNONHSAG021408', 'lNONHSAG021410', 'lNONHSAG021433', 'lNONHSAG021471', 'lNONHSAG021557', 'lNONHSAG021566', 'lNONHSAG021567', 'lNONHSAG021584', 'lNONHSAG021638', 'lNONHSAG021641', 'lNONHSAG021698', 'lNONHSAG021760', 'lNONHSAG021820', 'lNONHSAG021846', 'lNONHSAG021874', 'lNONHSAG021878', 'lNONHSAG021882', 'lNONHSAG021893', 'lNONHSAG021909', 'lNONHSAG021976', 'lNONHSAG022030', 'lNONHSAG022058', 'lNONHSAG022078', 'lNONHSAG022088', 'lNONHSAG022094', 'lNONHSAG022110', 'lNONHSAG022127', 'lNONHSAG022162', 'lNONHSAG022311', 'lNONHSAG022327', 'lNONHSAG022328', 'lNONHSAG022335', 'lNONHSAG022339', 'lNONHSAG022378', 'lNONHSAG022495', 'lNONHSAG022551', 'lNONHSAG022579', 'lNONHSAG022595', 'lNONHSAG022597', 'lNONHSAG022655', 'lNONHSAG022690', 'lNONHSAG022743', 'lNONHSAG022750', 'lNONHSAG022806', 'lNONHSAG022836', 'lNONHSAG022845', 'lNONHSAG022888', 'lNONHSAG022893', 'lNONHSAG022965', 'lNONHSAG022972', 'lNONHSAG022980', 'lNONHSAG022982', 'lNONHSAG023003', 'lNONHSAG023049', 'lNONHSAG023051', 'lNONHSAG023073', 'lNONHSAG023175', 'lNONHSAG023237', 'lNONHSAG023375', 'lNONHSAG023387', 'lNONHSAG023392', 'lNONHSAG023494', 'lNONHSAG023512', 'lNONHSAG023553', 'lNONHSAG023579', 'lNONHSAG023598', 'lNONHSAG023607', 'lNONHSAG023614', 'lNONHSAG023630', 'lNONHSAG023635', 'lNONHSAG023661', 'lNONHSAG023668', 'lNONHSAG023740', 'lNONHSAG023837', 'lNONHSAG023864', 'lNONHSAG023885', 'lNONHSAG023888', 'lNONHSAG023930', 'lNONHSAG023964', 'lNONHSAG024117', 'lNONHSAG024141', 'lNONHSAG024146', 'lNONHSAG024171', 'lNONHSAG024224', 'lNONHSAG024244', 'lNONHSAG024282', 'lNONHSAG024332', 'lNONHSAG024340', 'lNONHSAG024341', 'lNONHSAG024354', 'lNONHSAG024361', 'lNONHSAG024362', 'lNONHSAG024364', 'lNONHSAG024381', 'lNONHSAG024391', 'lNONHSAG024393', 'lNONHSAG024395', 'lNONHSAG024428', 'lNONHSAG024540', 'lNONHSAG024542', 'lNONHSAG024637', 'lNONHSAG024668', 'lNONHSAG024671', 'lNONHSAG024676', 'lNONHSAG024681', 'lNONHSAG024741', 'lNONHSAG024809', 'lNONHSAG024810', 'lNONHSAG024826', 'lNONHSAG024903', 'lNONHSAG024905', 'lNONHSAG024908', 'lNONHSAG024913', 'lNONHSAG024921', 'lNONHSAG024925', 'lNONHSAG024979', 'lNONHSAG025011', 'lNONHSAG025135', 'lNONHSAG025137', 'lNONHSAG025319', 'lNONHSAG025352', 'lNONHSAG025483', 'lNONHSAG025485', 'lNONHSAG025609', 'lNONHSAG025743', 'lNONHSAG025744', 'lNONHSAG025864', 'lNONHSAG025865', 'lNONHSAG025907', 'lNONHSAG025934', 'lNONHSAG025939', 'lNONHSAG025964', 'lNONHSAG025997', 'lNONHSAG026053', 'lNONHSAG026089', 'lNONHSAG026091', 'lNONHSAG026103', 'lNONHSAG026153', 'lNONHSAG026176', 'lNONHSAG026205', 'lNONHSAG026274', 'lNONHSAG026364', 'lNONHSAG026386', 'lNONHSAG026575', 'lNONHSAG026599', 'lNONHSAG026631', 'lNONHSAG026661', 'lNONHSAG026720', 'lNONHSAG026721', 'lNONHSAG026737', 'lNONHSAG026781', 'lNONHSAG026794', 'lNONHSAG026852', 'lNONHSAG026854', 'lNONHSAG026856', 'lNONHSAG027017', 'lNONHSAG027075', 'lNONHSAG027110', 'lNONHSAG027276', 'lNONHSAG027278', 'lNONHSAG027323', 'lNONHSAG027342', 'lNONHSAG027374', 'lNONHSAG027421', 'lNONHSAG027482', 'lNONHSAG027598', 'lNONHSAG027618', 'lNONHSAG027675', 'lNONHSAG027682', 'lNONHSAG027692', 'lNONHSAG027694', 'lNONHSAG027709', 'lNONHSAG027837', 'lNONHSAG027874', 'lNONHSAG027876', 'lNONHSAG028045', 'lNONHSAG028083', 'lNONHSAG028093', 'lNONHSAG028112', 'lNONHSAG028141', 'lNONHSAG028142', 'lNONHSAG028159', 'lNONHSAG028403', 'lNONHSAG028713', 'lNONHSAG028720', 'lNONHSAG028817', 'lNONHSAG028820', 'lNONHSAG028857', 'lNONHSAG028870', 'lNONHSAG028913', 'lNONHSAG028918', 'lNONHSAG028948', 'lNONHSAG028996', 'lNONHSAG029033', 'lNONHSAG029080', 'lNONHSAG029124', 'lNONHSAG029267', 'lNONHSAG029312', 'lNONHSAG029377', 'lNONHSAG029668', 'lNONHSAG029792', 'lNONHSAG029830', 'lNONHSAG029873', 'lNONHSAG029933', 'lNONHSAG029956', 'lNONHSAG029958', 'lNONHSAG029959', 'lNONHSAG029960', 'lNONHSAG029961', 'lNONHSAG029962', 'lNONHSAG029964', 'lNONHSAG029965', 'lNONHSAG029985', 'lNONHSAG030074', 'lNONHSAG030113', 'lNONHSAG030129', 'lNONHSAG030244', 'lNONHSAG030258', 'lNONHSAG030278', 'lNONHSAG030279', 'lNONHSAG030304', 'lNONHSAG030333', 'lNONHSAG030410', 'lNONHSAG030440', 'lNONHSAG030487', 'lNONHSAG030516', 'lNONHSAG030525', 'lNONHSAG030582', 'lNONHSAG030583', 'lNONHSAG030738', 'lNONHSAG030739', 'lNONHSAG030742', 'lNONHSAG031025', 'lNONHSAG031035', 'lNONHSAG031123', 'lNONHSAG031261', 'lNONHSAG031385', 'lNONHSAG031425', 'lNONHSAG031452', 'lNONHSAG031453', 'lNONHSAG031456', 'lNONHSAG031563', 'lNONHSAG031565', 'lNONHSAG031581', 'lNONHSAG031584', 'lNONHSAG031636', 'lNONHSAG031696', 'lNONHSAG031853', 'lNONHSAG031991', 'lNONHSAG032063', 'lNONHSAG032126', 'lNONHSAG032247', 'lNONHSAG032267', 'lNONHSAG032297', 'lNONHSAG032302', 'lNONHSAG032309', 'lNONHSAG032312', 'lNONHSAG032537', 'lNONHSAG032560', 'lNONHSAG032664', 'lNONHSAG032682', 'lNONHSAG032724', 'lNONHSAG032737', 'lNONHSAG032748', 'lNONHSAG032750', 'lNONHSAG033061', 'lNONHSAG033100', 'lNONHSAG033107', 'lNONHSAG033121', 'lNONHSAG033168', 'lNONHSAG033170', 'lNONHSAG033216', 'lNONHSAG033224', 'lNONHSAG033263', 'lNONHSAG033266', 'lNONHSAG033298', 'lNONHSAG033328', 'lNONHSAG033334', 'lNONHSAG033342', 'lNONHSAG033348', 'lNONHSAG033352', 'lNONHSAG033368', 'lNONHSAG033386', 'lNONHSAG033390', 'lNONHSAG033435', 'lNONHSAG033459', 'lNONHSAG033471', 'lNONHSAG033480', 'lNONHSAG033528', 'lNONHSAG033589', 'lNONHSAG033611', 'lNONHSAG033691', 'lNONHSAG033735', 'lNONHSAG033748', 'lNONHSAG033810', 'lNONHSAG033898', 'lNONHSAG033899', 'lNONHSAG033937', 'lNONHSAG033940', 'lNONHSAG034006', 'lNONHSAG034014', 'lNONHSAG034021', 'lNONHSAG034032', 'lNONHSAG034217', 'lNONHSAG034316', 'lNONHSAG034417', 'lNONHSAG034418', 'lNONHSAG034492', 'lNONHSAG034527', 'lNONHSAG034676', 'lNONHSAG034801', 'lNONHSAG034845', 'lNONHSAG034846', 'lNONHSAG034935', 'lNONHSAG034973', 'lNONHSAG035096', 'lNONHSAG035262', 'lNONHSAG035382', 'lNONHSAG035456', 'lNONHSAG035531', 'lNONHSAG035568', 'lNONHSAG035806', 'lNONHSAG035914', 'lNONHSAG035916', 'lNONHSAG035923', 'lNONHSAG036047', 'lNONHSAG036054', 'lNONHSAG036115', 'lNONHSAG036120', 'lNONHSAG036255', 'lNONHSAG036263', 'lNONHSAG036273', 'lNONHSAG036403', 'lNONHSAG036407', 'lNONHSAG036412', 'lNONHSAG036413', 'lNONHSAG036612', 'lNONHSAG036615', 'lNONHSAG036667', 'lNONHSAG036718', 'lNONHSAG036783', 'lNONHSAG036866', 'lNONHSAG036922', 'lNONHSAG036926', 'lNONHSAG037025', 'lNONHSAG037061', 'lNONHSAG037072', 'lNONHSAG037073', 'lNONHSAG037080', 'lNONHSAG037082', 'lNONHSAG037083', 'lNONHSAG037096', 'lNONHSAG037137', 'lNONHSAG037146', 'lNONHSAG037164', 'lNONHSAG037241', 'lNONHSAG037348', 'lNONHSAG037420', 'lNONHSAG037559', 'lNONHSAG037827', 'lNONHSAG037891', 'lNONHSAG037936', 'lNONHSAG037946', 'lNONHSAG038001', 'lNONHSAG038024', 'lNONHSAG038060', 'lNONHSAG038091', 'lNONHSAG038162', 'lNONHSAG038343', 'lNONHSAG038344', 'lNONHSAG038397', 'lNONHSAG038502', 'lNONHSAG038530', 'lNONHSAG038561', 'lNONHSAG038578', 'lNONHSAG038663', 'lNONHSAG038675', 'lNONHSAG038676', 'lNONHSAG038682', 'lNONHSAG038836', 'lNONHSAG039037', 'lNONHSAG039038', 'lNONHSAG039147', 'lNONHSAG039293', 'lNONHSAG039295', 'lNONHSAG039319', 'lNONHSAG039617', 'lNONHSAG039620', 'lNONHSAG039634', 'lNONHSAG039637', 'lNONHSAG039654', 'lNONHSAG039664', 'lNONHSAG039669', 'lNONHSAG039872', 'lNONHSAG039951', 'lNONHSAG040179', 'lNONHSAG040188', 'lNONHSAG040226', 'lNONHSAG040241', 'lNONHSAG040269', 'lNONHSAG040320', 'lNONHSAG040329', 'lNONHSAG040408', 'lNONHSAG040444', 'lNONHSAG040481', 'lNONHSAG040544', 'lNONHSAG040692', 'lNONHSAG040700', 'lNONHSAG040729', 'lNONHSAG040804', 'lNONHSAG040859', 'lNONHSAG040870', 'lNONHSAG040909', 'lNONHSAG040945', 'lNONHSAG040958', 'lNONHSAG040969', 'lNONHSAG040976', 'lNONHSAG041002', 'lNONHSAG041017', 'lNONHSAG041023', 'lNONHSAG041241', 'lNONHSAG041250', 'lNONHSAG041256', 'lNONHSAG041257', 'lNONHSAG041480', 'lNONHSAG041528', 'lNONHSAG041529', 'lNONHSAG041592', 'lNONHSAG041670', 'lNONHSAG041707', 'lNONHSAG041716', 'lNONHSAG041758', 'lNONHSAG041844', 'lNONHSAG041883', 'lNONHSAG041938', 'lNONHSAG041966', 'lNONHSAG041981', 'lNONHSAG042050', 'lNONHSAG042080', 'lNONHSAG042132', 'lNONHSAG042138', 'lNONHSAG042218', 'lNONHSAG042257', 'lNONHSAG042270', 'lNONHSAG042306', 'lNONHSAG042307', 'lNONHSAG042370', 'lNONHSAG042433', 'lNONHSAG042476', 'lNONHSAG042491', 'lNONHSAG042500', 'lNONHSAG042722', 'lNONHSAG042724', 'lNONHSAG042836', 'lNONHSAG042855', 'lNONHSAG042966', 'lNONHSAG042970', 'lNONHSAG042991', 'lNONHSAG043138', 'lNONHSAG043159', 'lNONHSAG043229', 'lNONHSAG043250', 'lNONHSAG043303', 'lNONHSAG043433', 'lNONHSAG043550', 'lNONHSAG043592', 'lNONHSAG043625', 'lNONHSAG043657', 'lNONHSAG043770', 'lNONHSAG043851', 'lNONHSAG043934', 'lNONHSAG044041', 'lNONHSAG044064', 'lNONHSAG044283', 'lNONHSAG044350', 'lNONHSAG044406', 'lNONHSAG044429', 'lNONHSAG044533', 'lNONHSAG044666', 'lNONHSAG044709', 'lNONHSAG044751', 'lNONHSAG044791', 'lNONHSAG045160', 'lNONHSAG045163', 'lNONHSAG045166', 'lNONHSAG045306', 'lNONHSAG045383', 'lNONHSAG045430', 'lNONHSAG046722', 'lNONHSAG046730', 'lNONHSAG046765', 'lNONHSAG046781', 'lNONHSAG046811', 'lNONHSAG046839', 'lNONHSAG046953', 'lNONHSAG047191', 'lNONHSAG047197', 'lNONHSAG047260', 'lNONHSAG047319', 'lNONHSAG047433', 'lNONHSAG047463', 'lNONHSAG047469', 'lNONHSAG047471', 'lNONHSAG047507', 'lNONHSAG047543', 'lNONHSAG047544', 'lNONHSAG047547', 'lNONHSAG047620', 'lNONHSAG047725', 'lNONHSAG047792', 'lNONHSAG047830', 'lNONHSAG047842', 'lNONHSAG047851', 'lNONHSAG047951', 'lNONHSAG047973', 'lNONHSAG047974', 'lNONHSAG048057', 'lNONHSAG048101', 'lNONHSAG048114', 'lNONHSAG048228', 'lNONHSAG048270', 'lNONHSAG048302', 'lNONHSAG048323', 'lNONHSAG048439', 'lNONHSAG048464', 'lNONHSAG048598', 'lNONHSAG048602', 'lNONHSAG048603', 'lNONHSAG048623', 'lNONHSAG048626', 'lNONHSAG048641', 'lNONHSAG048682', 'lNONHSAG048695', 'lNONHSAG048817', 'lNONHSAG049037', 'lNONHSAG049051', 'lNONHSAG049119', 'lNONHSAG049157', 'lNONHSAG049185', 'lNONHSAG049191', 'lNONHSAG049288', 'lNONHSAG049303', 'lNONHSAG049356', 'lNONHSAG049507', 'lNONHSAG049626', 'lNONHSAG049655', 'lNONHSAG049754', 'lNONHSAG049801', 'lNONHSAG049901', 'lNONHSAG050073', 'lNONHSAG050104', 'lNONHSAG050272', 'lNONHSAG050273', 'lNONHSAG050284', 'lNONHSAG050345', 'lNONHSAG050423', 'lNONHSAG050445', 'lNONHSAG050493', 'lNONHSAG050518', 'lNONHSAG050670', 'lNONHSAG050725', 'lNONHSAG050769', 'lNONHSAG050786', 'lNONHSAG050815', 'lNONHSAG050929', 'lNONHSAG050985', 'lNONHSAG051010', 'lNONHSAG051015', 'lNONHSAG051196', 'lNONHSAG051245', 'lNONHSAG051250', 'lNONHSAG051255', 'lNONHSAG051259', 'lNONHSAG051260', 'lNONHSAG051263', 'lNONHSAG051266', 'lNONHSAG051291', 'lNONHSAG051454', 'lNONHSAG051484', 'lNONHSAG051514', 'lNONHSAG051517', 'lNONHSAG051523', 'lNONHSAG051542', 'lNONHSAG051567', 'lNONHSAG051568', 'lNONHSAG051603', 'lNONHSAG051770', 'lNONHSAG051898', 'lNONHSAG051958', 'lNONHSAG052046', 'lNONHSAG052082', 'lNONHSAG052097', 'lNONHSAG052119', 'lNONHSAG052149', 'lNONHSAG052151', 'lNONHSAG052179', 'lNONHSAG052454', 'lNONHSAG052459', 'lNONHSAG052491', 'lNONHSAG052492', 'lNONHSAG052495', 'lNONHSAG052510', 'lNONHSAG052511', 'lNONHSAG052680', 'lNONHSAG052686', 'lNONHSAG052709', 'lNONHSAG052726', 'lNONHSAG052853', 'lNONHSAG052908', 'lNONHSAG052931', 'lNONHSAG052933', 'lNONHSAG052943', 'lNONHSAG053007', 'lNONHSAG053014', 'lNONHSAG053028', 'lNONHSAG053033', 'lNONHSAG053108', 'lNONHSAG053162', 'lNONHSAG053228', 'lNONHSAG053419', 'lNONHSAG053456', 'lNONHSAG053499', 'lNONHSAG053500', 'lNONHSAG053502', 'lNONHSAG053546', 'lNONHSAG053547', 'lNONHSAG053590', 'lNONHSAG053602', 'lNONHSAG053626', 'lNONHSAG053631', 'lNONHSAG053651', 'lNONHSAG053748', 'lNONHSAG053796', 'lNONHSAG053802', 'lNONHSAG054024', 'lNONHSAG054038', 'lNONHSAG054213', 'lNONHSAG054214', 'lNONHSAG054215', 'lNONHSAG054216', 'lNONHSAG054301', 'lNONHSAG054360', 'lNONHSAG054432', 'lNONHSAG054699', 'lNONHSAG054716', 'lNONHSAG054717', 'lNONHSAG054718', 'lNONHSAG054780', 'lNONHSAG054791', 'lNONHSAG054832', 'lNONHSAG055008', 'lNONHSAG055088', 'lNONHSAG055092', 'lNONHSAG055151', 'lNONHSAG055258', 'lNONHSAG055350', 'lNONHSAG055418', 'lNONHSAG055450', 'lNONHSAG055546', 'lNONHSAG055558', 'lNONHSAG055565', 'lNONHSAG055582', 'lNONHSAG056025', 'lNONHSAG056029', 'lNONHSAG056053', 'lNONHSAG056451', 'lNONHSAG056733', 'lNONHSAG056746', 'lNONHSAG056868', 'lNONHSAG057043', 'lNONHSAG057222', 'lNONHSAG057260', 'lNONHSAG058006', 'lNONHSAG058109', 'lNONHSAG058112', 'lNONHSAG058118', 'lNONHSAG058533', 'lNONHSAG058967', 'lNONHSAG059768', 'lNONHSAG060586', 'lNONHSAG061096', 'lNONHSAG061404', 'lNONHSAG061492', 'lNONHSAG063700', 'lNONHSAG064784', 'lNONHSAG064962', 'lNONHSAG065252', 'lNONHSAG065364', 'lNONHSAG066253', 'lNONHSAG068402', 'lNONHSAG068639', 'lNONHSAG069030', 'lNONHSAG069147', 'lNONHSAG069277', 'lNONHSAG069876', 'lNONHSAG070257', 'lNONHSAG071444', 'lNONHSAG072176', 'lNONHSAG073025', 'lNONHSAG073380', 'lNONHSAG073419', 'lNONHSAG073786', 'lNONHSAG074052', 'lNONHSAG074661', 'lNONHSAG075363', 'lNONHSAG077475', 'lNONHSAG077527', 'lNONHSAG077551', 'lNONHSAG079231', 'lNONHSAG080772', 'lNONHSAG081583', 'lNONHSAG081993', 'lNONHSAG082891', 'lNONHSAG083209', 'lNONHSAG083289', 'lNONHSAG083615', 'lNONHSAG083859', 'lNONHSAG083883', 'lNONHSAG083894', 'lNONHSAG084701', 'lNONHSAG084832', 'lNONHSAG084937', 'lNONHSAG085975', 'lNONHSAG088562', 'lNONHSAG089857', 'lNONHSAG091116', 'lNONHSAG091284', 'lNONHSAG091452', 'lNONHSAG091943', 'lNONHSAG092907', 'lNONHSAG093064', 'lNONHSAG093078', 'lNONHSAG093517', 'lNONHSAG094075', 'lNONHSAG094129', 'lNONHSAG094269', 'lNONHSAG096227', 'lNONHSAG096230', 'lNONHSAG096627', 'lNONHSAG097344', 'lNONHSAG097347', 'lNONHSAG098653', 'lNONHSAG099082', 'lNONHSAG099120', 'lNONHSAG099126', 'lNONHSAG099742', 'lNONHSAG099774', 'lNONHSAG101229', 'lNONHSAG101725', 'lNONHSAG102572', 'lNONHSAG102979', 'lNONHSAG103259', 'lNONHSAG103457', 'lNONHSAG103817', 'lNONHSAG104186', 'lNONHSAG110420', 'lNONHSAG110858', 'lNONHSAG111667', 'lNONHSAG113761', 'lNONHSAG114445', 'lENSG00000103472', 'lENSG00000163364', 'lENSG00000175061', 'lENSG00000177410', 'lENSG00000179406', 'lENSG00000179523', 'lENSG00000189295', 'lENSG00000198221', 'lENSG00000198468', 'lENSG00000203497', 'lENSG00000205611', 'lENSG00000223764', 'lENSG00000223783', 'lENSG00000224057', 'lENSG00000224078', 'lENSG00000224614', 'lENSG00000225470', 'lENSG00000225506', 'lENSG00000225855', 'lENSG00000226115', 'lENSG00000226137', 'lENSG00000227082', 'lENSG00000227256', 'lENSG00000227963', 'lENSG00000228022', 'lENSG00000228526', 'lENSG00000229267', 'lENSG00000229335', 'lENSG00000229388', 'lENSG00000230046', 'lENSG00000230061', 'lENSG00000230257', 'lENSG00000230313', 'lENSG00000230400', 'lENSG00000230866', 'lENSG00000231437', 'lENSG00000231473', 'lENSG00000231663', 'lENSG00000232265', 'lENSG00000232415', 'lENSG00000232442', 'lENSG00000232500', 'lENSG00000233047', 'lENSG00000233532', 'lENSG00000233590', 'lENSG00000234169', 'lENSG00000234222', 'lENSG00000234546', 'lENSG00000234625', 'lENSG00000235385', 'lENSG00000235535', 'lENSG00000235724', 'lENSG00000236240', 'lENSG00000236535', 'lENSG00000236671', 'lENSG00000237396', 'lENSG00000241388', 'lENSG00000243479', 'lENSG00000244124', 'lENSG00000245067', 'lENSG00000245146', 'lENSG00000245614', 'lENSG00000246560', 'lENSG00000247095', 'lENSG00000247373', 'lENSG00000247400', 'lENSG00000247498', 'lENSG00000249532', 'lENSG00000249786', 'lENSG00000249835', 'lENSG00000249993', 'lENSG00000250635', 'lENSG00000251003', 'lENSG00000251061', 'lENSG00000253315', 'lENSG00000254418', 'lENSG00000254480', 'lENSG00000254508', 'lENSG00000254635', 'lENSG00000254791', 'lENSG00000255363', 'lENSG00000255427', 'lENSG00000255553', 'lENSG00000255850', 'lENSG00000256742', 'lENSG00000256769', 'lENSG00000257084', 'lENSG00000258912', 'lENSG00000259289', 'lENSG00000259424', 'lENSG00000260219', 'lENSG00000260280', 'lENSG00000260455', 'lENSG00000260924', 'lENSG00000260969', 'lENSG00000261183', 'lENSG00000261423', 'lENSG00000261780', 'lENSG00000263718', 'lENSG00000264672', 'lENSG00000265374', 'lENSG00000266402', 'lENSG00000266970', 'lENSG00000267321', 'lENSG00000267395', 'lENSG00000267413', 'lENSG00000267440', 'lENSG00000267858', 'lENSG00000269019', 'lENSG00000269911', 'lENSG00000269939', 'lENSG00000270084', 'lENSG00000270344', 'lENSG00000270959', 'lENSG00000272769', 'lENSG00000274372', 'lENSG00000278709', 'lENSG00000278970', 'lENSG00000279296', 'lENSG00000281189', 'lENSG00000284070', 'lENSG00000285644', 'lENSG00000286737', 'lENSG00000288080', 'lENSG00000224167', 'lENSG00000224739', 'lA1BG-AS1', 'lADAMTS9-AS2', 'lANKRD62P1-PARP4P3', 'lAQP4-AS1', 'lASMTL-AS1', 'lBANCR', 'lCCAT2', 'lCDKN2B-AS1', 'lDGKK', 'lDLX6-AS1', 'lEGOT', 'lGATA3-AS1', 'lGATA6-AS1', 'lGHET1', 'lHEIH', 'lHOTAIRM1', 'lINHBA-AS1', 'lJPX', 'lJRK', 'lKCTD21-AS1', 'lKTN1-AS1', 'lLAMTOR5-AS1', 'lLBX2-AS1', 'lLINC00173', 'lLINC00174', 'lLINC00240', 'lLINC00333', 'lLINC00472', 'lLPP-AS2', 'lMCM3AP-AS1', 'lMIR181A1HG', 'lMIR31HG', 'lMYLK-AS1', 'lPANDAR', 'lPCGEM1', 'lPVT1', 'lRHPN1-AS1', 'lRMST', 'lSNHG15', 'lSNHG16', 'lSNX29P2', 'lTEN1-CDK3', 'lTPTEP1', 'lTRAM2-AS1', 'lVCAN-AS1', 'lZFAS1', 'lZNF286B', 'lZNF503-AS2', 'lLINC00461', 'lLINC00514', 'lSLC2A1-AS1', 'lSRP14-AS1', 'lAC007009.1', 'lPWAR6', 'lAC004840.8', 'lAC061992.2', 'lAC103564.7', 'lAC135048.13', 'lAC137723.5', 'lAC137932.5', 'lAL928742.12', 'lAP001058.3', 'lCTB-60B18.10', 'lCTB-91J4.1', 'lCTC-338M12.2', 'lCTD-2165H16.4', 'lCTD-2540L5.5', 'lKB-7G2.8', 'lLA16c-321D4.2', 'lLA16c-380H5.3', 'lLL22NC03-23C6.13', 'lRP1-283E3.8', 'lRP11-100F15.1', 'lRP11-108M9.3', 'lRP11-123O10.4', 'lRP11-137H2.4', 'lRP11-197N18.2', 'lRP11-21J18.1', 'lRP11-243J18.2', 'lRP11-24P14.1', 'lRP11-264B17.3', 'lRP11-276H7.2', 'lRP11-2C24.4', 'lRP11-305P14.1', 'lRP11-439K3.1', 'lRP11-467J12.4', 'lRP11-49K24.4', 'lRP11-514P8.8', 'lRP11-54O7.3', 'lRP11-550C4.6', 'lRP11-680A11.5', 'lRP4-756H11.3', 'lRP4-790G17.7', 'lRP5-1061H20.4', 'lRP5-1160K1.8', 'lXXbac-B444P24.8', 'lXXbac-BPG300A18.13', 'lAC018766.4', 'lCTD-2231H16.1', 'lHNRNPU-AS1', 'lRP11-429J17.8', 'lRP11-672A2.1', 'lRP5-1063M23.1', 'lRP11-495P10.8', 'lCTA-250D10.23', 'lRP4-610C12.4', 'lLINC00035', 'lNONHSAG000157', 'lNONHSAG000265', 'lNONHSAG000297', 'lNONHSAG000298', 'lNONHSAG000623', 'lNONHSAG000636', 'lNONHSAG000677', 'lNONHSAG000896', 'lNONHSAG001008', 'lNONHSAG001014', 'lNONHSAG001028', 'lNONHSAG001030', 'lNONHSAG001033', 'lNONHSAG001147', 'lNONHSAG001171', 'lNONHSAG001207', 'lNONHSAG001240', 'lNONHSAG001258', 'lNONHSAG001419', 'lNONHSAG001435', 'lNONHSAG001613', 'lNONHSAG002403', 'lNONHSAG002487', 'lNONHSAG002619', 'lNONHSAG002726', 'lNONHSAG002816', 'lNONHSAG003227', 'lNONHSAG003308', 'lNONHSAG003418', 'lNONHSAG003459', 'lNONHSAG003810', 'lNONHSAG003881', 'lNONHSAG004227', 'lNONHSAG004351', 'lNONHSAG004475', 'lNONHSAG004638', 'lNONHSAG004893', 'lNONHSAG005363', 'lNONHSAG005473', 'lNONHSAG005522', 'lNONHSAG005652', 'lNONHSAG005679', 'lNONHSAG005690', 'lNONHSAG005717', 'lNONHSAG005725', 'lNONHSAG005727', 'lNONHSAG005739', 'lNONHSAG005740', 'lNONHSAG005746', 'lNONHSAG005747', 'lNONHSAG005760', 'lNONHSAG005761', 'lNONHSAG005769', 'lNONHSAG005789', 'lNONHSAG005797', 'lNONHSAG005821', 'lNONHSAG005830', 'lNONHSAG005842', 'lNONHSAG005847', 'lNONHSAG005851', 'lNONHSAG005852', 'lNONHSAG005853', 'lNONHSAG005855', 'lNONHSAG005857', 'lNONHSAG005859', 'lNONHSAG005862', 'lNONHSAG005867', 'lNONHSAG005870', 'lNONHSAG005885', 'lNONHSAG005901', 'lNONHSAG005915', 'lNONHSAG005935', 'lNONHSAG005936', 'lNONHSAG005939', 'lNONHSAG005985', 'lNONHSAG006012', 'lNONHSAG006022', 'lNONHSAG006078', 'lNONHSAG006086', 'lNONHSAG006097', 'lNONHSAG006103', 'lNONHSAG006160', 'lNONHSAG006166', 'lNONHSAG006183', 'lNONHSAG006186', 'lNONHSAG006187', 'lNONHSAG006206', 'lNONHSAG006220', 'lNONHSAG006221', 'lNONHSAG006235', 'lNONHSAG006240', 'lNONHSAG006274', 'lNONHSAG006279', 'lNONHSAG006290', 'lNONHSAG006293', 'lNONHSAG006300', 'lNONHSAG006314', 'lNONHSAG006324', 'lNONHSAG006376', 'lNONHSAG006377', 'lNONHSAG006382', 'lNONHSAG006388', 'lNONHSAG006395', 'lNONHSAG006399', 'lNONHSAG006405', 'lNONHSAG006407', 'lNONHSAG006412', 'lNONHSAG006415', 'lNONHSAG006434', 'lNONHSAG006440', 'lNONHSAG006450', 'lNONHSAG006459', 'lNONHSAG006479', 'lNONHSAG006487', 'lNONHSAG006493', 'lNONHSAG006507', 'lNONHSAG006527', 'lNONHSAG006536', 'lNONHSAG006551', 'lNONHSAG006554', 'lNONHSAG006555', 'lNONHSAG006557', 'lNONHSAG006573', 'lNONHSAG006576', 'lNONHSAG006579', 'lNONHSAG006581', 'lNONHSAG006586', 'lNONHSAG006602', 'lNONHSAG006646', 'lNONHSAG006653', 'lNONHSAG006669', 'lNONHSAG006716', 'lNONHSAG006748', 'lNONHSAG006750', 'lNONHSAG006765', 'lNONHSAG006779', 'lNONHSAG006808', 'lNONHSAG006832', 'lNONHSAG006863', 'lNONHSAG006883', 'lNONHSAG006889', 'lNONHSAG006894', 'lNONHSAG006897', 'lNONHSAG006909', 'lNONHSAG006915', 'lNONHSAG006922', 'lNONHSAG006967', 'lNONHSAG006970', 'lNONHSAG006976', 'lNONHSAG007008', 'lNONHSAG007020', 'lNONHSAG007023', 'lNONHSAG007029', 'lNONHSAG007031', 'lNONHSAG007035', 'lNONHSAG007063', 'lNONHSAG007065', 'lNONHSAG007087', 'lNONHSAG007093', 'lNONHSAG007103', 'lNONHSAG007118', 'lNONHSAG007123', 'lNONHSAG007129', 'lNONHSAG007155', 'lNONHSAG007166', 'lNONHSAG007172', 'lNONHSAG007203', 'lNONHSAG007224', 'lNONHSAG007225', 'lNONHSAG007259', 'lNONHSAG007268', 'lNONHSAG007278', 'lNONHSAG007286', 'lNONHSAG007298', 'lNONHSAG007414', 'lNONHSAG007419', 'lNONHSAG007429', 'lNONHSAG007458', 'lNONHSAG007488', 'lNONHSAG007507', 'lNONHSAG007531', 'lNONHSAG007533', 'lNONHSAG007543', 'lNONHSAG007544', 'lNONHSAG007554', 'lNONHSAG007563', 'lNONHSAG007574', 'lNONHSAG007578', 'lNONHSAG007587', 'lNONHSAG007599', 'lNONHSAG007621', 'lNONHSAG007632', 'lNONHSAG007730', 'lNONHSAG007932', 'lENSG00000083622', 'lENSG00000105501', 'lENSG00000122043', 'lENSG00000149443', 'lENSG00000167920', 'lENSG00000175746', 'lENSG00000177596', 'lENSG00000178248', 'lENSG00000197644', 'lENSG00000197880', 'lENSG00000198054', 'lENSG00000198671', 'lENSG00000203307', 'lENSG00000203434', 'lENSG00000203469', 'lENSG00000203472', 'lENSG00000203565', 'lENSG00000203605', 'lENSG00000203864', 'lENSG00000204393', 'lENSG00000204464', 'lENSG00000205018', 'lENSG00000205452', 'lENSG00000205500', 'lENSG00000212856', 'lENSG00000219410', 'lENSG00000221845', 'lENSG00000222000', 'lENSG00000222032', 'lENSG00000222044', 'lENSG00000223374', 'lENSG00000223387', 'lENSG00000223400', 'lENSG00000223537', 'lENSG00000223563', 'lENSG00000223634', 'lENSG00000223641', 'lENSG00000223647', 'lENSG00000223720', 'lENSG00000223727', 'lENSG00000223786', 'lENSG00000223809', 'lENSG00000223831', 'lENSG00000223881', 'lENSG00000223993', 'lENSG00000224031', 'lENSG00000224075', 'lENSG00000224095', 'lENSG00000224220', 'lENSG00000224277', 'lENSG00000224330', 'lENSG00000224384', 'lENSG00000224500', 'lENSG00000224535', 'lENSG00000224541', 'lENSG00000224549', 'lENSG00000224595', 'lENSG00000224655', 'lENSG00000224794', 'lENSG00000224821', 'lENSG00000224844', 'lENSG00000224885', 'lENSG00000224922', 'lENSG00000224972', 'lENSG00000225012', 'lENSG00000225050', 'lENSG00000225129', 'lENSG00000225146', 'lENSG00000225218', 'lENSG00000225325', 'lENSG00000225334', 'lENSG00000225378', 'lENSG00000225457', 'lENSG00000225537', 'lENSG00000225570', 'lENSG00000225588', 'lENSG00000225750', 'lENSG00000225761', 'lENSG00000225798', 'lENSG00000225886', 'lENSG00000225929', 'lENSG00000226047', 'lENSG00000226133', 'lENSG00000226143', 'lENSG00000226193', 'lENSG00000226194', 'lENSG00000226323', 'lENSG00000226337', 'lENSG00000226352', 'lENSG00000226398', 'lENSG00000226442', 'lENSG00000226454', 'lENSG00000226486', 'lENSG00000226508', 'lENSG00000226522', 'lENSG00000226542', 'lENSG00000226562', 'lENSG00000226566', 'lENSG00000226576', 'lENSG00000226699', 'lENSG00000226770', 'lENSG00000226813', 'lENSG00000226883', 'lENSG00000226925', 'lENSG00000226956', 'lENSG00000226957', 'lENSG00000227075', 'lENSG00000227076', 'lENSG00000227125', 'lENSG00000227131', 'lENSG00000227181', 'lENSG00000227197', 'lENSG00000227330', 'lENSG00000227360', 'lENSG00000227409', 'lENSG00000227459', 'lENSG00000227482', 'lENSG00000227496', 'lENSG00000227509', 'lENSG00000227512', 'lENSG00000227549', 'lENSG00000227579', 'lENSG00000227606', 'lENSG00000227611', 'lENSG00000227680', 'lENSG00000227716', 'lENSG00000227718', 'lENSG00000227769', 'lENSG00000227863', 'lENSG00000227893', 'lENSG00000227958', 'lENSG00000227960', 'lENSG00000228028', 'lENSG00000228082', 'lENSG00000228108', 'lENSG00000228136', 'lENSG00000228170', 'lENSG00000228215', 'lENSG00000228231', 'lENSG00000228261', 'lENSG00000228272', 'lENSG00000228351', 'lENSG00000228372', 'lENSG00000228383', 'lENSG00000228470', 'lENSG00000228485', 'lENSG00000228548', 'lENSG00000228596', 'lENSG00000228627', 'lENSG00000228804', 'lENSG00000228826', 'lENSG00000228852', 'lENSG00000228939', 'lENSG00000228950', 'lENSG00000229152', 'lENSG00000229167', 'lENSG00000229190', 'lENSG00000229283', 'lENSG00000229297', 'lENSG00000229331', 'lENSG00000229345', 'lENSG00000229370', 'lENSG00000229379', 'lENSG00000229457', 'lENSG00000229487', 'lENSG00000229498', 'lENSG00000229502', 'lENSG00000229528', 'lENSG00000229531', 'lENSG00000229673', 'lENSG00000229679', 'lENSG00000229848', 'lENSG00000229851', 'lENSG00000229953', 'lENSG00000229999', 'lENSG00000230010', 'lENSG00000230065', 'lENSG00000230105', 'lENSG00000230109', 'lENSG00000230121', 'lENSG00000230131', 'lENSG00000230153', 'lENSG00000230155', 'lENSG00000230190', 'lENSG00000230197', 'lENSG00000230233', 'lENSG00000230234', 'lENSG00000230323', 'lENSG00000230432', 'lENSG00000230483', 'lENSG00000230499', 'lENSG00000230599', 'lENSG00000230668', 'lENSG00000230735', 'lENSG00000230741', 'lENSG00000230759', 'lENSG00000230790', 'lENSG00000230794', 'lENSG00000230826', 'lENSG00000230830', 'lENSG00000230912', 'lENSG00000230918', 'lENSG00000230972', 'lENSG00000231081', 'lENSG00000231082', 'lENSG00000231092', 'lENSG00000231102', 'lENSG00000231114', 'lENSG00000231143', 'lENSG00000231253', 'lENSG00000231272', 'lENSG00000231407', 'lENSG00000231413', 'lENSG00000231440', 'lENSG00000231492', 'lENSG00000231496', 'lENSG00000231539', 'lENSG00000231597', 'lENSG00000231678', 'lENSG00000231681', 'lENSG00000231724', 'lENSG00000231760', 'lENSG00000231772', 'lENSG00000231781', 'lENSG00000231912', 'lENSG00000231914', 'lENSG00000231937', 'lENSG00000231953', 'lENSG00000231964', 'lENSG00000232031', 'lENSG00000232058', 'lENSG00000232072', 'lENSG00000232086', 'lENSG00000232120', 'lENSG00000232192', 'lENSG00000232252', 'lENSG00000232286', 'lENSG00000232310', 'lENSG00000232328', 'lENSG00000232335', 'lENSG00000232359', 'lENSG00000232363', 'lENSG00000232396', 'lENSG00000232451', 'lENSG00000232464', 'lENSG00000232465', 'lENSG00000232564', 'lENSG00000232596', 'lENSG00000232604', 'lENSG00000232710', 'lENSG00000232719', 'lENSG00000232746', 'lENSG00000232893', 'lENSG00000232895', 'lENSG00000232930', 'lENSG00000232939', 'lENSG00000232964', 'lENSG00000233070', 'lENSG00000233079', 'lENSG00000233178', 'lENSG00000233179', 'lENSG00000233219', 'lENSG00000233222', 'lENSG00000233330', 'lENSG00000233339', 'lENSG00000233407', 'lENSG00000233472', 'lENSG00000233479', 'lENSG00000233534', 'lENSG00000233581', 'lENSG00000233613', 'lENSG00000233625', 'lENSG00000233656', 'lENSG00000233665', 'lENSG00000233689', 'lENSG00000233706', 'lENSG00000233851', 'lENSG00000233891', 'lENSG00000233953', 'lENSG00000233960', 'lENSG00000233969', 'lENSG00000233985', 'lENSG00000234055', 'lENSG00000234117', 'lENSG00000234149', 'lENSG00000234160', 'lENSG00000234172', 'lENSG00000234191', 'lENSG00000234318', 'lENSG00000234504', 'lENSG00000234567', 'lENSG00000234622', 'lENSG00000234626', 'lENSG00000234653', 'lENSG00000234693', 'lENSG00000234756', 'lENSG00000234860', 'lENSG00000234900', 'lENSG00000234953', 'lENSG00000234961', 'lENSG00000234979', 'lENSG00000235011', 'lENSG00000235050', 'lENSG00000235059', 'lENSG00000235086', 'lENSG00000235122', 'lENSG00000235435', 'lENSG00000235494', 'lENSG00000235628', 'lENSG00000235635', 'lENSG00000235637', 'lENSG00000235669', 'lENSG00000235786', 'lENSG00000235813', 'lENSG00000236022', 'lENSG00000236031', 'lENSG00000236065', 'lENSG00000236242', 'lENSG00000236267', 'lENSG00000236272', 'lENSG00000236324', 'lENSG00000236326', 'lENSG00000236358', 'lENSG00000236366', 'lENSG00000236414', 'lENSG00000236452', 'lENSG00000236463', 'lENSG00000236498', 'lENSG00000236559', 'lENSG00000236648', 'lENSG00000236662', 'lENSG00000236723', 'lENSG00000236744', 'lENSG00000236758', 'lENSG00000236800', 'lENSG00000236828', 'lENSG00000236854', 'lENSG00000236921', 'lENSG00000236951', 'lENSG00000236953', 'lENSG00000236975', 'lENSG00000237015', 'lENSG00000237058', 'lENSG00000237073', 'lENSG00000237200', 'lENSG00000237312', 'lENSG00000237324', 'lENSG00000237331', 'lENSG00000237337', 'lENSG00000237373', 'lENSG00000237477', 'lENSG00000237481', 'lENSG00000237520', 'lENSG00000237571', 'lENSG00000237576', 'lENSG00000237581', 'lENSG00000237670', 'lENSG00000237687', 'lENSG00000237734', 'lENSG00000237756', 'lENSG00000237802', 'lENSG00000237919', 'lENSG00000237921', 'lENSG00000237993', 'lENSG00000238131', 'lENSG00000238140', 'lENSG00000238185', 'lENSG00000238282', 'lENSG00000238291', 'lENSG00000239415', 'lENSG00000239482', 'lENSG00000239593', 'lENSG00000240573', 'lENSG00000241383', 'lENSG00000241397', 'lENSG00000241577', 'lENSG00000241593', 'lENSG00000241666', 'lENSG00000241985', 'lENSG00000242012', 'lENSG00000242072', 'lENSG00000242339', 'lENSG00000242391', 'lENSG00000242545', 'lENSG00000242618', 'lENSG00000242795', 'lENSG00000242861', 'lENSG00000243149', 'lENSG00000243230', 'lENSG00000243273', 'lENSG00000243368', 'lENSG00000243797', 'lENSG00000243903', 'lENSG00000243961', 'lENSG00000244278', 'lENSG00000244327', 'lENSG00000244461', 'lENSG00000244701', 'lENSG00000245148', 'lENSG00000245385', 'lENSG00000246541', 'lENSG00000247867', 'lENSG00000247925', 'lENSG00000248125', 'lENSG00000248145', 'lENSG00000248148', 'lENSG00000248172', 'lENSG00000248245', 'lENSG00000248373', 'lENSG00000248393', 'lENSG00000248397', 'lENSG00000248416', 'lENSG00000248457', 'lENSG00000248482', 'lENSG00000248490', 'lENSG00000248576', 'lENSG00000248599', 'lENSG00000248627', 'lENSG00000248758', 'lENSG00000248789', 'lENSG00000248925', 'lENSG00000248935', 'lENSG00000248969', 'lENSG00000248975', 'lENSG00000248984', 'lENSG00000248995', 'lENSG00000249071', 'lENSG00000249099', 'lENSG00000249111', 'lENSG00000249114', 'lENSG00000249297', 'lENSG00000249334', 'lENSG00000249382', 'lENSG00000249409', 'lENSG00000249419', 'lENSG00000249426', 'lENSG00000249441', 'lENSG00000249451', 'lENSG00000249474', 'lENSG00000249547', 'lENSG00000249613', 'lENSG00000249697', 'lENSG00000249706', 'lENSG00000249742', 'lENSG00000249753', 'lENSG00000249782', 'lENSG00000249806', 'lENSG00000249830', 'lENSG00000249865', 'lENSG00000249892', 'lENSG00000250062', 'lENSG00000250092', 'lENSG00000250186', 'lENSG00000250195', 'lENSG00000250242', 'lENSG00000250524', 'lENSG00000250541', 'lENSG00000250626', 'lENSG00000250629', 'lENSG00000250646', 'lENSG00000250657', 'lENSG00000250665', 'lENSG00000250791', 'lENSG00000250820', 'lENSG00000250855', 'lENSG00000250865', 'lENSG00000250866', 'lENSG00000250877', 'lENSG00000250910', 'lENSG00000250917', 'lENSG00000250929', 'lENSG00000250945', 'lENSG00000250949', 'lENSG00000250950', 'lENSG00000250955', 'lENSG00000250993', 'lENSG00000251059', 'lENSG00000251072', 'lENSG00000251185', 'lENSG00000251194', 'lENSG00000251256', 'lENSG00000251266', 'lENSG00000251281', 'lENSG00000251283', 'lENSG00000251412', 'lENSG00000251414', 'lENSG00000251688', 'lENSG00000253134', 'lENSG00000253142', 'lENSG00000253147', 'lENSG00000253167', 'lENSG00000253171', 'lENSG00000253189', 'lENSG00000253282', 'lENSG00000253356', 'lENSG00000253397', 'lENSG00000253449', 'lENSG00000253456', 'lENSG00000253503', 'lENSG00000253507', 'lENSG00000253530', 'lENSG00000253539', 'lENSG00000253619', 'lENSG00000253627', 'lENSG00000253643', 'lENSG00000253645', 'lENSG00000253660', 'lENSG00000253665', 'lENSG00000253717', 'lENSG00000253722', 'lENSG00000253754', 'lENSG00000253782', 'lENSG00000253834', 'lENSG00000253851', 'lENSG00000253858', 'lENSG00000253865', 'lENSG00000253871', 'lENSG00000253875', 'lENSG00000253880', 'lENSG00000253927', 'lENSG00000253947', 'lENSG00000254011', 'lENSG00000254021', 'lENSG00000254026', 'lENSG00000254033', 'lENSG00000254035', 'lENSG00000254084', 'lENSG00000254094', 'lENSG00000254123', 'lENSG00000254141', 'lENSG00000254171', 'lENSG00000254177', 'lENSG00000254207', 'lENSG00000254239', 'lENSG00000254242', 'lENSG00000254314', 'lENSG00000254325', 'lENSG00000254347', 'lENSG00000254350', 'lENSG00000254380', 'lENSG00000254428', 'lENSG00000254429', 'lENSG00000254456', 'lENSG00000254516', 'lENSG00000254526', 'lENSG00000254559', 'lENSG00000254563', 'lENSG00000254574', 'lENSG00000254592', 'lENSG00000254604', 'lENSG00000254620', 'lENSG00000254626', 'lENSG00000254627', 'lENSG00000254689', 'lENSG00000254739', 'lENSG00000254775', 'lENSG00000254787', 'lENSG00000254829', 'lENSG00000254842', 'lENSG00000254846', 'lENSG00000254847', 'lENSG00000254864', 'lENSG00000254879', 'lENSG00000254913', 'lENSG00000254928', 'lENSG00000254930', 'lENSG00000254972', 'lENSG00000254983', 'lENSG00000254990', 'lENSG00000255039', 'lENSG00000255041', 'lENSG00000255084', 'lENSG00000255114', 'lENSG00000255121', 'lENSG00000255159', 'lENSG00000255167', 'lENSG00000255227', 'lENSG00000255247', 'lENSG00000255271', 'lENSG00000255327', 'lENSG00000255357', 'lENSG00000255366', 'lENSG00000255375', 'lENSG00000255390', 'lENSG00000255443', 'lENSG00000255462', 'lENSG00000255478', 'lENSG00000255482', 'lENSG00000255496', 'lENSG00000255498', 'lENSG00000255506', 'lENSG00000255523', 'lENSG00000255528', 'lENSG00000255539', 'lENSG00000255555', 'lENSG00000255565', 'lENSG00000255572', 'lENSG00000255580', 'lENSG00000255808', 'lENSG00000255839', 'lENSG00000255949', 'lENSG00000256007', 'lENSG00000256071', 'lENSG00000256072', 'lENSG00000256083', 'lENSG00000256209', 'lENSG00000256226', 'lENSG00000256234', 'lENSG00000256292', 'lENSG00000256314', 'lENSG00000256448', 'lENSG00000256452', 'lENSG00000256482', 'lENSG00000256484', 'lENSG00000256568', 'lENSG00000256582', 'lENSG00000256670', 'lENSG00000256733', 'lENSG00000256972', 'lENSG00000257004', 'lENSG00000257022', 'lENSG00000257096', 'lENSG00000257105', 'lENSG00000257137', 'lENSG00000257165', 'lENSG00000257235', 'lENSG00000257261', 'lENSG00000257264', 'lENSG00000257265', 'lENSG00000257271', 'lENSG00000257275', 'lENSG00000257342', 'lENSG00000257381', 'lENSG00000257407', 'lENSG00000257470', 'lENSG00000257488', 'lENSG00000257494', 'lENSG00000257500', 'lENSG00000257514', 'lENSG00000257527', 'lENSG00000257541', 'lENSG00000257587', 'lENSG00000257653', 'lENSG00000257732', 'lENSG00000257750', 'lENSG00000257764', 'lENSG00000257787', 'lENSG00000257860', 'lENSG00000257925', 'lENSG00000257997', 'lENSG00000258007', 'lENSG00000258044', 'lENSG00000258084', 'lENSG00000258167', 'lENSG00000258185', 'lENSG00000258210', 'lENSG00000258220', 'lENSG00000258234', 'lENSG00000258272', 'lENSG00000258292', 'lENSG00000258308', 'lENSG00000258312', 'lENSG00000258313', 'lENSG00000258323', 'lENSG00000258331', 'lENSG00000258378', 'lENSG00000258379', 'lENSG00000258390', 'lENSG00000258394', 'lENSG00000258425', 'lENSG00000258451', 'lENSG00000258460', 'lENSG00000258515', 'lENSG00000258516', 'lENSG00000258670', 'lENSG00000258690', 'lENSG00000258695', 'lENSG00000258698', 'lENSG00000258742', 'lENSG00000258745', 'lENSG00000258784', 'lENSG00000258800', 'lENSG00000258824', 'lENSG00000258826', 'lENSG00000258829', 'lENSG00000258904', 'lENSG00000258908', 'lENSG00000258958', 'lENSG00000259007', 'lENSG00000259026', 'lENSG00000259188', 'lENSG00000259194', 'lENSG00000259202', 'lENSG00000259211', 'lENSG00000259223', 'lENSG00000259250', 'lENSG00000259268', 'lENSG00000259294', 'lENSG00000259307', 'lENSG00000259342', 'lENSG00000259351', 'lENSG00000259352', 'lENSG00000259360', 'lENSG00000259385', 'lENSG00000259432', 'lENSG00000259503', 'lENSG00000259532', 'lENSG00000259544', 'lENSG00000259631', 'lENSG00000259636', 'lENSG00000259659', 'lENSG00000259678', 'lENSG00000259757', 'lENSG00000259759', 'lENSG00000259767', 'lENSG00000259798', 'lENSG00000259805', 'lENSG00000259935', 'lENSG00000259945', 'lENSG00000259955', 'lENSG00000259967', 'lENSG00000260003', 'lENSG00000260017', 'lENSG00000260022', 'lENSG00000260158', 'lENSG00000260186', 'lENSG00000260246', 'lENSG00000260304', 'lENSG00000260454', 'lENSG00000260476', 'lENSG00000260586', 'lENSG00000260605', 'lENSG00000260626', 'lENSG00000260659', 'lENSG00000260720', 'lENSG00000260741', 'lENSG00000260773', 'lENSG00000260798', 'lENSG00000260814', 'lENSG00000260884', 'lENSG00000260911', 'lENSG00000260934', 'lENSG00000260970', 'lENSG00000260986', 'lENSG00000260999', 'lENSG00000261014', 'lENSG00000261036', 'lENSG00000261065', 'lENSG00000261066', 'lENSG00000261243', 'lENSG00000261248', 'lENSG00000261261', 'lENSG00000261266', 'lENSG00000261307', 'lENSG00000261379', 'lENSG00000261432', 'lENSG00000261475', 'lENSG00000261507', 'lENSG00000261523', 'lENSG00000261552', 'lENSG00000261569', 'lENSG00000261633', 'lENSG00000261663', 'lENSG00000261671', 'lENSG00000261695', 'lENSG00000261697', 'lENSG00000261723', 'lENSG00000261729', 'lENSG00000261731', 'lENSG00000261761', 'lENSG00000261838', 'lENSG00000261864', 'lENSG00000262151', 'lENSG00000262298', 'lENSG00000262533', 'lENSG00000262652', 'lENSG00000262692', 'lENSG00000262810', 'lENSG00000262815', 'lENSG00000263080', 'lENSG00000263237', 'lENSG00000263257', 'lENSG00000263300', 'lENSG00000263321', 'lENSG00000263335', 'lENSG00000263417', 'lENSG00000263466', 'lENSG00000263585', 'lENSG00000263594', 'lENSG00000263618', 'lENSG00000263684', 'lENSG00000263709', 'lENSG00000263797', 'lENSG00000263847', 'lENSG00000263873', 'lENSG00000263952', 'lENSG00000263982', 'lENSG00000263986', 'lENSG00000264016', 'lENSG00000264107', 'lENSG00000264116', 'lENSG00000264254', 'lENSG00000264269', 'lENSG00000264486', 'lENSG00000264513', 'lENSG00000264520', 'lENSG00000264546', 'lENSG00000264558', 'lENSG00000264577', 'lENSG00000264595', 'lENSG00000264622', 'lENSG00000264734', 'lENSG00000264769', 'lENSG00000264825', 'lENSG00000264924', 'lENSG00000265125', 'lENSG00000265168', 'lENSG00000265205', 'lENSG00000265265', 'lENSG00000265334', 'lENSG00000265359', 'lENSG00000265400', 'lENSG00000265443', 'lENSG00000265474', 'lENSG00000265554', 'lENSG00000265625', 'lENSG00000265643', 'lENSG00000265728', 'lENSG00000265739', 'lENSG00000265743', 'lENSG00000265791', 'lENSG00000265800', 'lENSG00000265840', 'lENSG00000265844', 'lENSG00000265845', 'lENSG00000265980', 'lENSG00000265987', 'lENSG00000265994', 'lENSG00000266102', 'lENSG00000266153', 'lENSG00000266341', 'lENSG00000266368', 'lENSG00000266397', 'lENSG00000266535', 'lENSG00000266538', 'lENSG00000266541', 'lENSG00000266651', 'lENSG00000266696', 'lENSG00000266801', 'lENSG00000266839', 'lENSG00000266844', 'lENSG00000266936', 'lENSG00000266981', 'lENSG00000266985', 'lENSG00000266993', 'lENSG00000267000', 'lENSG00000267057', 'lENSG00000267063', 'lENSG00000267177', 'lENSG00000267225', 'lENSG00000267234', 'lENSG00000267255', 'lENSG00000267263', 'lENSG00000267274', 'lENSG00000267286', 'lENSG00000267320', 'lENSG00000267341', 'lENSG00000267354', 'lENSG00000267364', 'lENSG00000267378', 'lENSG00000267387', 'lENSG00000267436', 'lENSG00000267501', 'lENSG00000267510', 'lENSG00000267543', 'lENSG00000267583', 'lENSG00000267593', 'lENSG00000267615', 'lENSG00000267633', 'lENSG00000267638', 'lENSG00000267665', 'lENSG00000267711', 'lENSG00000267791', 'lENSG00000267838', 'lENSG00000267922', 'lENSG00000267980', 'lENSG00000268015', 'lENSG00000268049', 'lENSG00000268051', 'lENSG00000268078', 'lENSG00000268191', 'lENSG00000268203', 'lENSG00000268240', 'lENSG00000268289', 'lENSG00000268296', 'lENSG00000268520', 'lENSG00000268605', 'lENSG00000268734', 'lENSG00000268743', 'lENSG00000268833', 'lENSG00000268906', 'lENSG00000268912', 'lENSG00000268981', 'lENSG00000269044', 'lENSG00000269085', 'lENSG00000269145', 'lENSG00000269191', 'lENSG00000269292', 'lENSG00000269321', 'lENSG00000269495', 'lENSG00000269504', 'lENSG00000269621', 'lENSG00000269656', 'lENSG00000269729', 'lENSG00000269802', 'lENSG00000269826', 'lENSG00000269843', 'lENSG00000269867', 'lENSG00000269901', 'lENSG00000269950', 'lENSG00000269987', 'lENSG00000270082', 'lENSG00000270094', 'lENSG00000270108', 'lENSG00000270380', 'lENSG00000270726', 'lENSG00000270871', 'lENSG00000270996', 'lENSG00000271032', 'lENSG00000271218', 'lENSG00000271314', 'lENSG00000271579', 'lENSG00000271717', 'lENSG00000271763', 'lENSG00000271787', 'lENSG00000271833', 'lENSG00000271901', 'lENSG00000271936', 'lENSG00000271945', 'lENSG00000271983', 'lENSG00000272027', 'lENSG00000272072', 'lENSG00000272149', 'lENSG00000272159', 'lENSG00000272338', 'lENSG00000272510', 'lENSG00000272540', 'lENSG00000272575', 'lENSG00000272642', 'lENSG00000272661', 'lENSG00000272742', 'lENSG00000272810', 'lENSG00000272814', 'lENSG00000272866', 'lENSG00000272995', 'lENSG00000273035', 'lENSG00000273257', 'lENSG00000273271', 'lENSG00000273275', 'lENSG00000273360', 'lENSG00000273449', 'lENSG00000273461', 'lENSG00000273485', 'lENSG00000273493', 'lENSG00000273550', 'lENSG00000273568', 'lENSG00000273838', 'lENSG00000273877', 'lENSG00000273919', 'lENSG00000274177', 'lENSG00000274227', 'lENSG00000274561', 'lENSG00000274624', 'lENSG00000274678', 'lENSG00000274863', 'lENSG00000274893', 'lENSG00000275173', 'lENSG00000275345', 'lENSG00000275401', 'lENSG00000275484', 'lENSG00000275576', 'lENSG00000275871', 'lENSG00000276107', 'lENSG00000276488', 'lENSG00000276527', 'lENSG00000276533', 'lENSG00000276668', 'lENSG00000276997', 'lENSG00000277332', 'lENSG00000277639', 'lENSG00000277675', 'lENSG00000278000', 'lENSG00000278013', 'lENSG00000278202', 'lENSG00000278351', 'lENSG00000278630', 'lENSG00000278766', 'lENSG00000278944', 'lENSG00000279088', 'lENSG00000279240', 'lENSG00000279484', 'lENSG00000279501', 'lENSG00000279623', 'lENSG00000279687', 'lENSG00000279751', 'lENSG00000279920', 'lENSG00000280206', 'lENSG00000280224', 'lENSG00000280455', 'lENSG00000280580', 'lENSG00000280703', 'lENSG00000280881', 'lENSG00000281021', 'lENSG00000281831', 'lENSG00000282478', 'lENSG00000282828', 'lENSG00000282950', 'lENSG00000283083', 'lENSG00000283286', 'lENSG00000283347', 'lENSG00000283375', 'lENSG00000283436', 'lENSG00000283457', 'lENSG00000283573', 'lENSG00000283631', 'lENSG00000283766', 'lENSG00000283973', 'lENSG00000284376', 'lENSG00000284418', 'lENSG00000284500', 'lENSG00000284513', 'lENSG00000284608', 'lENSG00000284699', 'lENSG00000284994', 'lENSG00000285012', 'lENSG00000285040', 'lENSG00000285325', 'lENSG00000285354', 'lENSG00000285409', 'lENSG00000285473', 'lENSG00000285518', 'lENSG00000285524', 'lENSG00000285550', 'lENSG00000285551', 'lENSG00000285619', 'lENSG00000285621', 'lENSG00000285654', 'lENSG00000285699', 'lENSG00000285709', 'lENSG00000285780', 'lENSG00000285857', 'lENSG00000285861', 'lENSG00000285889', 'lENSG00000285954', 'lENSG00000285998', 'lENSG00000286002', 'lENSG00000286010', 'lENSG00000286018', 'lENSG00000286020', 'lENSG00000286050', 'lENSG00000286076', 'lENSG00000286089', 'lENSG00000286101', 'lENSG00000286168', 'lENSG00000286188', 'lENSG00000286194', 'lENSG00000286197', 'lENSG00000286206', 'lENSG00000286242', 'lENSG00000286244', 'lENSG00000286276', 'lENSG00000286303', 'lENSG00000286331', 'lENSG00000286333', 'lENSG00000286338', 'lENSG00000286419', 'lENSG00000286430', 'lENSG00000286436', 'lENSG00000286441', 'lENSG00000286453', 'lENSG00000286461', 'lENSG00000286474', 'lENSG00000286515', 'lENSG00000286565', 'lENSG00000286578', 'lENSG00000286581', 'lENSG00000286584', 'lENSG00000286588', 'lENSG00000286598', 'lENSG00000286617', 'lENSG00000286639', 'lENSG00000286645', 'lENSG00000286670', 'lENSG00000286689', 'lENSG00000286690', 'lENSG00000286698', 'lENSG00000286715', 'lENSG00000286716', 'lENSG00000286722', 'lENSG00000286738', 'lENSG00000286740', 'lENSG00000286751', 'lENSG00000286767', 'lENSG00000286770', 'lENSG00000286781', 'lENSG00000286795', 'lENSG00000286803', 'lENSG00000286820', 'lENSG00000286843', 'lENSG00000286850', 'lENSG00000286887', 'lENSG00000286908', 'lENSG00000286963', 'lENSG00000287005', 'lENSG00000287006', 'lENSG00000287028', 'lENSG00000287030', 'lENSG00000287066', 'lENSG00000287094', 'lENSG00000287107', 'lENSG00000287108', 'lENSG00000287155', 'lENSG00000287198', 'lENSG00000287202', 'lENSG00000287213', 'lENSG00000287236', 'lENSG00000287270', 'lENSG00000287285', 'lENSG00000287335', 'lENSG00000287358', 'lENSG00000287359', 'lENSG00000287366', 'lENSG00000287367', 'lENSG00000287381', 'lENSG00000287423', 'lENSG00000287441', 'lENSG00000287462', 'lENSG00000287501', 'lENSG00000287517', 'lENSG00000287518', 'lENSG00000287545', 'lENSG00000287550', 'lENSG00000287551', 'lENSG00000287556', 'lENSG00000287587', 'lENSG00000287618', 'lENSG00000287660', 'lENSG00000287664', 'lENSG00000287684', 'lENSG00000287687', 'lENSG00000287704', 'lENSG00000211683', 'lENSG00000214955', 'lENSG00000223379', 'lENSG00000223795', 'lENSG00000224884', 'lENSG00000225836', 'lENSG00000228255', 'lENSG00000229454', 'lENSG00000229628', 'lENSG00000229964', 'lENSG00000230649', 'lENSG00000231212', 'lENSG00000231616', 'lENSG00000232056', 'lENSG00000232636', 'lENSG00000233200', 'lENSG00000233987', 'lENSG00000234083', 'lENSG00000234998', 'lENSG00000235337', 'lENSG00000235795', 'lENSG00000236453', 'lENSG00000239801', 'lENSG00000241792', 'lENSG00000242375', 'lENSG00000244620', 'lENSG00000247810', 'lENSG00000248359', 'lENSG00000248991', 'lENSG00000249159', 'lENSG00000250567', 'lENSG00000250670', 'lENSG00000250686', 'lENSG00000250777', 'lENSG00000251506', 'lENSG00000251654', 'lENSG00000253766', 'lENSG00000254306', 'lENSG00000254927', 'lENSG00000255279', 'lENSG00000255325', 'lENSG00000255644', 'lENSG00000256686', 'lENSG00000257603', 'lENSG00000257715', 'lENSG00000257962', 'lENSG00000258088', 'lENSG00000258196', 'lENSG00000258386', 'lENSG00000259123', 'lENSG00000259209', 'lENSG00000259244', 'lENSG00000259274', 'lENSG00000259306', 'lENSG00000259407', 'lENSG00000260511', 'lENSG00000261193', 'lENSG00000261445', 'lENSG00000261470', 'lENSG00000264660', 'lENSG00000265174', 'lENSG00000266893', 'lENSG00000267081', 'lENSG00000267521', 'lENSG00000267581', 'lENSG00000269391', 'lENSG00000269460', 'lENSG00000272304', 'lENSG00000272369', 'lENSG00000273138', 'lENSG00000273403', 'lENSG00000273486', 'lENSG00000274902', 'lENSG00000275232', 'lENSG00000278514', 'lENSG00000279672', 'lENSG00000282887', 'lENSG00000286164', 'lENSG00000226032', 'lENSG00000235736', 'lENSG00000251613', 'lENSG00000263316', 'lENSG00000258631', 'lENSG00000260141', 'lENSG00000279472', 'lENSG00000271870', 'lENSG00000272934', 'lENSG00000265556', 'lENSG00000271840', 'lENSG00000253701', 'lENSG00000281408', 'lENSG00000268166', 'lALG13-AS1', 'lDGUOK-AS1', 'lDSCR8', 'lMIR24-2', 'lMIR3179-2', 'lMIR3654', 'lACA64', 'lC3orf65']","[1.0, 1.0, 0.0, 0.0, 1.0, 1.0, 0.0, 0.0, 1.0, 1.0, 1.0, 0.0, 1.0, 1.0, 0.0, 0.0, 1.0, 0.0, 0.0, 1.0, 0.0, 0.0, 1.0, 0.0, 1.0, 0.0, 0.0, 1.0, 0.0, 0.0, 0.0, 0.0, 0.0, 1.0, 1.0, 0.0, 0.0, 0.0, 1.0, 0.0, 1.0, 1.0, 0.0, 1.0, 1.0, 1.0, 0.0, 1.0, 0.0, 1.0, 0.0, 1.0, 0.0, 0.0, 1.0, 1.0, 1.0, 0.0, 0.0, 0.0, 1.0, 1.0, 1.0, 1.0, 1.0, 1.0, 0.0, 0.0, 1.0, 1.0, 0.0, 1.0, 0.0, 1.0, 1.0, 0.0, 0.0, 1.0, 0.0, 1.0, 1.0, 0.0, 1.0, 1.0, 0.0, 0.0, 1.0, 0.0, 0.0, 0.0, 0.0, 1.0, 0.0, 1.0, 1.0, 0.0, 0.0, 1.0, 1.0, 0.0, 0.0, 1.0, 0.0, 1.0, 1.0, 0.0, 0.0, 0.0, 1.0, 1.0, 0.0, 0.0, 1.0, 0.0, 0.0, 1.0, 1.0, 0.0, 1.0, 0.0, 0.0, 1.0, 0.0, 1.0, 0.0, 0.0, 0.0, 0.0, 1.0, 0.0, 1.0, 0.0, 0.0, 1.0, 0.0, 1.0, 1.0, 1.0, 1.0, 1.0, 1.0, 0.0, 0.0, 0.0, 0.0, 1.0, 1.0, 0.0, 0.0, 0.0, 1.0, 1.0, 1.0, 0.0, 1.0, 0.0, 0.0, 0.0, 0.0, 1.0, 0.0, 1.0, 1.0, 1.0, 0.0, 0.0, 0.0, 0.0, 1.0, 1.0, 1.0, 0.0, 0.0, 0.0, 1.0, 0.0, 0.0, 0.0, 0.0, 0.0, 0.0, 1.0, 0.0, 0.0, 1.0, 0.0, 0.0, 1.0, 1.0, 0.0, 1.0, 0.0, 0.0, 1.0, 1.0, 1.0, 0.0, 0.0, 0.0, 0.0, 0.0, 0.0, 1.0, 1.0, 1.0, 1.0, 1.0, 0.0, 1.0, 1.0, 1.0, 1.0, 0.0, 1.0, 1.0, 1.0, 1.0, 0.0, 0.0, 0.0, 1.0, 1.0, 1.0, 0.0, 1.0, 0.0, 0.0, 0.0, 0.0, 0.0, 1.0, 1.0, 0.0, 1.0, 1.0, 0.0, 0.0, 1.0, 1.0, 0.0, 0.0, 1.0, 0.0, 0.0, 1.0, 0.0, 1.0, 1.0, 0.0, 0.0, 0.0, 1.0, 1.0, 0.0, 0.0, 0.0, 1.0, 1.0, 0.0, 1.0, 0.0, 1.0, 1.0, 0.0, 1.0, 1.0, 0.0, 0.0, 1.0, 0.0, 1.0, 0.0, 1.0, 1.0, 0.0, 1.0, 0.0, 1.0, 1.0, 1.0, 1.0, 0.0, 1.0, 1.0, 1.0, 0.0, 1.0, 0.0, 1.0, 1.0, 0.0, 0.0, 0.0, 1.0, 1.0, 1.0, 1.0, 0.0, 1.0, 0.0, 0.0, 0.0, 1.0, 1.0, 0.0, 0.0, 0.0, 1.0, 1.0, 1.0, 0.0, 1.0, 0.0, 1.0, 1.0, 1.0, 0.0, 1.0, 1.0, 0.0, 0.0, 0.0, 1.0, 1.0, 1.0, 1.0, 1.0, 1.0, 0.0, 1.0, 0.0, 0.0, 0.0, 1.0, 1.0, 1.0, 0.0, 0.0, 1.0, 1.0, 1.0, 1.0, 0.0, 1.0, 1.0, 1.0, 0.0, 0.0, 0.0, 0.0, 0.0, 1.0, 0.0, 1.0, 1.0, 0.0, 0.0, 1.0, 1.0, 1.0, 0.0, 1.0, 0.0, 0.0, 0.0, 0.0, 1.0, 0.0, 1.0, 1.0, 1.0, 0.0, 0.0, 1.0, 0.0, 1.0, 0.0, 1.0, 1.0, 0.0, 1.0, 0.0, 0.0, 0.0, 1.0, 1.0, 0.0, 0.0, 0.0, 0.0, 0.0, 0.0, 0.0, 0.0, 0.0, 0.0, 0.0, 1.0, 1.0, 0.0, 1.0, 0.0, 1.0, 1.0, 1.0, 0.0, 0.0, 1.0, 0.0, 0.0, 0.0, 1.0, 1.0, 0.0, 0.0, 0.0, 1.0, 0.0, 0.0, 0.0, 1.0, 1.0, 1.0, 0.0, 0.0, 0.0, 1.0, 1.0, 1.0, 0.0, 0.0, 1.0, 1.0, 0.0, 0.0, 1.0, 0.0, 0.0, 0.0, 1.0, 1.0, 0.0, 1.0, 0.0, 1.0, 1.0, 0.0, 1.0, 0.0, 1.0, 1.0, 1.0, 1.0, 1.0, 1.0, 1.0, 1.0, 0.0, 1.0, 1.0, 0.0, 1.0, 1.0, 0.0, 0.0, 1.0, 1.0, 1.0, 0.0, 1.0, 0.0, 1.0, 1.0, 1.0, 0.0, 1.0, 0.0, 0.0, 0.0, 0.0, 1.0, 1.0, 1.0, 1.0, 1.0, 0.0, 1.0, 1.0, 0.0, 1.0, 0.0, 1.0, 1.0, 1.0, 1.0, 1.0, 0.0, 0.0, 0.0, 0.0, 1.0, 1.0, 1.0, 1.0, 1.0, 1.0, 1.0, 0.0, 0.0, 0.0, 0.0, 1.0, 1.0, 1.0, 0.0, 1.0, 0.0, 1.0, 0.0, 1.0, 1.0, 0.0, 1.0, 0.0, 1.0, 0.0, 0.0, 1.0, 0.0, 1.0, 1.0, 1.0, 0.0, 1.0, 0.0, 1.0, 1.0, 0.0, 0.0, 1.0, 0.0, 1.0, 0.0, 0.0, 0.0, 0.0, 0.0, 1.0, 0.0, 0.0, 1.0, 0.0, 0.0, 0.0, 1.0, 0.0, 1.0, 0.0, 1.0, 1.0, 0.0, 0.0, 0.0, 1.0, 1.0, 1.0, 0.0, 1.0, 1.0, 1.0, 0.0, 1.0, 1.0, 1.0, 0.0, 1.0, 0.0, 0.0, 0.0, 1.0, 0.0, 0.0, 0.0, 1.0, 0.0, 1.0, 1.0, 0.0, 0.0, 1.0, 1.0, 1.0, 1.0, 1.0, 1.0, 0.0, 1.0, 0.0, 1.0, 0.0, 1.0, 1.0, 0.0, 1.0, 1.0, 1.0, 1.0, 0.0, 0.0, 1.0, 0.0, 1.0, 1.0, 0.0, 0.0, 1.0, 1.0, 1.0, 1.0, 1.0, 1.0, 0.0, 0.0, 1.0, 1.0, 0.0, 0.0, 0.0, 1.0, 1.0, 1.0, 1.0, 0.0, 1.0, 1.0, 0.0, 1.0, 1.0, 0.0, 0.0, 0.0, 1.0, 1.0, 1.0, 1.0, 0.0, 0.0, 1.0, 0.0, 0.0, 0.0, 0.0, 1.0, 1.0, 1.0, 0.0, 0.0, 0.0, 0.0, 1.0, 1.0, 1.0, 0.0, 0.0, 0.0, 1.0, 0.0, 1.0, 0.0, 0.0, 0.0, 1.0, 1.0, 1.0, 0.0, 0.0, 0.0, 0.0, 0.0, 0.0, 0.0, 0.0, 1.0, 0.0, 0.0, 0.0, 1.0, 1.0, 0.0, 0.0, 0.0, 0.0, 0.0, 0.0, 1.0, 0.0, 1.0, 0.0, 0.0, 1.0, 1.0, 1.0, 0.0, 0.0, 1.0, 1.0, 0.0, 0.0, 1.0, 1.0, 0.0, 0.0, 1.0, 0.0, 1.0, 0.0, 1.0, 0.0, 1.0, 1.0, 1.0, 0.0, 0.0, 0.0, 1.0, 0.0, 0.0, 0.0, 1.0, 1.0, 0.0, 0.0, 0.0, 1.0, 0.0, 1.0, 0.0, 1.0, 1.0, 1.0, 1.0, 1.0, 0.0, 0.0, 1.0, 0.0, 0.0, 0.0, 1.0, 1.0, 0.0, 1.0, 0.0, 1.0, 1.0, 0.0, 0.0, 0.0, 0.0, 1.0, 0.0, 1.0, 1.0, 1.0, 1.0, 0.0, 1.0, 1.0, 0.0, 0.0, 0.0, 1.0, 1.0, 0.0, 0.0, 1.0, 0.0, 0.0, 0.0, 1.0, 0.0, 1.0, 0.0, 1.0, 0.0, 1.0, 0.0, 0.0, 1.0, 0.0, 1.0, 1.0, 1.0, 0.0, 0.0, 0.0, 1.0, 0.0, 0.0, 1.0, 1.0, 0.0, 0.0, 0.0, 0.0, 1.0, 0.0, 0.0, 1.0, 1.0, 1.0, 0.0, 1.0, 0.0, 1.0, 1.0, 0.0, 1.0, 0.0, 1.0, 1.0, 1.0, 0.0, 1.0, 1.0, 0.0, 1.0, 1.0, 0.0, 1.0, 1.0, 0.0, 1.0, 1.0, 0.0, 0.0, 1.0, 0.0, 0.0, 0.0, 0.0, 0.0, 0.0, 1.0, 0.0, 0.0, 0.0, 0.0, 0.0, 1.0, 1.0, 1.0, 1.0, 0.0, 0.0, 0.0, 0.0, 1.0, 1.0, 1.0, 1.0, 1.0, 0.0, 1.0, 0.0, 0.0, 1.0, 0.0, 0.0, 1.0, 1.0, 1.0, 1.0, 0.0, 0.0, 0.0, 1.0, 0.0, 0.0, 0.0, 1.0, 1.0, 1.0, 0.0, 1.0, 0.0, 0.0, 1.0, 0.0, 1.0, 0.0, 1.0, 0.0, 1.0, 0.0, 1.0, 1.0, 0.0, 0.0, 0.0, 1.0, 0.0, 0.0, 1.0, 1.0, 0.0, 1.0, 1.0, 1.0, 0.0, 0.0, 1.0, 1.0, 1.0, 1.0, 0.0, 0.0, 0.0, 0.0, 1.0, 1.0, 1.0, 1.0, 1.0, 0.0, 1.0, 0.0, 1.0, 0.0, 0.0, 1.0, 1.0, 1.0, 0.0, 1.0, 1.0, 0.0, 0.0, 1.0, 0.0, 1.0, 0.0, 1.0, 1.0, 1.0, 0.0, 1.0, 1.0, 0.0, 0.0, 0.0, 1.0, 0.0, 0.0, 0.0, 0.0, 1.0, 1.0, 1.0, 1.0, 0.0, 1.0, 1.0, 0.0, 1.0, 1.0, 0.0, 1.0, 1.0, 1.0, 0.0, 1.0, 1.0, 1.0, 0.0, 0.0, 0.0, 0.0, 1.0, 1.0, 1.0, 1.0, 0.0, 0.0, 1.0, 0.0, 0.0, 0.0, 1.0, 1.0, 0.0, 1.0, 1.0, 0.0, 1.0, 1.0, 1.0, 0.0, 0.0, 0.0, 0.0, 0.0, 1.0, 0.0, 1.0, 1.0, 1.0, 0.0, 0.0, 0.0, 0.0, 0.0, 1.0, 1.0, 0.0, 0.0, 1.0, 1.0, 1.0, 0.0, 1.0, 0.0, 1.0, 1.0, 1.0, 0.0, 0.0, 1.0, 0.0, 1.0, 0.0, 1.0, 0.0, 0.0, 0.0, 0.0, 1.0, 0.0, 0.0, 0.0, 1.0, 0.0, 0.0, 1.0, 1.0, 0.0, 1.0, 0.0, 0.0, 0.0, 1.0, 0.0, 1.0, 1.0, 1.0, 0.0, 0.0, 1.0, 1.0, 0.0, 0.0, 1.0, 0.0, 0.0, 1.0, 0.0, 1.0, 1.0, 0.0, 1.0, 1.0, 0.0, 1.0, 0.0, 0.0, 0.0, 0.0, 0.0, 1.0, 0.0, 0.0, 0.0, 0.0, 0.0, 1.0, 1.0, 0.0, 0.0, 1.0, 0.0, 1.0, 1.0, 0.0, 0.0, 1.0, 1.0, 0.0, 0.0, 0.0, 1.0, 0.0, 0.0, 0.0, 1.0, 0.0, 1.0, 1.0, 1.0, 0.0, 0.0, 0.0, 0.0, 0.0, 0.0, 0.0, 0.0, 1.0, 1.0, 0.0, 1.0, 1.0, 0.0, 0.0, 0.0, 0.0, 0.0, 0.0, 0.0, 0.0, 0.0, 0.0, 0.0, 0.0, 0.0, 0.0, 1.0, 0.0, 0.0, 1.0, 0.0, 1.0, 0.0, 1.0, 1.0, 0.0, 0.0, 1.0, 0.0, 1.0, 0.0, 0.0, 0.0, 1.0, 0.0, 0.0, 1.0, 1.0, 0.0, 0.0, 0.0, 1.0, 1.0, 0.0, 1.0, 0.0, 1.0, 1.0, 0.0, 0.0, 1.0, 1.0, 1.0, 1.0, 1.0, 1.0, 0.0, 1.0, 0.0, 0.0, 0.0, 1.0, 0.0, 1.0, 1.0, 1.0, 0.0, 1.0, 1.0, 1.0, 1.0, 1.0, 0.0, 0.0, 1.0, 0.0, 0.0, 1.0, 1.0, 0.0, 0.0, 0.0, 0.0, 0.0, 1.0, 1.0, 0.0, 1.0, 1.0, 0.0, 1.0, 1.0, 1.0, 0.0, 1.0, 0.0, 1.0, 1.0, 0.0, 0.0, 0.0, 0.0, 1.0, 1.0, 0.0, 0.0, 0.0, 0.0, 0.0, 0.0, 1.0, 1.0, 0.0, 0.0, 1.0, 0.0, 0.0, 0.0, 0.0, 1.0, 0.0, 0.0, 0.0, 0.0, 1.0, 0.0, 1.0, 0.0, 1.0, 0.0, 1.0, 1.0, 1.0, 0.0, 1.0, 0.0, 1.0, 0.0, 1.0, 0.0, 1.0, 1.0, 0.0, 0.0, 0.0, 0.0, 1.0, 0.0, 0.0, 0.0, 1.0, 0.0, 0.0, 1.0, 1.0, 1.0, 1.0, 0.0, 1.0, 0.0, 1.0, 0.0, 1.0, 1.0, 1.0, 1.0, 0.0, 1.0, 1.0, 1.0, 1.0, 1.0, 1.0, 0.0, 1.0, 0.0, 0.0, 1.0, 1.0, 0.0, 1.0, 0.0, 1.0, 1.0, 0.0, 1.0, 1.0, 1.0, 1.0, 1.0, 1.0, 1.0, 1.0, 0.0, 1.0, 1.0, 1.0, 1.0, 1.0, 1.0, 0.0, 0.0, 1.0, 0.0, 0.0, 1.0, 1.0, 1.0, 0.0, 0.0, 0.0, 0.0, 0.0, 0.0, 1.0, 0.0, 1.0, 1.0, 1.0, 0.0, 0.0, 1.0, 1.0, 0.0, 1.0, 0.0, 1.0, 1.0, 0.0, 0.0, 1.0, 1.0, 1.0, 0.0, 0.0, 1.0, 0.0, 0.0, 1.0, 0.0, 1.0, 0.0, 1.0, 1.0, 0.0, 1.0, 0.0, 0.0, 0.0, 0.0, 1.0, 1.0, 0.0, 1.0, 1.0, 0.0, 0.0, 1.0, 1.0, 1.0, 1.0, 0.0, 0.0, 0.0, 0.0, 1.0, 1.0, 0.0, 1.0, 1.0, 1.0, 1.0, 0.0, 0.0, 0.0, 1.0, 1.0, 0.0, 1.0, 1.0, 0.0, 1.0, 1.0, 1.0, 1.0, 0.0, 0.0, 0.0, 1.0, 1.0, 0.0, 1.0, 1.0, 1.0, 1.0, 1.0, 1.0, 0.0, 0.0, 1.0, 0.0, 1.0, 1.0, 1.0, 1.0, 1.0, 0.0, 0.0, 0.0, 0.0, 1.0, 0.0, 1.0, 0.0, 0.0, 0.0, 0.0, 0.0, 0.0, 0.0, 0.0, 1.0, 1.0, 1.0, 1.0, 1.0, 1.0, 1.0, 0.0, 0.0, 1.0, 1.0, 0.0, 1.0, 0.0, 1.0, 0.0, 1.0, 0.0, 0.0, 1.0, 0.0, 0.0, 0.0, 1.0, 0.0, 0.0, 0.0, 1.0, 0.0, 0.0, 0.0, 0.0, 0.0, 0.0, 1.0, 0.0, 0.0, 0.0, 0.0, 1.0, 1.0, 1.0, 0.0, 0.0, 0.0, 0.0, 1.0, 1.0, 1.0, 0.0, 1.0, 1.0, 0.0, 1.0, 0.0, 0.0, 1.0, 1.0, 0.0, 1.0, 0.0, 1.0, 1.0, 1.0, 0.0, 1.0, 1.0, 1.0, 0.0, 0.0, 0.0, 1.0, 1.0, 0.0, 1.0, 0.0, 1.0, 1.0, 0.0, 0.0, 0.0, 0.0, 1.0, 1.0, 0.0, 1.0, 0.0, 1.0, 0.0, 0.0, 0.0, 1.0, 0.0, 1.0, 0.0, 0.0, 0.0, 1.0, 0.0, 1.0, 0.0, 1.0, 0.0, 1.0, 0.0, 1.0, 1.0, 0.0, 1.0, 0.0, 0.0, 0.0, 0.0, 0.0, 1.0, 0.0, 0.0, 1.0, 0.0, 0.0, 1.0, 1.0, 1.0, 1.0, 0.0, 1.0, 1.0, 0.0, 1.0, 0.0, 1.0, 1.0, 1.0, 1.0, 0.0, 1.0, 1.0, 0.0, 0.0, 0.0, 1.0, 0.0, 1.0, 0.0, 0.0, 1.0, 1.0, 1.0, 1.0, 0.0, 1.0, 0.0, 1.0, 0.0, 0.0, 1.0, 0.0, 1.0, 1.0, 0.0, 1.0, 1.0, 0.0, 1.0, 1.0, 1.0, 0.0, 0.0, 0.0, 1.0, 0.0, 0.0, 1.0, 0.0, 0.0, 1.0, 1.0, 0.0, 0.0, 0.0, 0.0, 1.0, 0.0, 0.0, 0.0, 1.0, 0.0, 1.0, 1.0, 1.0, 0.0, 1.0, 1.0, 1.0, 0.0, 0.0, 1.0, 0.0, 1.0, 1.0, 1.0, 0.0, 1.0, 1.0, 0.0, 0.0, 1.0, 0.0, 1.0, 0.0, 0.0, 1.0, 1.0, 1.0, 1.0, 1.0, 0.0, 1.0, 0.0, 1.0, 1.0, 0.0, 1.0, 0.0, 0.0, 1.0, 0.0, 1.0, 0.0, 1.0, 1.0, 0.0, 0.0, 1.0, 1.0, 0.0, 0.0, 0.0, 1.0, 0.0, 0.0, 0.0, 1.0, 1.0, 0.0, 0.0, 0.0, 1.0, 0.0, 0.0, 1.0, 0.0, 0.0, 1.0, 1.0, 0.0, 0.0, 1.0, 1.0, 0.0, 1.0, 1.0, 0.0, 0.0, 1.0, 0.0, 1.0, 0.0, 0.0, 0.0, 0.0, 1.0, 1.0, 0.0, 1.0, 1.0, 0.0, 1.0, 0.0, 0.0, 1.0, 1.0, 1.0, 0.0, 1.0, 1.0, 0.0, 0.0, 1.0, 1.0, 1.0, 1.0, 1.0, 1.0, 1.0, 0.0, 0.0, 1.0, 0.0, 0.0, 0.0, 0.0, 0.0, 1.0, 0.0, 1.0, 1.0, 0.0, 0.0, 0.0, 0.0, 1.0, 0.0, 0.0, 1.0, 1.0, 0.0, 0.0, 1.0, 0.0, 0.0, 0.0, 1.0, 1.0, 0.0, 1.0, 0.0, 1.0, 1.0, 1.0, 0.0, 0.0, 1.0, 1.0, 1.0, 1.0, 1.0, 1.0, 1.0, 1.0, 0.0, 0.0, 1.0, 1.0, 0.0, 0.0, 1.0, 1.0, 1.0, 1.0, 0.0, 1.0, 0.0, 1.0, 1.0, 0.0, 0.0, 1.0, 1.0, 1.0, 1.0, 0.0, 0.0, 0.0, 1.0, 0.0, 0.0, 1.0, 1.0, 0.0, 1.0, 0.0, 1.0, 1.0, 1.0, 1.0, 0.0, 0.0, 0.0, 1.0, 1.0, 1.0, 1.0, 1.0, 1.0, 1.0, 0.0, 1.0, 0.0, 1.0, 1.0, 1.0, 1.0, 0.0, 0.0, 1.0, 0.0, 0.0, 1.0, 0.0, 0.0, 1.0, 0.0, 1.0, 1.0, 0.0, 0.0, 0.0, 0.0, 0.0, 1.0, 1.0, 1.0, 1.0, 0.0, 1.0, 1.0, 1.0, 1.0, 1.0, 1.0, 1.0, 1.0, 0.0, 0.0, 1.0, 1.0, 0.0, 0.0, 1.0, 0.0, 0.0, 0.0, 1.0, 0.0, 0.0, 1.0, 0.0, 0.0, 1.0, 1.0, 1.0, 0.0, 1.0, 1.0, 1.0, 1.0, 1.0, 0.0, 1.0, 0.0, 0.0, 0.0, 0.0, 1.0, 0.0, 1.0, 0.0, 1.0, 1.0, 0.0, 1.0, 0.0, 0.0, 1.0, 1.0, 0.0, 1.0, 1.0, 1.0, 0.0, 1.0, 0.0, 1.0, 1.0, 0.0, 0.0, 0.0, 0.0, 1.0, 1.0, 0.0, 0.0, 1.0, 0.0, 0.0, 1.0, 1.0, 0.0, 1.0, 0.0, 0.0, 0.0, 0.0, 1.0, 0.0, 0.0, 1.0, 1.0, 0.0, 1.0, 0.0, 1.0, 0.0, 1.0, 1.0, 0.0, 1.0, 1.0, 1.0, 0.0, 0.0, 1.0, 0.0, 1.0, 1.0, 0.0, 1.0, 0.0, 1.0, 1.0, 0.0, 1.0, 1.0, 0.0, 0.0, 0.0, 1.0, 1.0, 0.0, 1.0, 0.0, 1.0, 0.0, 0.0, 0.0, 1.0, 0.0, 1.0, 0.0, 1.0, 1.0, 0.0, 0.0, 0.0, 1.0, 1.0, 1.0, 1.0, 0.0, 0.0, 0.0, 0.0, 1.0, 0.0, 0.0, 1.0, 1.0, 1.0, 0.0, 0.0, 1.0, 0.0, 1.0, 1.0, 0.0, 0.0, 0.0, 1.0, 1.0, 0.0, 1.0, 0.0, 1.0, 1.0, 0.0, 1.0, 1.0, 0.0, 1.0, 1.0, 0.0, 0.0, 0.0, 1.0, 0.0, 0.0, 0.0, 0.0, 0.0, 1.0, 1.0, 0.0, 0.0, 1.0, 0.0, 1.0, 1.0, 1.0, 1.0, 0.0, 0.0, 0.0, 0.0, 1.0, 0.0, 0.0, 1.0, 1.0, 1.0, 1.0, 0.0, 0.0, 1.0, 1.0, 1.0, 1.0, 0.0, 1.0, 0.0, 0.0, 1.0, 0.0, 0.0, 0.0, 0.0, 0.0, 0.0, 0.0, 1.0, 1.0, 1.0, 0.0, 1.0, 0.0, 0.0, 1.0, 0.0, 1.0, 0.0, 0.0, 1.0, 0.0, 1.0, 1.0, 0.0, 0.0, 1.0, 0.0, 1.0, 0.0, 1.0, 0.0, 1.0, 1.0, 0.0, 0.0, 0.0, 1.0, 0.0, 1.0, 1.0, 1.0, 0.0, 1.0, 0.0, 0.0, 0.0, 0.0, 1.0, 1.0, 1.0, 1.0, 1.0, 1.0, 0.0, 1.0, 1.0, 0.0, 1.0, 0.0, 0.0, 0.0, 1.0, 0.0, 1.0, 0.0, 1.0, 0.0, 0.0, 0.0, 0.0, 1.0, 0.0, 0.0, 1.0, 0.0, 0.0, 1.0, 1.0, 0.0, 1.0, 0.0, 1.0, 1.0, 0.0, 0.0, 1.0, 0.0, 0.0, 1.0, 1.0, 1.0, 0.0, 1.0, 0.0, 1.0, 1.0, 1.0, 1.0, 0.0, 0.0, 0.0, 1.0, 1.0, 0.0, 0.0, 0.0, 0.0, 1.0, 0.0, 0.0, 0.0, 0.0, 1.0, 0.0, 0.0, 0.0, 0.0, 0.0, 0.0, 0.0, 1.0, 1.0, 0.0, 0.0, 1.0, 1.0, 0.0, 1.0, 0.0, 0.0, 0.0, 0.0, 0.0, 0.0, 1.0, 0.0, 1.0, 1.0, 1.0, 1.0, 1.0, 1.0, 1.0, 1.0, 0.0, 0.0, 0.0, 1.0, 0.0, 1.0, 1.0, 1.0, 1.0, 0.0, 0.0, 1.0, 1.0, 0.0, 0.0, 0.0, 0.0, 1.0, 1.0, 1.0, 0.0, 0.0, 0.0, 0.0, 0.0, 0.0, 0.0, 1.0, 0.0, 1.0, 0.0, 1.0, 1.0, 1.0, 0.0, 0.0, 1.0, 0.0, 0.0, 1.0, 0.0, 1.0, 1.0, 1.0, 0.0, 0.0, 1.0, 1.0, 0.0, 1.0, 1.0, 1.0, 1.0, 0.0, 1.0, 0.0, 1.0, 0.0, 1.0, 0.0, 1.0, 1.0, 0.0, 0.0, 0.0, 1.0, 0.0, 0.0, 0.0, 0.0, 0.0, 0.0, 1.0, 0.0, 0.0, 0.0, 0.0, 1.0, 1.0, 0.0, 0.0, 1.0, 0.0, 0.0, 0.0, 1.0, 0.0, 1.0, 0.0, 1.0, 1.0, 1.0, 0.0, 1.0, 0.0, 1.0, 0.0, 0.0, 0.0, 1.0, 0.0, 1.0, 1.0, 1.0, 1.0, 1.0, 0.0, 0.0, 1.0, 1.0, 0.0, 1.0, 1.0, 1.0, 1.0, 0.0, 0.0, 0.0, 0.0, 1.0, 1.0, 0.0, 1.0, 1.0, 1.0, 0.0, 0.0, 0.0, 0.0, 0.0, 1.0, 1.0, 1.0, 0.0, 0.0, 1.0, 1.0, 1.0, 1.0, 0.0, 1.0, 1.0, 1.0, 1.0, 0.0, 1.0, 0.0, 1.0, 1.0, 0.0, 0.0, 1.0, 0.0, 0.0, 0.0, 0.0, 0.0, 0.0, 1.0, 0.0, 1.0, 1.0, 1.0, 1.0, 0.0, 0.0, 1.0, 0.0, 1.0, 1.0, 1.0, 0.0, 1.0, 0.0, 1.0, 0.0, 0.0, 1.0, 1.0, 0.0, 0.0, 0.0, 1.0, 0.0, 0.0, 0.0, 0.0, 0.0, 0.0, 0.0, 0.0, 0.0, 1.0, 0.0, 1.0, 0.0, 0.0, 1.0, 0.0, 1.0, 1.0, 1.0, 1.0, 1.0, 1.0, 1.0, 0.0, 0.0, 1.0, 0.0, 1.0, 0.0, 0.0, 0.0, 1.0, 1.0, 1.0, 0.0, 0.0, 0.0, 1.0, 0.0, 1.0, 1.0, 0.0, 1.0, 0.0, 0.0, 1.0, 1.0, 1.0, 1.0, 0.0, 0.0, 0.0, 0.0, 0.0, 0.0, 0.0, 0.0, 1.0, 1.0, 0.0, 1.0, 0.0, 1.0, 1.0, 1.0, 0.0, 0.0, 1.0, 0.0, 0.0, 0.0, 1.0, 0.0, 0.0, 1.0, 1.0, 0.0, 0.0, 1.0, 1.0, 0.0, 1.0, 1.0, 1.0, 0.0, 0.0, 0.0, 1.0, 1.0, 0.0, 1.0, 0.0, 1.0, 0.0, 0.0, 0.0, 1.0, 0.0, 0.0, 0.0, 0.0, 0.0, 0.0, 0.0, 1.0, 0.0, 0.0, 0.0, 1.0, 0.0, 1.0, 0.0, 0.0, 0.0, 0.0, 1.0, 1.0, 1.0, 1.0, 1.0, 0.0, 1.0, 1.0, 1.0, 0.0, 0.0, 1.0, 1.0, 0.0, 0.0, 1.0, 0.0, 0.0, 0.0, 1.0, 1.0, 1.0, 1.0, 1.0, 0.0, 0.0, 1.0, 0.0, 0.0, 0.0, 0.0, 0.0, 0.0, 0.0, 0.0, 1.0, 1.0, 1.0, 0.0, 1.0, 1.0, 1.0, 0.0, 1.0, 0.0, 1.0, 0.0, 0.0, 0.0, 1.0, 0.0, 1.0, 1.0, 0.0, 1.0, 1.0, 0.0, 1.0, 1.0, 1.0, 1.0, 1.0, 1.0, 1.0, 1.0, 0.0, 0.0, 0.0, 1.0, 1.0, 1.0, 1.0, 0.0, 0.0, 1.0, 0.0, 0.0, 1.0, 1.0, 1.0, 1.0, 0.0, 0.0, 1.0, 1.0, 1.0, 0.0, 1.0, 1.0, 1.0, 0.0, 0.0, 0.0, 1.0, 1.0, 1.0, 0.0, 1.0, 0.0, 0.0, 1.0, 0.0, 0.0, 0.0, 1.0, 1.0, 0.0, 1.0, 1.0, 1.0, 1.0, 1.0, 0.0, 1.0, 1.0, 0.0, 0.0, 1.0, 1.0, 0.0, 1.0, 1.0, 1.0, 0.0, 1.0, 0.0, 1.0, 1.0, 1.0, 0.0, 1.0, 1.0, 0.0, 0.0, 0.0, 1.0, 0.0, 0.0, 1.0, 0.0, 1.0, 0.0, 0.0, 0.0, 0.0, 1.0, 1.0, 0.0, 1.0, 1.0, 1.0, 0.0, 0.0, 1.0, 0.0, 1.0, 0.0, 1.0, 0.0, 1.0, 1.0, 0.0, 0.0, 1.0, 1.0, 0.0, 1.0, 0.0, 1.0, 0.0, 1.0, 0.0, 1.0, 0.0, 0.0, 1.0, 1.0, 1.0, 1.0, 1.0, 0.0, 1.0, 1.0, 1.0, 1.0, 0.0, 1.0, 0.0, 0.0, 0.0, 1.0, 0.0, 1.0, 0.0, 0.0, 0.0, 0.0, 1.0, 0.0, 1.0, 0.0, 1.0, 1.0, 0.0, 1.0, 1.0, 0.0, 0.0, 0.0, 1.0, 0.0, 1.0, 1.0, 0.0, 0.0, 0.0, 0.0, 0.0, 0.0, 0.0, 0.0, 0.0, 0.0, 1.0, 0.0, 0.0, 1.0, 0.0, 0.0, 1.0, 1.0, 1.0, 0.0, 0.0, 0.0, 0.0, 1.0, 0.0, 1.0, 1.0, 1.0, 1.0, 0.0, 1.0, 0.0, 1.0, 1.0, 1.0, 0.0, 1.0, 1.0, 0.0, 1.0, 1.0, 1.0, 0.0, 0.0, 0.0, 1.0, 0.0, 1.0, 1.0, 1.0, 0.0, 0.0, 1.0, 1.0, 1.0, 0.0, 0.0, 1.0, 1.0, 1.0, 1.0, 0.0, 0.0, 0.0, 0.0, 0.0, 1.0, 1.0, 1.0, 1.0, 1.0, 1.0, 0.0, 1.0, 0.0, 0.0, 0.0, 1.0, 1.0, 1.0, 1.0, 0.0, 0.0, 1.0, 1.0, 0.0, 0.0, 1.0, 0.0, 1.0, 1.0, 1.0, 1.0, 1.0, 0.0, 1.0, 0.0, 0.0, 1.0, 1.0, 1.0, 0.0, 0.0, 1.0, 1.0, 1.0, 1.0, 0.0, 0.0, 1.0, 0.0, 0.0, 1.0, 1.0, 0.0, 0.0, 1.0, 1.0, 1.0, 1.0, 1.0, 0.0, 1.0, 1.0, 1.0, 1.0, 1.0, 0.0, 0.0, 1.0, 0.0, 1.0, 0.0, 1.0, 0.0, 0.0, 0.0, 1.0, 1.0, 0.0, 0.0, 1.0, 0.0, 1.0, 0.0, 1.0, 0.0, 0.0, 0.0, 0.0, 1.0, 1.0, 0.0, 0.0, 0.0, 1.0, 0.0, 0.0, 0.0, 0.0, 1.0, 1.0, 0.0, 0.0, 1.0, 1.0, 0.0, 0.0, 1.0, 1.0, 0.0, 1.0, 1.0, 1.0, 0.0, 0.0, 1.0, 0.0, 1.0, 1.0, 0.0, 1.0, 1.0, 1.0, 0.0, 0.0, 0.0, 1.0, 0.0, 1.0]","['lNONHSAG000241', 'lNONHSAG000381', 'lNONHSAG000840', 'lNONHSAG001142', 'lNONHSAG001724', 'lNONHSAG002549', 'lNONHSAG003820', 'lNONHSAG003976', 'lNONHSAG004373', 'lNONHSAG004743', 'lNONHSAG005732', 'lNONHSAG007455', 'lNONHSAG007631', 'lNONHSAG009021', 'lNONHSAG009228', 'lNONHSAG009546', 'lNONHSAG009782', 'lNONHSAG009913', 'lNONHSAG009938', 'lNONHSAG010021', 'lNONHSAG010117', 'lNONHSAG010189', 'lNONHSAG010352', 'lNONHSAG011084', 'lNONHSAG011264', 'lNONHSAG011870', 'lNONHSAG012077', 'lNONHSAG012375', 'lNONHSAG012423', 'lNONHSAG012549', 'lNONHSAG015692', 'lNONHSAG015723', 'lNONHSAG016199', 'lNONHSAG016611', 'lNONHSAG016618', 'lNONHSAG016623', 'lNONHSAG017344', 'lNONHSAG018341', 'lNONHSAG018420', 'lNONHSAG018635', 'lNONHSAG018659', 'lNONHSAG019023', 'lNONHSAG019813', 'lNONHSAG019878', 'lNONHSAG019967', 'lNONHSAG020066', 'lNONHSAG020372', 'lNONHSAG020729', 'lNONHSAG021072', 'lNONHSAG021400', 'lNONHSAG021431', 'lNONHSAG021432', 'lNONHSAG021780', 'lNONHSAG021981', 'lNONHSAG022009', 'lNONHSAG022103', 'lNONHSAG022125', 'lNONHSAG022510', 'lNONHSAG022851', 'lNONHSAG023633', 'lNONHSAG024818', 'lNONHSAG024923', 'lNONHSAG025157', 'lNONHSAG025185', 'lNONHSAG025712', 'lNONHSAG025867', 'lNONHSAG026743', 'lNONHSAG029336', 'lNONHSAG029467', 'lNONHSAG029880', 'lNONHSAG029957', 'lNONHSAG031481', 'lNONHSAG031900', 'lNONHSAG031913', 'lNONHSAG032735', 'lNONHSAG033027', 'lNONHSAG033105', 'lNONHSAG033254', 'lNONHSAG033645', 'lNONHSAG033716', 'lNONHSAG033862', 'lNONHSAG033896', 'lNONHSAG034508', 'lNONHSAG034678', 'lNONHSAG035103', 'lNONHSAG035287', 'lNONHSAG035919', 'lNONHSAG039749', 'lNONHSAG040542', 'lNONHSAG040560', 'lNONHSAG040601', 'lNONHSAG042033', 'lNONHSAG042062', 'lNONHSAG042957', 'lNONHSAG044022', 'lNONHSAG044624', 'lNONHSAG045131', 'lNONHSAG047182', 'lNONHSAG047619', 'lNONHSAG047796', 'lNONHSAG047840', 'lNONHSAG048189', 'lNONHSAG048191', 'lNONHSAG048201', 'lNONHSAG048231', 'lNONHSAG048354', 'lNONHSAG048610', 'lNONHSAG048624', 'lNONHSAG048781', 'lNONHSAG049050', 'lNONHSAG049129', 'lNONHSAG049421', 'lNONHSAG050167', 'lNONHSAG050168', 'lNONHSAG051166', 'lNONHSAG051448', 'lNONHSAG052609', 'lNONHSAG052925', 'lNONHSAG052929', 'lNONHSAG053082', 'lNONHSAG053716', 'lNONHSAG053719', 'lNONHSAG053842', 'lNONHSAG054212', 'lNONHSAG054807', 'lNONHSAG055577', 'lNONHSAG056875', 'lNONHSAG058128', 'lNONHSAG072945', 'lNONHSAG073406', 'lNONHSAG081227', 'lNONHSAG096130', 'lNONHSAG112396', 'lENSG00000171889', 'lENSG00000231019', 'lENSG00000233387', 'lENSG00000234455', 'lENSG00000237167', 'lENSG00000237880', 'lENSG00000242207', 'lENSG00000257557', 'lENSG00000258197', 'lENSG00000267296', 'lENSG00000286004', 'lCRNDE', 'lFEZF1-AS1', 'lHOXA-AS3', 'lMEG3', 'lCTD-2195B23.3', 'lRP11-104E19.1', 'lRP11-227H15.4', 'lRP5-1074L1.1', 'lRP11-408H20.2', 'lNONHSAG000969', 'lNONHSAG000994', 'lNONHSAG002790', 'lNONHSAG004507', 'lNONHSAG005249', 'lNONHSAG005809', 'lNONHSAG005856', 'lNONHSAG005986', 'lNONHSAG006091', 'lNONHSAG006188', 'lNONHSAG006591', 'lNONHSAG006830', 'lNONHSAG006837', 'lNONHSAG006855', 'lNONHSAG007000', 'lNONHSAG007139', 'lNONHSAG007222', 'lNONHSAG007242', 'lNONHSAG007638', 'lENSG00000223381', 'lENSG00000223598', 'lENSG00000223643', 'lENSG00000223870', 'lENSG00000223966', 'lENSG00000224087', 'lENSG00000224645', 'lENSG00000224857', 'lENSG00000225647', 'lENSG00000225751', 'lENSG00000225919', 'lENSG00000226089', 'lENSG00000226238', 'lENSG00000226601', 'lENSG00000226647', 'lENSG00000227930', 'lENSG00000229162', 'lENSG00000229224', 'lENSG00000229444', 'lENSG00000229688', 'lENSG00000230212', 'lENSG00000232197', 'lENSG00000232806', 'lENSG00000233574', 'lENSG00000234021', 'lENSG00000234690', 'lENSG00000234714', 'lENSG00000235035', 'lENSG00000235168', 'lENSG00000235262', 'lENSG00000235503', 'lENSG00000235533', 'lENSG00000236109', 'lENSG00000237293', 'lENSG00000237435', 'lENSG00000237463', 'lENSG00000237494', 'lENSG00000237768', 'lENSG00000237937', 'lENSG00000239314', 'lENSG00000240354', 'lENSG00000240868', 'lENSG00000242568', 'lENSG00000248358', 'lENSG00000248802', 'lENSG00000249066', 'lENSG00000249605', 'lENSG00000250698', 'lENSG00000250761', 'lENSG00000251088', 'lENSG00000251438', 'lENSG00000253526', 'lENSG00000253577', 'lENSG00000253616', 'lENSG00000253976', 'lENSG00000254031', 'lENSG00000254043', 'lENSG00000254263', 'lENSG00000254330', 'lENSG00000254921', 'lENSG00000255027', 'lENSG00000255241', 'lENSG00000255252', 'lENSG00000255300', 'lENSG00000255343', 'lENSG00000255388', 'lENSG00000255487', 'lENSG00000255893', 'lENSG00000256364', 'lENSG00000256897', 'lENSG00000257634', 'lENSG00000257682', 'lENSG00000257904', 'lENSG00000258108', 'lENSG00000258520', 'lENSG00000258610', 'lENSG00000258657', 'lENSG00000258850', 'lENSG00000258869', 'lENSG00000258892', 'lENSG00000258944', 'lENSG00000259187', 'lENSG00000259256', 'lENSG00000259265', 'lENSG00000259290', 'lENSG00000259595', 'lENSG00000259649', 'lENSG00000260058', 'lENSG00000260190', 'lENSG00000260237', 'lENSG00000261070', 'lENSG00000261332', 'lENSG00000262434', 'lENSG00000262777', 'lENSG00000263765', 'lENSG00000264023', 'lENSG00000264066', 'lENSG00000264151', 'lENSG00000266311', 'lENSG00000266877', 'lENSG00000267028', 'lENSG00000267437', 'lENSG00000267617', 'lENSG00000268069', 'lENSG00000268292', 'lENSG00000268798', 'lENSG00000269350', 'lENSG00000269578', 'lENSG00000273110', 'lENSG00000273198', 'lENSG00000273226', 'lENSG00000274737', 'lENSG00000275356', 'lENSG00000275638', 'lENSG00000275963', 'lENSG00000276054', 'lENSG00000276266', 'lENSG00000277173', 'lENSG00000280870', 'lENSG00000284846', 'lENSG00000285117', 'lENSG00000286093', 'lENSG00000286357', 'lENSG00000286735', 'lENSG00000286759', 'lENSG00000286776', 'lENSG00000286822', 'lENSG00000286838', 'lENSG00000287020', 'lENSG00000287128', 'lENSG00000287159', 'lENSG00000287191', 'lENSG00000287321', 'lENSG00000287451', 'lENSG00000287456', 'lENSG00000287511', 'lENSG00000287691', 'lENSG00000225393', 'lENSG00000228538', 'lENSG00000229458', 'lENSG00000230600', 'lENSG00000234810', 'lENSG00000250481', 'lENSG00000250948', 'lENSG00000258949', 'lENSG00000259222', 'lENSG00000259255', 'lENSG00000260983', 'lENSG00000261775', 'lMIR145', 'lCDKN2B-AS']","[1.0, 1.0, 1.0, 1.0, 1.0, 1.0, 1.0, 0.0, 0.0, 1.0, 1.0, 1.0, 1.0, 0.0, 1.0, 1.0, 1.0, 0.0, 0.0, 1.0, 0.0, 0.0, 0.0, 1.0, 0.0, 1.0, 1.0, 1.0, 0.0, 1.0, 0.0, 0.0, 0.0, 1.0, 0.0, 1.0, 1.0, 0.0, 0.0, 0.0, 1.0, 1.0, 1.0, 1.0, 1.0, 1.0, 0.0, 1.0, 1.0, 1.0, 1.0, 0.0, 1.0, 1.0, 0.0, 1.0, 1.0, 1.0, 0.0, 1.0, 1.0, 0.0, 1.0, 0.0, 1.0, 1.0, 0.0, 0.0, 0.0, 1.0, 1.0, 1.0, 0.0, 0.0, 1.0, 0.0, 0.0, 0.0, 0.0, 0.0, 1.0, 0.0, 0.0, 1.0, 0.0, 1.0, 1.0, 0.0, 0.0, 0.0, 0.0, 0.0, 1.0, 1.0, 0.0, 1.0, 1.0, 0.0, 0.0, 1.0, 0.0, 0.0, 1.0, 1.0, 0.0, 0.0, 1.0, 1.0, 1.0, 0.0, 0.0, 0.0, 1.0, 1.0, 0.0, 1.0, 0.0, 1.0, 0.0, 1.0, 0.0, 0.0, 1.0, 1.0, 1.0, 1.0, 1.0, 0.0, 1.0, 0.0, 0.0, 1.0, 1.0, 0.0, 0.0, 1.0, 1.0, 0.0, 0.0, 0.0, 0.0, 1.0, 1.0, 0.0, 1.0, 0.0, 1.0, 0.0, 0.0, 1.0, 0.0, 1.0, 1.0, 1.0, 1.0, 0.0, 0.0, 0.0, 1.0, 1.0, 0.0, 0.0, 1.0, 0.0, 1.0, 1.0, 0.0, 0.0, 1.0, 0.0, 1.0, 1.0, 0.0, 0.0, 0.0, 1.0, 1.0, 0.0, 0.0, 0.0, 1.0, 1.0, 0.0, 1.0, 0.0, 1.0, 1.0, 0.0, 0.0, 0.0, 1.0, 1.0, 1.0, 1.0, 0.0, 0.0, 0.0, 1.0, 1.0, 1.0, 0.0, 0.0, 1.0, 0.0, 1.0, 0.0, 0.0, 1.0, 0.0, 0.0, 0.0, 0.0, 1.0, 0.0, 1.0, 0.0, 0.0, 0.0, 1.0, 0.0, 0.0, 0.0, 0.0, 1.0, 0.0, 0.0, 1.0, 0.0, 0.0, 0.0, 0.0, 0.0, 1.0, 1.0, 0.0, 1.0, 0.0, 1.0, 1.0, 1.0, 1.0, 1.0, 0.0, 1.0, 1.0, 1.0, 1.0, 1.0, 0.0, 1.0, 0.0, 1.0, 0.0, 1.0, 1.0, 0.0, 1.0, 0.0, 1.0, 0.0, 0.0, 0.0, 1.0, 0.0, 1.0, 1.0, 0.0, 0.0, 1.0, 1.0, 0.0, 0.0, 1.0, 1.0, 0.0, 0.0, 1.0, 0.0, 1.0, 1.0, 1.0, 1.0, 1.0, 0.0, 0.0, 1.0, 1.0, 1.0, 1.0, 1.0, 1.0, 0.0, 1.0, 0.0, 1.0, 0.0, 0.0, 0.0, 0.0, 1.0, 1.0, 1.0, 1.0, 0.0, 0.0, 1.0, 0.0, 1.0, 1.0, 1.0, 0.0, 1.0, 0.0, 0.0, 0.0, 1.0, 1.0, 0.0, 0.0, 1.0, 0.0, 0.0, 0.0]","[0, 0, 1, 0, 0, 0, 0, 0, 0, 0, 1, 1, 1, 1, 0, 0, 0, 1, 1, 1, 1, 0, 1, 0, 1, 0, 1, 1, 0, 0, 0, 1, 1, 1, 0, 1, 1, 1, 0, 0, 1, 0, 1, 0, 1, 0, 1, 0, 0, 1, 0, 0, 1, 0, 1, 0, 1, 1, 0, 0, 1, 0, 0, 1, 1, 1, 1, 1, 1, 0, 0, 0, 1, 0, 1, 1, 0, 1, 1, 1, 1, 1, 1, 0, 1, 0, 1, 0, 0, 1, 1, 1, 1, 1, 1, 1, 0, 1, 0, 0, 0, 0, 0, 0, 0, 0, 0, 0, 1, 0, 1, 0, 0, 1, 1, 1, 1, 0, 1, 1, 1, 0, 0, 1, 0, 0, 1, 1, 0, 0, 0, 1, 1, 0, 0, 1, 0, 0, 0, 0, 0, 1, 0, 0, 1, 1, 0, 1, 1, 0, 1, 0, 1, 1, 1, 1, 1, 0, 1, 0, 0, 0, 1, 0, 1, 0, 0, 1, 1, 0, 0, 1, 1, 0, 0, 0, 1, 1, 0, 1, 1, 1, 0, 0, 0, 1, 0, 1, 1, 0, 1, 1, 1, 1, 1, 1, 0, 0, 0, 0, 0, 0, 0, 0, 1, 1, 1, 1, 1, 1, 1, 0, 0, 1, 1, 1, 1, 0, 0, 0, 1, 1, 1, 1, 0, 1, 0, 1, 0, 0, 1, 1, 1, 0, 1, 1, 1, 0, 1, 1, 1, 0, 1, 0, 0, 1, 1, 1, 1, 1, 1, 0, 1, 0, 1, 1, 1, 0, 1, 1, 1, 1, 1, 1, 0, 0, 1, 1, 1, 1, 1, 1, 0, 1, 1, 0, 1, 1, 0, 0, 0, 0, 1, 1, 0, 0, 1, 0, 0, 0, 0, 0, 1, 0, 0, 1, 1, 0, 0, 0, 0, 1, 1, 0, 0, 1, 1, 1, 1, 0, 1, 0, 0, 0, 1, 0, 1, 0, 1, 1, 1, 1, 0]","[-0.1303007278595119, -0.08883627475667005, 0.14699847772438396, -0.15488557439027645, -0.31457267708625253, -0.0491280632283862, -0.08249473085215847, -0.16044975105448295, -0.02436117336869309, -0.36211250274318957, 0.20565391961607155, 0.06813981654759921, 0.1633158276778643, 0.0005079801149813767, -0.021205386245118307, -0.08627902418497918, -0.4912991518819508, 0.0980730781028884, 0.3326025000729475, 0.10249414609987667, 0.060081589844334926, -0.26289221694145454, 0.0015128706668127712, -0.03259616717844388, 0.1553122764961125, -0.05723139571523955, 0.022810843938955327, 0.010040616488212917, -0.12478558937748524, -0.07859296585784797, -0.12578265972493924, 0.06940724839214368, 0.19876181689046163, 0.2172746826908613, -0.08049886252523969, 0.05339735358623926, 0.07440227603034216, 0.06929446067767436, -0.13094997075210962, -0.22415555126688652, 0.163862230653748, -0.011858527958641008, 0.013458241687128447, -0.028747005235918055, 0.2528783078372902, -0.00015439714875370436, 0.16412151270001146, -0.24801023266034555, -0.1591881179573354, 0.018893373102837285, -0.4088791026219956, -0.07066746732184598, 0.1733306572132553, -0.029369466971799485, 0.30440206457386537, -0.13968109438457482, 0.2737745721967388, 0.3073253749934585, -0.006336876629275567, -0.16688532483922863, 0.11754418275561868, -0.04066460103181996, -0.2788843913537798, 0.22154670193774478, 0.1638022878857472, 0.011378656730552661, 0.18572524108484018, 0.29331370769536264, 0.016757449336100405, -0.03676948905881311, -0.16578843830451057, -0.2341925585581746, 0.0823407124411672, -0.025863011544228487, 0.05065313520269704, 0.13072111240187162, -0.2967034909362157, 0.14541235688654858, 0.05408283552127585, 0.016010486714878203, 0.010453470612947269, 0.0857057027261709, 0.33072008258734215, -0.197579256267487, 0.20258134486419216, -0.11603043465195079, 0.01634079159349916, -0.019046861871207243, -0.43224057722158854, 0.1461440898639625, 0.033798049669598595, 0.11148173851002902, 0.08605527567979138, 0.14266630733580982, 0.03940577630775394, 0.226089932627564, -0.07437093637990572, 0.1608481693510479, -0.11218917330382233, -0.03772386135161071, -0.02635645362061695, -0.19309050886953522, -0.14273856343244923, -0.17698096798984914, -0.14206579194091035, -0.06406588220921977, -0.20837395526165242, -0.03076835120409932, 0.18815245859998292, -0.07488956381453932, 0.04240256216608834, -0.378350156460265, -0.1469883443975904, 0.3686144173196246, 0.16733942833126875, 0.15018932664378276, 0.1543720362486431, -0.047585455214936234, 0.1296274609184151, 0.08378513883276678, 0.0008858547109932835, -0.2238931434540246, -0.3525242414986374, 0.08497129567507983, -0.1422082901919351, -0.007866681527309682, 0.19000271799190344, 0.1279418289160143, -0.12825726061172432, -0.17352715060765306, -0.5697946259935027, 0.15891645849512187, 0.24295950179055875, -0.3226617261007659, -0.2053699388421611, 0.12138271352757662, -0.017591798796383673, -0.03648502463612019, -0.1620231317706567, -0.004969162592722898, -0.20457989724755038, 0.08683334305758045, -0.06303988581481917, -0.1899576202519762, 0.03557225906925904, 0.054715475125858004, -0.3850509693020095, 0.3105507841586523, 0.26283372266858634, -0.1018762328247243, 0.17414674863891605, -0.08031004412238701, 0.16287084701034565, 0.06479739813147084, 0.09553587224687415, 0.03779319396166464, 0.08025630447432647, -0.024116643126900927, 0.15815459086015643, -0.18154637355577258, -0.04532492287037654, -0.391283487180695, 0.05406926944809726, -0.0388861139359436, 0.43563557463266317, -0.10319329894916024, -0.03661117820533427, 0.1498171296686776, 0.04593063170513062, -0.0026057881190398313, -0.1082631598521116, 0.1523334061586889, 0.1770870471105161, -0.04280074182292687, -0.20076541159719113, -0.4191824193203249, 0.10786169523974237, 0.05487523459110605, -0.06266270949216107, 0.05082389762628864, 0.1881855813516639, 0.11934054562504443, -0.04797177872989039, -0.036677383560477284, -0.061061002469613046, 0.08335488980114775, -0.5269235919607511, 0.12748152334573687, 0.05624837787496645, -0.06983745545713532, 0.25431864287380307, 0.09594108507295956, 0.25071094232091745, 0.15010518351795582, 0.03948238513712127, 0.1079447334771681, -0.028503099009422217, -0.20795871638431557, -0.1638236154754567, -0.18227478897939392, -0.17595363021900795, -0.10210021479485448, -0.03636783764570467, -0.13269411917569102, 0.13793149112564634, 0.22745432899129575, 0.026198221451019632, 0.2579559204074146, 0.4155350888529123, 0.015160373904391233, 0.19006823278402102, -0.0023974663442119515, -0.2787750139489345, 0.23337630835841056, 0.09501508132862396, 0.0722602623314485, 0.07538700284012329, -0.05451288794521375, -0.07073435202738004, -0.12538360497026751, 0.1534726793418914, 0.39063495579056834, 0.2336129916707121, 0.01778351654136351, -0.23900808612876873, 0.03857584734332015, -0.021059721521894448, 0.07795866327845452, -0.20306597901638895, -0.05701743515873808, 0.05077965130493162, 0.05250268731323032, 0.1436471556909455, -0.1250008386281914, 0.23980853193357582, 0.03774053719375686, 0.23477812787367597, -0.07865962284031852, 0.3732431243416569, 0.09678771445522777, 0.21478097468468332, -0.10100144226678115, 0.23225854509379346, -0.5658994314920469, -0.0299093127147399, 0.17519753062616544, 0.025297782053724516, 0.11005785118565597, 0.3355456513292014, 0.15775914774714245, 0.15537001045645965, -0.1837742118541184, 0.014963930189153485, -0.04302020259099543, 0.06200759595407973, 0.045506398878072785, 0.09889818994782779, -0.1429187629560294, 0.004472809204626171, 0.07493266110137448, 0.04097560565383723, 0.014229896985681945, 0.30229874814770724, 0.5175162829141597, -0.146545464250377, -0.09122619459974374, 0.23099246427177839, 0.062274502420843036, 0.1850377298287988, 0.05624854846146782, 0.19311398190268697, 0.06423666687886381, -0.06273054292698405, 0.3043130146107215, 0.01691467710790867, -1.2634457775252028, 0.03475119685480571, 0.03207317937683335, -0.11569531358802237, -0.009482778622855792, -0.012619770791222396, -0.04542150618853796, 0.13872812262391715, 0.03588516722068874, -0.42092431881891784, -0.05501956986714479, 0.1678142449680275, -0.007828212227381004, -0.04418776710638511, -0.0454585689358305, -0.34415330467947364, -0.030506691826494292, 0.17303509704875303, -0.023000481775179937, -0.06670082877759459, 0.034612067361685595, 0.22631789244908823, -0.27545899715025396, -0.09060032681049052, -0.0033647618664081613, -0.01278476871914741, 0.06455365294629217, 0.19515046806652364, -0.27710258982422215, -0.26973363448767224, 0.20112357036000666, 0.08226780795740879, 0.30081411257014906, 0.045439748778260236, -0.2265280167976909, 0.07452679415371172, -0.5071254379031251, -0.10050063491247357, -0.24081771736393748, 0.16244708280757564, -0.17369112865914055, 0.23588663663839377, -0.5893546972172499, 0.13619126393350584, 0.12082915316514636, 0.040199947750659104, 0.1681002934183175, -0.3793830177392797]"
4,"['lNONHSAG000008', 'lNONHSAG000047', 'lNONHSAG000059', 'lNONHSAG000069', 'lNONHSAG000130', 'lNONHSAG000158', 'lNONHSAG000195', 'lNONHSAG000241', 'lNONHSAG000253', 'lNONHSAG000310', 'lNONHSAG000311', 'lNONHSAG000374', 'lNONHSAG000381', 'lNONHSAG000464', 'lNONHSAG000484', 'lNONHSAG000498', 'lNONHSAG000579', 'lNONHSAG000584', 'lNONHSAG000625', 'lNONHSAG000742', 'lNONHSAG000769', 'lNONHSAG000840', 'lNONHSAG000843', 'lNONHSAG000863', 'lNONHSAG000884', 'lNONHSAG000918', 'lNONHSAG000938', 'lNONHSAG000967', 'lNONHSAG001142', 'lNONHSAG001172', 'lNONHSAG001238', 'lNONHSAG001247', 'lNONHSAG001259', 'lNONHSAG001278', 'lNONHSAG001284', 'lNONHSAG001360', 'lNONHSAG001375', 'lNONHSAG001448', 'lNONHSAG001468', 'lNONHSAG001499', 'lNONHSAG001513', 'lNONHSAG001696', 'lNONHSAG001724', 'lNONHSAG001773', 'lNONHSAG001837', 'lNONHSAG001941', 'lNONHSAG001993', 'lNONHSAG002056', 'lNONHSAG002086', 'lNONHSAG002134', 'lNONHSAG002135', 'lNONHSAG002343', 'lNONHSAG002359', 'lNONHSAG002376', 'lNONHSAG002378', 'lNONHSAG002490', 'lNONHSAG002549', 'lNONHSAG002617', 'lNONHSAG002669', 'lNONHSAG002701', 'lNONHSAG002719', 'lNONHSAG002731', 'lNONHSAG002752', 'lNONHSAG002859', 'lNONHSAG002883', 'lNONHSAG002978', 'lNONHSAG003053', 'lNONHSAG003056', 'lNONHSAG003068', 'lNONHSAG003074', 'lNONHSAG003077', 'lNONHSAG003119', 'lNONHSAG003134', 'lNONHSAG003156', 'lNONHSAG003198', 'lNONHSAG003244', 'lNONHSAG003260', 'lNONHSAG003269', 'lNONHSAG003303', 'lNONHSAG003374', 'lNONHSAG003504', 'lNONHSAG003645', 'lNONHSAG003820', 'lNONHSAG003874', 'lNONHSAG003884', 'lNONHSAG003886', 'lNONHSAG003900', 'lNONHSAG003911', 'lNONHSAG003912', 'lNONHSAG003938', 'lNONHSAG003957', 'lNONHSAG003976', 'lNONHSAG004013', 'lNONHSAG004026', 'lNONHSAG004054', 'lNONHSAG004247', 'lNONHSAG004303', 'lNONHSAG004305', 'lNONHSAG004373', 'lNONHSAG004619', 'lNONHSAG004673', 'lNONHSAG004674', 'lNONHSAG004714', 'lNONHSAG004743', 'lNONHSAG004779', 'lNONHSAG004868', 'lNONHSAG005084', 'lNONHSAG005339', 'lNONHSAG005377', 'lNONHSAG005403', 'lNONHSAG005482', 'lNONHSAG005669', 'lNONHSAG005699', 'lNONHSAG005711', 'lNONHSAG005721', 'lNONHSAG005728', 'lNONHSAG005732', 'lNONHSAG005742', 'lNONHSAG005780', 'lNONHSAG005838', 'lNONHSAG005866', 'lNONHSAG006007', 'lNONHSAG006049', 'lNONHSAG006050', 'lNONHSAG006054', 'lNONHSAG006071', 'lNONHSAG006163', 'lNONHSAG006204', 'lNONHSAG006212', 'lNONHSAG006238', 'lNONHSAG006301', 'lNONHSAG006341', 'lNONHSAG006454', 'lNONHSAG006457', 'lNONHSAG006474', 'lNONHSAG006477', 'lNONHSAG006526', 'lNONHSAG006633', 'lNONHSAG006678', 'lNONHSAG006692', 'lNONHSAG006735', 'lNONHSAG006763', 'lNONHSAG006772', 'lNONHSAG006865', 'lNONHSAG006945', 'lNONHSAG006966', 'lNONHSAG007109', 'lNONHSAG007324', 'lNONHSAG007384', 'lNONHSAG007430', 'lNONHSAG007431', 'lNONHSAG007434', 'lNONHSAG007455', 'lNONHSAG007463', 'lNONHSAG007487', 'lNONHSAG007538', 'lNONHSAG007602', 'lNONHSAG007631', 'lNONHSAG007692', 'lNONHSAG007708', 'lNONHSAG007715', 'lNONHSAG007868', 'lNONHSAG007961', 'lNONHSAG007983', 'lNONHSAG007984', 'lNONHSAG008015', 'lNONHSAG008037', 'lNONHSAG008056', 'lNONHSAG008199', 'lNONHSAG008220', 'lNONHSAG008354', 'lNONHSAG008517', 'lNONHSAG008540', 'lNONHSAG008552', 'lNONHSAG008589', 'lNONHSAG008615', 'lNONHSAG008654', 'lNONHSAG008670', 'lNONHSAG008675', 'lNONHSAG008693', 'lNONHSAG008726', 'lNONHSAG008728', 'lNONHSAG008759', 'lNONHSAG008937', 'lNONHSAG008952', 'lNONHSAG008966', 'lNONHSAG009021', 'lNONHSAG009039', 'lNONHSAG009059', 'lNONHSAG009062', 'lNONHSAG009124', 'lNONHSAG009130', 'lNONHSAG009133', 'lNONHSAG009134', 'lNONHSAG009174', 'lNONHSAG009180', 'lNONHSAG009193', 'lNONHSAG009228', 'lNONHSAG009544', 'lNONHSAG009546', 'lNONHSAG009613', 'lNONHSAG009636', 'lNONHSAG009728', 'lNONHSAG009747', 'lNONHSAG009755', 'lNONHSAG009757', 'lNONHSAG009782', 'lNONHSAG009913', 'lNONHSAG009938', 'lNONHSAG009945', 'lNONHSAG009950', 'lNONHSAG009968', 'lNONHSAG009989', 'lNONHSAG010021', 'lNONHSAG010117', 'lNONHSAG010179', 'lNONHSAG010184', 'lNONHSAG010186', 'lNONHSAG010189', 'lNONHSAG010190', 'lNONHSAG010193', 'lNONHSAG010194', 'lNONHSAG010200', 'lNONHSAG010348', 'lNONHSAG010352', 'lNONHSAG010416', 'lNONHSAG010543', 'lNONHSAG010657', 'lNONHSAG010658', 'lNONHSAG010792', 'lNONHSAG010798', 'lNONHSAG010940', 'lNONHSAG010986', 'lNONHSAG010989', 'lNONHSAG011028', 'lNONHSAG011057', 'lNONHSAG011070', 'lNONHSAG011084', 'lNONHSAG011086', 'lNONHSAG011090', 'lNONHSAG011121', 'lNONHSAG011125', 'lNONHSAG011211', 'lNONHSAG011230', 'lNONHSAG011264', 'lNONHSAG011337', 'lNONHSAG011375', 'lNONHSAG011439', 'lNONHSAG011446', 'lNONHSAG011518', 'lNONHSAG011524', 'lNONHSAG011576', 'lNONHSAG011633', 'lNONHSAG011658', 'lNONHSAG011790', 'lNONHSAG011854', 'lNONHSAG011870', 'lNONHSAG011935', 'lNONHSAG012025', 'lNONHSAG012077', 'lNONHSAG012099', 'lNONHSAG012297', 'lNONHSAG012303', 'lNONHSAG012339', 'lNONHSAG012367', 'lNONHSAG012375', 'lNONHSAG012423', 'lNONHSAG012476', 'lNONHSAG012505', 'lNONHSAG012534', 'lNONHSAG012540', 'lNONHSAG012549', 'lNONHSAG012555', 'lNONHSAG012614', 'lNONHSAG012617', 'lNONHSAG012751', 'lNONHSAG012791', 'lNONHSAG013005', 'lNONHSAG013060', 'lNONHSAG013098', 'lNONHSAG013109', 'lNONHSAG013388', 'lNONHSAG013431', 'lNONHSAG013475', 'lNONHSAG013534', 'lNONHSAG013568', 'lNONHSAG013708', 'lNONHSAG013790', 'lNONHSAG013809', 'lNONHSAG013912', 'lNONHSAG013917', 'lNONHSAG013940', 'lNONHSAG013942', 'lNONHSAG013944', 'lNONHSAG013954', 'lNONHSAG013992', 'lNONHSAG014098', 'lNONHSAG014112', 'lNONHSAG014130', 'lNONHSAG014267', 'lNONHSAG014289', 'lNONHSAG014332', 'lNONHSAG014362', 'lNONHSAG014372', 'lNONHSAG014373', 'lNONHSAG014381', 'lNONHSAG014496', 'lNONHSAG014502', 'lNONHSAG014546', 'lNONHSAG014562', 'lNONHSAG014591', 'lNONHSAG014672', 'lNONHSAG014679', 'lNONHSAG014730', 'lNONHSAG014890', 'lNONHSAG014891', 'lNONHSAG014914', 'lNONHSAG015044', 'lNONHSAG015215', 'lNONHSAG015352', 'lNONHSAG015454', 'lNONHSAG015461', 'lNONHSAG015591', 'lNONHSAG015692', 'lNONHSAG015723', 'lNONHSAG015787', 'lNONHSAG015961', 'lNONHSAG016021', 'lNONHSAG016068', 'lNONHSAG016118', 'lNONHSAG016199', 'lNONHSAG016307', 'lNONHSAG016403', 'lNONHSAG016486', 'lNONHSAG016487', 'lNONHSAG016576', 'lNONHSAG016611', 'lNONHSAG016618', 'lNONHSAG016623', 'lNONHSAG016733', 'lNONHSAG016741', 'lNONHSAG016749', 'lNONHSAG016771', 'lNONHSAG016822', 'lNONHSAG016893', 'lNONHSAG017020', 'lNONHSAG017060', 'lNONHSAG017232', 'lNONHSAG017238', 'lNONHSAG017254', 'lNONHSAG017282', 'lNONHSAG017288', 'lNONHSAG017344', 'lNONHSAG017347', 'lNONHSAG017376', 'lNONHSAG017377', 'lNONHSAG017379', 'lNONHSAG017417', 'lNONHSAG017486', 'lNONHSAG017504', 'lNONHSAG017567', 'lNONHSAG017666', 'lNONHSAG017767', 'lNONHSAG017783', 'lNONHSAG017882', 'lNONHSAG017890', 'lNONHSAG017899', 'lNONHSAG018053', 'lNONHSAG018054', 'lNONHSAG018058', 'lNONHSAG018110', 'lNONHSAG018180', 'lNONHSAG018203', 'lNONHSAG018236', 'lNONHSAG018313', 'lNONHSAG018322', 'lNONHSAG018341', 'lNONHSAG018344', 'lNONHSAG018372', 'lNONHSAG018374', 'lNONHSAG018414', 'lNONHSAG018415', 'lNONHSAG018416', 'lNONHSAG018417', 'lNONHSAG018420', 'lNONHSAG018461', 'lNONHSAG018530', 'lNONHSAG018586', 'lNONHSAG018621', 'lNONHSAG018635', 'lNONHSAG018656', 'lNONHSAG018659', 'lNONHSAG018707', 'lNONHSAG018711', 'lNONHSAG018889', 'lNONHSAG018893', 'lNONHSAG018903', 'lNONHSAG018980', 'lNONHSAG019003', 'lNONHSAG019012', 'lNONHSAG019014', 'lNONHSAG019021', 'lNONHSAG019023', 'lNONHSAG019031', 'lNONHSAG019049', 'lNONHSAG019051', 'lNONHSAG019079', 'lNONHSAG019115', 'lNONHSAG019134', 'lNONHSAG019158', 'lNONHSAG019221', 'lNONHSAG019332', 'lNONHSAG019370', 'lNONHSAG019439', 'lNONHSAG019493', 'lNONHSAG019569', 'lNONHSAG019613', 'lNONHSAG019667', 'lNONHSAG019670', 'lNONHSAG019711', 'lNONHSAG019767', 'lNONHSAG019813', 'lNONHSAG019814', 'lNONHSAG019848', 'lNONHSAG019852', 'lNONHSAG019878', 'lNONHSAG019967', 'lNONHSAG020053', 'lNONHSAG020066', 'lNONHSAG020068', 'lNONHSAG020075', 'lNONHSAG020091', 'lNONHSAG020107', 'lNONHSAG020153', 'lNONHSAG020155', 'lNONHSAG020218', 'lNONHSAG020223', 'lNONHSAG020252', 'lNONHSAG020259', 'lNONHSAG020260', 'lNONHSAG020273', 'lNONHSAG020274', 'lNONHSAG020277', 'lNONHSAG020278', 'lNONHSAG020298', 'lNONHSAG020307', 'lNONHSAG020312', 'lNONHSAG020321', 'lNONHSAG020325', 'lNONHSAG020339', 'lNONHSAG020361', 'lNONHSAG020372', 'lNONHSAG020374', 'lNONHSAG020382', 'lNONHSAG020476', 'lNONHSAG020600', 'lNONHSAG020729', 'lNONHSAG020731', 'lNONHSAG020755', 'lNONHSAG020759', 'lNONHSAG020760', 'lNONHSAG020762', 'lNONHSAG020771', 'lNONHSAG020869', 'lNONHSAG020957', 'lNONHSAG020990', 'lNONHSAG021072', 'lNONHSAG021307', 'lNONHSAG021309', 'lNONHSAG021315', 'lNONHSAG021335', 'lNONHSAG021342', 'lNONHSAG021347', 'lNONHSAG021370', 'lNONHSAG021390', 'lNONHSAG021400', 'lNONHSAG021408', 'lNONHSAG021410', 'lNONHSAG021431', 'lNONHSAG021432', 'lNONHSAG021433', 'lNONHSAG021471', 'lNONHSAG021557', 'lNONHSAG021566', 'lNONHSAG021567', 'lNONHSAG021584', 'lNONHSAG021638', 'lNONHSAG021698', 'lNONHSAG021760', 'lNONHSAG021780', 'lNONHSAG021820', 'lNONHSAG021846', 'lNONHSAG021874', 'lNONHSAG021878', 'lNONHSAG021882', 'lNONHSAG021893', 'lNONHSAG021909', 'lNONHSAG021976', 'lNONHSAG021981', 'lNONHSAG022009', 'lNONHSAG022030', 'lNONHSAG022058', 'lNONHSAG022078', 'lNONHSAG022088', 'lNONHSAG022094', 'lNONHSAG022103', 'lNONHSAG022110', 'lNONHSAG022125', 'lNONHSAG022127', 'lNONHSAG022311', 'lNONHSAG022327', 'lNONHSAG022328', 'lNONHSAG022335', 'lNONHSAG022339', 'lNONHSAG022378', 'lNONHSAG022510', 'lNONHSAG022551', 'lNONHSAG022579', 'lNONHSAG022595', 'lNONHSAG022597', 'lNONHSAG022655', 'lNONHSAG022690', 'lNONHSAG022743', 'lNONHSAG022750', 'lNONHSAG022806', 'lNONHSAG022836', 'lNONHSAG022845', 'lNONHSAG022851', 'lNONHSAG022888', 'lNONHSAG022893', 'lNONHSAG022965', 'lNONHSAG022972', 'lNONHSAG022980', 'lNONHSAG022982', 'lNONHSAG023003', 'lNONHSAG023049', 'lNONHSAG023051', 'lNONHSAG023073', 'lNONHSAG023175', 'lNONHSAG023237', 'lNONHSAG023375', 'lNONHSAG023387', 'lNONHSAG023392', 'lNONHSAG023512', 'lNONHSAG023553', 'lNONHSAG023579', 'lNONHSAG023598', 'lNONHSAG023607', 'lNONHSAG023614', 'lNONHSAG023630', 'lNONHSAG023633', 'lNONHSAG023635', 'lNONHSAG023661', 'lNONHSAG023668', 'lNONHSAG023740', 'lNONHSAG023837', 'lNONHSAG023864', 'lNONHSAG023888', 'lNONHSAG023930', 'lNONHSAG023964', 'lNONHSAG024117', 'lNONHSAG024141', 'lNONHSAG024146', 'lNONHSAG024171', 'lNONHSAG024224', 'lNONHSAG024282', 'lNONHSAG024332', 'lNONHSAG024340', 'lNONHSAG024361', 'lNONHSAG024364', 'lNONHSAG024381', 'lNONHSAG024391', 'lNONHSAG024393', 'lNONHSAG024395', 'lNONHSAG024540', 'lNONHSAG024542', 'lNONHSAG024637', 'lNONHSAG024671', 'lNONHSAG024681', 'lNONHSAG024741', 'lNONHSAG024809', 'lNONHSAG024810', 'lNONHSAG024818', 'lNONHSAG024826', 'lNONHSAG024903', 'lNONHSAG024905', 'lNONHSAG024908', 'lNONHSAG024913', 'lNONHSAG024923', 'lNONHSAG024925', 'lNONHSAG024979', 'lNONHSAG025135', 'lNONHSAG025157', 'lNONHSAG025185', 'lNONHSAG025319', 'lNONHSAG025352', 'lNONHSAG025483', 'lNONHSAG025485', 'lNONHSAG025609', 'lNONHSAG025712', 'lNONHSAG025743', 'lNONHSAG025744', 'lNONHSAG025864', 'lNONHSAG025865', 'lNONHSAG025867', 'lNONHSAG025907', 'lNONHSAG025964', 'lNONHSAG025997', 'lNONHSAG026091', 'lNONHSAG026103', 'lNONHSAG026153', 'lNONHSAG026176', 'lNONHSAG026205', 'lNONHSAG026274', 'lNONHSAG026364', 'lNONHSAG026575', 'lNONHSAG026599', 'lNONHSAG026631', 'lNONHSAG026661', 'lNONHSAG026720', 'lNONHSAG026721', 'lNONHSAG026737', 'lNONHSAG026743', 'lNONHSAG026781', 'lNONHSAG026794', 'lNONHSAG026852', 'lNONHSAG026854', 'lNONHSAG027017', 'lNONHSAG027075', 'lNONHSAG027110', 'lNONHSAG027276', 'lNONHSAG027278', 'lNONHSAG027323', 'lNONHSAG027342', 'lNONHSAG027374', 'lNONHSAG027421', 'lNONHSAG027482', 'lNONHSAG027598', 'lNONHSAG027618', 'lNONHSAG027675', 'lNONHSAG027682', 'lNONHSAG027692', 'lNONHSAG027694', 'lNONHSAG027837', 'lNONHSAG027874', 'lNONHSAG027876', 'lNONHSAG028045', 'lNONHSAG028083', 'lNONHSAG028093', 'lNONHSAG028141', 'lNONHSAG028142', 'lNONHSAG028159', 'lNONHSAG028403', 'lNONHSAG028720', 'lNONHSAG028817', 'lNONHSAG028820', 'lNONHSAG028857', 'lNONHSAG028870', 'lNONHSAG028913', 'lNONHSAG028918', 'lNONHSAG028948', 'lNONHSAG028996', 'lNONHSAG029033', 'lNONHSAG029080', 'lNONHSAG029124', 'lNONHSAG029267', 'lNONHSAG029312', 'lNONHSAG029336', 'lNONHSAG029377', 'lNONHSAG029467', 'lNONHSAG029668', 'lNONHSAG029792', 'lNONHSAG029830', 'lNONHSAG029873', 'lNONHSAG029880', 'lNONHSAG029933', 'lNONHSAG029956', 'lNONHSAG029957', 'lNONHSAG029958', 'lNONHSAG029959', 'lNONHSAG029960', 'lNONHSAG029962', 'lNONHSAG029964', 'lNONHSAG029965', 'lNONHSAG029985', 'lNONHSAG030074', 'lNONHSAG030113', 'lNONHSAG030129', 'lNONHSAG030244', 'lNONHSAG030258', 'lNONHSAG030278', 'lNONHSAG030279', 'lNONHSAG030304', 'lNONHSAG030333', 'lNONHSAG030410', 'lNONHSAG030440', 'lNONHSAG030487', 'lNONHSAG030516', 'lNONHSAG030525', 'lNONHSAG030583', 'lNONHSAG030738', 'lNONHSAG030739', 'lNONHSAG030742', 'lNONHSAG031025', 'lNONHSAG031035', 'lNONHSAG031123', 'lNONHSAG031261', 'lNONHSAG031385', 'lNONHSAG031425', 'lNONHSAG031452', 'lNONHSAG031453', 'lNONHSAG031456', 'lNONHSAG031481', 'lNONHSAG031581', 'lNONHSAG031584', 'lNONHSAG031900', 'lNONHSAG031913', 'lNONHSAG031991', 'lNONHSAG032063', 'lNONHSAG032126', 'lNONHSAG032247', 'lNONHSAG032267', 'lNONHSAG032297', 'lNONHSAG032302', 'lNONHSAG032309', 'lNONHSAG032312', 'lNONHSAG032537', 'lNONHSAG032560', 'lNONHSAG032682', 'lNONHSAG032724', 'lNONHSAG032735', 'lNONHSAG032737', 'lNONHSAG032748', 'lNONHSAG032750', 'lNONHSAG033027', 'lNONHSAG033061', 'lNONHSAG033100', 'lNONHSAG033105', 'lNONHSAG033107', 'lNONHSAG033121', 'lNONHSAG033168', 'lNONHSAG033170', 'lNONHSAG033216', 'lNONHSAG033224', 'lNONHSAG033254', 'lNONHSAG033263', 'lNONHSAG033298', 'lNONHSAG033328', 'lNONHSAG033334', 'lNONHSAG033342', 'lNONHSAG033348', 'lNONHSAG033352', 'lNONHSAG033368', 'lNONHSAG033386', 'lNONHSAG033390', 'lNONHSAG033435', 'lNONHSAG033459', 'lNONHSAG033471', 'lNONHSAG033528', 'lNONHSAG033589', 'lNONHSAG033611', 'lNONHSAG033645', 'lNONHSAG033691', 'lNONHSAG033716', 'lNONHSAG033810', 'lNONHSAG033862', 'lNONHSAG033896', 'lNONHSAG033898', 'lNONHSAG033937', 'lNONHSAG033940', 'lNONHSAG034006', 'lNONHSAG034014', 'lNONHSAG034021', 'lNONHSAG034032', 'lNONHSAG034217', 'lNONHSAG034316', 'lNONHSAG034418', 'lNONHSAG034508', 'lNONHSAG034527', 'lNONHSAG034676', 'lNONHSAG034678', 'lNONHSAG034801', 'lNONHSAG034845', 'lNONHSAG034846', 'lNONHSAG034935', 'lNONHSAG034973', 'lNONHSAG035096', 'lNONHSAG035103', 'lNONHSAG035262', 'lNONHSAG035287', 'lNONHSAG035382', 'lNONHSAG035456', 'lNONHSAG035531', 'lNONHSAG035568', 'lNONHSAG035806', 'lNONHSAG035914', 'lNONHSAG035916', 'lNONHSAG035919', 'lNONHSAG035923', 'lNONHSAG036047', 'lNONHSAG036054', 'lNONHSAG036115', 'lNONHSAG036120', 'lNONHSAG036255', 'lNONHSAG036263', 'lNONHSAG036273', 'lNONHSAG036403', 'lNONHSAG036407', 'lNONHSAG036412', 'lNONHSAG036612', 'lNONHSAG036615', 'lNONHSAG036667', 'lNONHSAG036718', 'lNONHSAG036783', 'lNONHSAG036866', 'lNONHSAG036922', 'lNONHSAG036926', 'lNONHSAG037025', 'lNONHSAG037061', 'lNONHSAG037072', 'lNONHSAG037073', 'lNONHSAG037080', 'lNONHSAG037082', 'lNONHSAG037083', 'lNONHSAG037096', 'lNONHSAG037137', 'lNONHSAG037146', 'lNONHSAG037164', 'lNONHSAG037348', 'lNONHSAG037420', 'lNONHSAG037559', 'lNONHSAG037827', 'lNONHSAG037936', 'lNONHSAG037946', 'lNONHSAG038001', 'lNONHSAG038024', 'lNONHSAG038060', 'lNONHSAG038091', 'lNONHSAG038162', 'lNONHSAG038343', 'lNONHSAG038344', 'lNONHSAG038397', 'lNONHSAG038502', 'lNONHSAG038530', 'lNONHSAG038561', 'lNONHSAG038663', 'lNONHSAG038675', 'lNONHSAG038676', 'lNONHSAG038682', 'lNONHSAG038836', 'lNONHSAG039037', 'lNONHSAG039038', 'lNONHSAG039147', 'lNONHSAG039293', 'lNONHSAG039295', 'lNONHSAG039617', 'lNONHSAG039620', 'lNONHSAG039634', 'lNONHSAG039637', 'lNONHSAG039654', 'lNONHSAG039664', 'lNONHSAG039669', 'lNONHSAG039749', 'lNONHSAG039872', 'lNONHSAG039951', 'lNONHSAG040179', 'lNONHSAG040188', 'lNONHSAG040226', 'lNONHSAG040241', 'lNONHSAG040269', 'lNONHSAG040320', 'lNONHSAG040408', 'lNONHSAG040444', 'lNONHSAG040542', 'lNONHSAG040544', 'lNONHSAG040560', 'lNONHSAG040601', 'lNONHSAG040692', 'lNONHSAG040700', 'lNONHSAG040729', 'lNONHSAG040804', 'lNONHSAG040859', 'lNONHSAG040870', 'lNONHSAG040909', 'lNONHSAG040945', 'lNONHSAG040958', 'lNONHSAG040969', 'lNONHSAG040976', 'lNONHSAG041002', 'lNONHSAG041017', 'lNONHSAG041241', 'lNONHSAG041250', 'lNONHSAG041256', 'lNONHSAG041257', 'lNONHSAG041480', 'lNONHSAG041528', 'lNONHSAG041592', 'lNONHSAG041670', 'lNONHSAG041707', 'lNONHSAG041716', 'lNONHSAG041758', 'lNONHSAG041844', 'lNONHSAG041883', 'lNONHSAG041938', 'lNONHSAG041966', 'lNONHSAG041981', 'lNONHSAG042033', 'lNONHSAG042062', 'lNONHSAG042132', 'lNONHSAG042138', 'lNONHSAG042218', 'lNONHSAG042257', 'lNONHSAG042306', 'lNONHSAG042307', 'lNONHSAG042370', 'lNONHSAG042476', 'lNONHSAG042500', 'lNONHSAG042722', 'lNONHSAG042836', 'lNONHSAG042855', 'lNONHSAG042957', 'lNONHSAG042966', 'lNONHSAG042970', 'lNONHSAG042991', 'lNONHSAG043138', 'lNONHSAG043159', 'lNONHSAG043229', 'lNONHSAG043250', 'lNONHSAG043303', 'lNONHSAG043433', 'lNONHSAG043550', 'lNONHSAG043592', 'lNONHSAG043625', 'lNONHSAG043657', 'lNONHSAG043770', 'lNONHSAG043851', 'lNONHSAG043934', 'lNONHSAG044022', 'lNONHSAG044041', 'lNONHSAG044064', 'lNONHSAG044350', 'lNONHSAG044406', 'lNONHSAG044429', 'lNONHSAG044533', 'lNONHSAG044624', 'lNONHSAG044666', 'lNONHSAG044709', 'lNONHSAG044751', 'lNONHSAG044791', 'lNONHSAG045131', 'lNONHSAG045160', 'lNONHSAG045163', 'lNONHSAG045166', 'lNONHSAG045306', 'lNONHSAG045383', 'lNONHSAG046722', 'lNONHSAG046730', 'lNONHSAG046765', 'lNONHSAG046811', 'lNONHSAG046839', 'lNONHSAG046953', 'lNONHSAG047182', 'lNONHSAG047191', 'lNONHSAG047197', 'lNONHSAG047260', 'lNONHSAG047319', 'lNONHSAG047433', 'lNONHSAG047463', 'lNONHSAG047469', 'lNONHSAG047471', 'lNONHSAG047507', 'lNONHSAG047619', 'lNONHSAG047620', 'lNONHSAG047725', 'lNONHSAG047792', 'lNONHSAG047796', 'lNONHSAG047830', 'lNONHSAG047840', 'lNONHSAG047842', 'lNONHSAG047851', 'lNONHSAG047951', 'lNONHSAG047974', 'lNONHSAG048057', 'lNONHSAG048101', 'lNONHSAG048189', 'lNONHSAG048191', 'lNONHSAG048201', 'lNONHSAG048228', 'lNONHSAG048231', 'lNONHSAG048302', 'lNONHSAG048323', 'lNONHSAG048354', 'lNONHSAG048439', 'lNONHSAG048602', 'lNONHSAG048603', 'lNONHSAG048610', 'lNONHSAG048623', 'lNONHSAG048624', 'lNONHSAG048626', 'lNONHSAG048641', 'lNONHSAG048682', 'lNONHSAG048695', 'lNONHSAG048781', 'lNONHSAG048817', 'lNONHSAG049037', 'lNONHSAG049050', 'lNONHSAG049051', 'lNONHSAG049119', 'lNONHSAG049129', 'lNONHSAG049157', 'lNONHSAG049185', 'lNONHSAG049191', 'lNONHSAG049288', 'lNONHSAG049303', 'lNONHSAG049356', 'lNONHSAG049421', 'lNONHSAG049507', 'lNONHSAG049655', 'lNONHSAG049754', 'lNONHSAG049801', 'lNONHSAG049901', 'lNONHSAG050073', 'lNONHSAG050104', 'lNONHSAG050167', 'lNONHSAG050168', 'lNONHSAG050272', 'lNONHSAG050273', 'lNONHSAG050284', 'lNONHSAG050345', 'lNONHSAG050423', 'lNONHSAG050445', 'lNONHSAG050493', 'lNONHSAG050518', 'lNONHSAG050725', 'lNONHSAG050769', 'lNONHSAG050786', 'lNONHSAG050815', 'lNONHSAG050929', 'lNONHSAG050985', 'lNONHSAG051010', 'lNONHSAG051015', 'lNONHSAG051166', 'lNONHSAG051196', 'lNONHSAG051245', 'lNONHSAG051250', 'lNONHSAG051255', 'lNONHSAG051259', 'lNONHSAG051263', 'lNONHSAG051266', 'lNONHSAG051291', 'lNONHSAG051448', 'lNONHSAG051454', 'lNONHSAG051484', 'lNONHSAG051514', 'lNONHSAG051517', 'lNONHSAG051523', 'lNONHSAG051542', 'lNONHSAG051567', 'lNONHSAG051568', 'lNONHSAG051603', 'lNONHSAG051770', 'lNONHSAG051898', 'lNONHSAG052046', 'lNONHSAG052082', 'lNONHSAG052097', 'lNONHSAG052149', 'lNONHSAG052179', 'lNONHSAG052454', 'lNONHSAG052459', 'lNONHSAG052491', 'lNONHSAG052492', 'lNONHSAG052495', 'lNONHSAG052510', 'lNONHSAG052511', 'lNONHSAG052609', 'lNONHSAG052680', 'lNONHSAG052686', 'lNONHSAG052709', 'lNONHSAG052726', 'lNONHSAG052853', 'lNONHSAG052908', 'lNONHSAG052925', 'lNONHSAG052929', 'lNONHSAG052931', 'lNONHSAG052943', 'lNONHSAG053007', 'lNONHSAG053014', 'lNONHSAG053028', 'lNONHSAG053033', 'lNONHSAG053082', 'lNONHSAG053108', 'lNONHSAG053162', 'lNONHSAG053456', 'lNONHSAG053499', 'lNONHSAG053500', 'lNONHSAG053502', 'lNONHSAG053547', 'lNONHSAG053590', 'lNONHSAG053626', 'lNONHSAG053631', 'lNONHSAG053651', 'lNONHSAG053716', 'lNONHSAG053719', 'lNONHSAG053748', 'lNONHSAG053796', 'lNONHSAG053802', 'lNONHSAG053842', 'lNONHSAG054038', 'lNONHSAG054212', 'lNONHSAG054214', 'lNONHSAG054216', 'lNONHSAG054301', 'lNONHSAG054360', 'lNONHSAG054432', 'lNONHSAG054716', 'lNONHSAG054717', 'lNONHSAG054780', 'lNONHSAG054807', 'lNONHSAG054832', 'lNONHSAG055008', 'lNONHSAG055088', 'lNONHSAG055092', 'lNONHSAG055151', 'lNONHSAG055258', 'lNONHSAG055350', 'lNONHSAG055418', 'lNONHSAG055450', 'lNONHSAG055546', 'lNONHSAG055565', 'lNONHSAG055577', 'lNONHSAG055582', 'lNONHSAG056025', 'lNONHSAG056029', 'lNONHSAG056053', 'lNONHSAG056451', 'lNONHSAG056746', 'lNONHSAG056875', 'lNONHSAG057043', 'lNONHSAG057222', 'lNONHSAG057260', 'lNONHSAG058006', 'lNONHSAG058109', 'lNONHSAG058112', 'lNONHSAG058118', 'lNONHSAG058128', 'lNONHSAG058533', 'lNONHSAG058967', 'lNONHSAG059768', 'lNONHSAG060586', 'lNONHSAG061096', 'lNONHSAG061492', 'lNONHSAG063700', 'lNONHSAG064784', 'lNONHSAG064962', 'lNONHSAG065252', 'lNONHSAG065364', 'lNONHSAG066253', 'lNONHSAG068402', 'lNONHSAG068639', 'lNONHSAG069147', 'lNONHSAG069277', 'lNONHSAG069876', 'lNONHSAG071444', 'lNONHSAG072176', 'lNONHSAG072945', 'lNONHSAG073025', 'lNONHSAG073380', 'lNONHSAG073406', 'lNONHSAG073419', 'lNONHSAG073786', 'lNONHSAG074052', 'lNONHSAG074661', 'lNONHSAG075363', 'lNONHSAG077475', 'lNONHSAG077527', 'lNONHSAG077551', 'lNONHSAG079231', 'lNONHSAG080772', 'lNONHSAG081227', 'lNONHSAG081993', 'lNONHSAG082891', 'lNONHSAG083289', 'lNONHSAG083615', 'lNONHSAG083883', 'lNONHSAG083894', 'lNONHSAG084701', 'lNONHSAG084832', 'lNONHSAG084937', 'lNONHSAG088562', 'lNONHSAG089857', 'lNONHSAG091116', 'lNONHSAG091284', 'lNONHSAG091452', 'lNONHSAG091943', 'lNONHSAG092907', 'lNONHSAG093064', 'lNONHSAG093078', 'lNONHSAG093517', 'lNONHSAG094075', 'lNONHSAG094129', 'lNONHSAG094269', 'lNONHSAG096130', 'lNONHSAG096227', 'lNONHSAG096230', 'lNONHSAG096627', 'lNONHSAG097344', 'lNONHSAG097347', 'lNONHSAG098653', 'lNONHSAG099082', 'lNONHSAG099742', 'lNONHSAG099774', 'lNONHSAG101229', 'lNONHSAG101725', 'lNONHSAG102572', 'lNONHSAG102979', 'lNONHSAG103457', 'lNONHSAG103817', 'lNONHSAG104186', 'lNONHSAG110858', 'lNONHSAG111667', 'lNONHSAG112396', 'lNONHSAG113761', 'lNONHSAG114445', 'lENSG00000103472', 'lENSG00000163364', 'lENSG00000171889', 'lENSG00000175061', 'lENSG00000177410', 'lENSG00000179406', 'lENSG00000179523', 'lENSG00000189295', 'lENSG00000198221', 'lENSG00000198468', 'lENSG00000203497', 'lENSG00000205611', 'lENSG00000223764', 'lENSG00000223783', 'lENSG00000224057', 'lENSG00000224078', 'lENSG00000225470', 'lENSG00000225506', 'lENSG00000225855', 'lENSG00000226115', 'lENSG00000226137', 'lENSG00000227082', 'lENSG00000227963', 'lENSG00000228022', 'lENSG00000228526', 'lENSG00000229267', 'lENSG00000229335', 'lENSG00000230046', 'lENSG00000230061', 'lENSG00000230257', 'lENSG00000230400', 'lENSG00000231019', 'lENSG00000231473', 'lENSG00000231663', 'lENSG00000232415', 'lENSG00000232442', 'lENSG00000232500', 'lENSG00000233047', 'lENSG00000233387', 'lENSG00000233532', 'lENSG00000233590', 'lENSG00000234169', 'lENSG00000234455', 'lENSG00000234546', 'lENSG00000235385', 'lENSG00000235535', 'lENSG00000235724', 'lENSG00000236240', 'lENSG00000236535', 'lENSG00000236671', 'lENSG00000237167', 'lENSG00000237396', 'lENSG00000237880', 'lENSG00000241388', 'lENSG00000242207', 'lENSG00000245067', 'lENSG00000245614', 'lENSG00000246560', 'lENSG00000247095', 'lENSG00000247373', 'lENSG00000247400', 'lENSG00000247498', 'lENSG00000249532', 'lENSG00000249786', 'lENSG00000249835', 'lENSG00000249993', 'lENSG00000250635', 'lENSG00000251061', 'lENSG00000253315', 'lENSG00000254480', 'lENSG00000254508', 'lENSG00000254635', 'lENSG00000254791', 'lENSG00000255363', 'lENSG00000255427', 'lENSG00000255850', 'lENSG00000256742', 'lENSG00000256769', 'lENSG00000257084', 'lENSG00000257557', 'lENSG00000258197', 'lENSG00000258912', 'lENSG00000259289', 'lENSG00000259424', 'lENSG00000260219', 'lENSG00000260280', 'lENSG00000260455', 'lENSG00000260924', 'lENSG00000261183', 'lENSG00000261423', 'lENSG00000263718', 'lENSG00000264672', 'lENSG00000265374', 'lENSG00000266402', 'lENSG00000266970', 'lENSG00000267296', 'lENSG00000267321', 'lENSG00000267395', 'lENSG00000267440', 'lENSG00000267858', 'lENSG00000269019', 'lENSG00000269911', 'lENSG00000269939', 'lENSG00000270084', 'lENSG00000270344', 'lENSG00000270959', 'lENSG00000272769', 'lENSG00000278709', 'lENSG00000278970', 'lENSG00000279296', 'lENSG00000281189', 'lENSG00000284070', 'lENSG00000285644', 'lENSG00000286004', 'lENSG00000286737', 'lENSG00000288080', 'lENSG00000224167', 'lA1BG-AS1', 'lADAMTS9-AS2', 'lANKRD62P1-PARP4P3', 'lAQP4-AS1', 'lASMTL-AS1', 'lBANCR', 'lCCAT2', 'lCDKN2B-AS1', 'lCRNDE', 'lDGKK', 'lDLX6-AS1', 'lEGOT', 'lFEZF1-AS1', 'lGATA3-AS1', 'lGATA6-AS1', 'lGHET1', 'lHEIH', 'lHOTAIRM1', 'lHOXA-AS3', 'lINHBA-AS1', 'lJPX', 'lJRK', 'lKCTD21-AS1', 'lKTN1-AS1', 'lLAMTOR5-AS1', 'lLBX2-AS1', 'lLINC00173', 'lLINC00174', 'lLINC00240', 'lLINC00333', 'lLINC00472', 'lLPP-AS2', 'lMCM3AP-AS1', 'lMEG3', 'lMIR31HG', 'lMYLK-AS1', 'lPANDAR', 'lPCGEM1', 'lPVT1', 'lRHPN1-AS1', 'lRMST', 'lSNHG15', 'lSNHG16', 'lSNX29P2', 'lTEN1-CDK3', 'lTRAM2-AS1', 'lVCAN-AS1', 'lZFAS1', 'lZNF286B', 'lZNF503-AS2', 'lSLC2A1-AS1', 'lSRP14-AS1', 'lAC007009.1', 'lPWAR6', 'lAC004840.8', 'lAC061992.2', 'lAC103564.7', 'lAC135048.13', 'lAC137723.5', 'lAC137932.5', 'lAL928742.12', 'lAP001058.3', 'lCTB-60B18.10', 'lCTB-91J4.1', 'lCTC-338M12.2', 'lCTD-2165H16.4', 'lCTD-2195B23.3', 'lCTD-2540L5.5', 'lKB-7G2.8', 'lLA16c-321D4.2', 'lLA16c-380H5.3', 'lLL22NC03-23C6.13', 'lRP11-100F15.1', 'lRP11-104E19.1', 'lRP11-123O10.4', 'lRP11-137H2.4', 'lRP11-197N18.2', 'lRP11-21J18.1', 'lRP11-227H15.4', 'lRP11-243J18.2', 'lRP11-24P14.1', 'lRP11-264B17.3', 'lRP11-276H7.2', 'lRP11-2C24.4', 'lRP11-305P14.1', 'lRP11-439K3.1', 'lRP11-467J12.4', 'lRP11-49K24.4', 'lRP11-514P8.8', 'lRP11-54O7.3', 'lRP11-550C4.6', 'lRP11-680A11.5', 'lRP4-756H11.3', 'lRP4-790G17.7', 'lRP5-1061H20.4', 'lRP5-1074L1.1', 'lRP5-1160K1.8', 'lXXbac-B444P24.8', 'lXXbac-BPG300A18.13', 'lAC018766.4', 'lCTD-2231H16.1', 'lHNRNPU-AS1', 'lRP11-429J17.8', 'lRP11-672A2.1', 'lRP5-1063M23.1', 'lCTA-250D10.23', 'lRP4-610C12.4', 'lLINC00035', 'lRP11-408H20.2', 'lNONHSAG000157', 'lNONHSAG000265', 'lNONHSAG000297', 'lNONHSAG000298', 'lNONHSAG000623', 'lNONHSAG000636', 'lNONHSAG000677', 'lNONHSAG000896', 'lNONHSAG000969', 'lNONHSAG000994', 'lNONHSAG001008', 'lNONHSAG001014', 'lNONHSAG001028', 'lNONHSAG001030', 'lNONHSAG001033', 'lNONHSAG001147', 'lNONHSAG001171', 'lNONHSAG001207', 'lNONHSAG001240', 'lNONHSAG001258', 'lNONHSAG001419', 'lNONHSAG001435', 'lNONHSAG001613', 'lNONHSAG002403', 'lNONHSAG002487', 'lNONHSAG002619', 'lNONHSAG002790', 'lNONHSAG002816', 'lNONHSAG003308', 'lNONHSAG003418', 'lNONHSAG003459', 'lNONHSAG003810', 'lNONHSAG003881', 'lNONHSAG004351', 'lNONHSAG004507', 'lNONHSAG004638', 'lNONHSAG004893', 'lNONHSAG005249', 'lNONHSAG005363', 'lNONHSAG005473', 'lNONHSAG005522', 'lNONHSAG005652', 'lNONHSAG005679', 'lNONHSAG005690', 'lNONHSAG005717', 'lNONHSAG005725', 'lNONHSAG005727', 'lNONHSAG005739', 'lNONHSAG005740', 'lNONHSAG005746', 'lNONHSAG005747', 'lNONHSAG005760', 'lNONHSAG005761', 'lNONHSAG005769', 'lNONHSAG005789', 'lNONHSAG005809', 'lNONHSAG005821', 'lNONHSAG005830', 'lNONHSAG005842', 'lNONHSAG005847', 'lNONHSAG005851', 'lNONHSAG005852', 'lNONHSAG005853', 'lNONHSAG005855', 'lNONHSAG005856', 'lNONHSAG005857', 'lNONHSAG005859', 'lNONHSAG005862', 'lNONHSAG005867', 'lNONHSAG005870', 'lNONHSAG005885', 'lNONHSAG005901', 'lNONHSAG005915', 'lNONHSAG005935', 'lNONHSAG005939', 'lNONHSAG005985', 'lNONHSAG005986', 'lNONHSAG006012', 'lNONHSAG006022', 'lNONHSAG006078', 'lNONHSAG006086', 'lNONHSAG006091', 'lNONHSAG006097', 'lNONHSAG006103', 'lNONHSAG006160', 'lNONHSAG006166', 'lNONHSAG006183', 'lNONHSAG006186', 'lNONHSAG006187', 'lNONHSAG006188', 'lNONHSAG006206', 'lNONHSAG006220', 'lNONHSAG006221', 'lNONHSAG006235', 'lNONHSAG006240', 'lNONHSAG006274', 'lNONHSAG006279', 'lNONHSAG006293', 'lNONHSAG006300', 'lNONHSAG006314', 'lNONHSAG006324', 'lNONHSAG006377', 'lNONHSAG006399', 'lNONHSAG006405', 'lNONHSAG006407', 'lNONHSAG006415', 'lNONHSAG006434', 'lNONHSAG006440', 'lNONHSAG006450', 'lNONHSAG006459', 'lNONHSAG006479', 'lNONHSAG006487', 'lNONHSAG006507', 'lNONHSAG006527', 'lNONHSAG006554', 'lNONHSAG006555', 'lNONHSAG006573', 'lNONHSAG006576', 'lNONHSAG006579', 'lNONHSAG006581', 'lNONHSAG006586', 'lNONHSAG006591', 'lNONHSAG006602', 'lNONHSAG006646', 'lNONHSAG006653', 'lNONHSAG006669', 'lNONHSAG006716', 'lNONHSAG006748', 'lNONHSAG006750', 'lNONHSAG006765', 'lNONHSAG006779', 'lNONHSAG006808', 'lNONHSAG006830', 'lNONHSAG006837', 'lNONHSAG006855', 'lNONHSAG006863', 'lNONHSAG006883', 'lNONHSAG006889', 'lNONHSAG006894', 'lNONHSAG006897', 'lNONHSAG006909', 'lNONHSAG006915', 'lNONHSAG006922', 'lNONHSAG006967', 'lNONHSAG006970', 'lNONHSAG006976', 'lNONHSAG007000', 'lNONHSAG007008', 'lNONHSAG007020', 'lNONHSAG007023', 'lNONHSAG007029', 'lNONHSAG007031', 'lNONHSAG007035', 'lNONHSAG007063', 'lNONHSAG007065', 'lNONHSAG007087', 'lNONHSAG007093', 'lNONHSAG007103', 'lNONHSAG007118', 'lNONHSAG007123', 'lNONHSAG007129', 'lNONHSAG007139', 'lNONHSAG007155', 'lNONHSAG007166', 'lNONHSAG007172', 'lNONHSAG007203', 'lNONHSAG007222', 'lNONHSAG007224', 'lNONHSAG007225', 'lNONHSAG007242', 'lNONHSAG007259', 'lNONHSAG007268', 'lNONHSAG007278', 'lNONHSAG007286', 'lNONHSAG007298', 'lNONHSAG007419', 'lNONHSAG007429', 'lNONHSAG007458', 'lNONHSAG007507', 'lNONHSAG007531', 'lNONHSAG007544', 'lNONHSAG007554', 'lNONHSAG007563', 'lNONHSAG007574', 'lNONHSAG007578', 'lNONHSAG007587', 'lNONHSAG007621', 'lNONHSAG007632', 'lNONHSAG007638', 'lNONHSAG007730', 'lNONHSAG007932', 'lENSG00000083622', 'lENSG00000105501', 'lENSG00000122043', 'lENSG00000149443', 'lENSG00000167920', 'lENSG00000175746', 'lENSG00000177596', 'lENSG00000197644', 'lENSG00000197880', 'lENSG00000198054', 'lENSG00000198671', 'lENSG00000203307', 'lENSG00000203434', 'lENSG00000203469', 'lENSG00000203472', 'lENSG00000203565', 'lENSG00000203605', 'lENSG00000203864', 'lENSG00000204393', 'lENSG00000204464', 'lENSG00000205452', 'lENSG00000205500', 'lENSG00000212856', 'lENSG00000219410', 'lENSG00000221845', 'lENSG00000222000', 'lENSG00000222032', 'lENSG00000222044', 'lENSG00000223374', 'lENSG00000223381', 'lENSG00000223387', 'lENSG00000223400', 'lENSG00000223563', 'lENSG00000223598', 'lENSG00000223634', 'lENSG00000223641', 'lENSG00000223643', 'lENSG00000223647', 'lENSG00000223720', 'lENSG00000223727', 'lENSG00000223809', 'lENSG00000223831', 'lENSG00000223870', 'lENSG00000223881', 'lENSG00000223966', 'lENSG00000223993', 'lENSG00000224031', 'lENSG00000224075', 'lENSG00000224087', 'lENSG00000224095', 'lENSG00000224220', 'lENSG00000224277', 'lENSG00000224330', 'lENSG00000224384', 'lENSG00000224500', 'lENSG00000224535', 'lENSG00000224541', 'lENSG00000224549', 'lENSG00000224595', 'lENSG00000224645', 'lENSG00000224655', 'lENSG00000224794', 'lENSG00000224821', 'lENSG00000224844', 'lENSG00000224857', 'lENSG00000224885', 'lENSG00000224972', 'lENSG00000225012', 'lENSG00000225050', 'lENSG00000225129', 'lENSG00000225146', 'lENSG00000225218', 'lENSG00000225334', 'lENSG00000225378', 'lENSG00000225457', 'lENSG00000225537', 'lENSG00000225570', 'lENSG00000225647', 'lENSG00000225750', 'lENSG00000225751', 'lENSG00000225798', 'lENSG00000225886', 'lENSG00000225919', 'lENSG00000225929', 'lENSG00000226047', 'lENSG00000226089', 'lENSG00000226133', 'lENSG00000226143', 'lENSG00000226194', 'lENSG00000226238', 'lENSG00000226323', 'lENSG00000226337', 'lENSG00000226352', 'lENSG00000226398', 'lENSG00000226442', 'lENSG00000226454', 'lENSG00000226486', 'lENSG00000226508', 'lENSG00000226522', 'lENSG00000226562', 'lENSG00000226566', 'lENSG00000226576', 'lENSG00000226601', 'lENSG00000226647', 'lENSG00000226699', 'lENSG00000226770', 'lENSG00000226813', 'lENSG00000226925', 'lENSG00000226956', 'lENSG00000226957', 'lENSG00000227075', 'lENSG00000227076', 'lENSG00000227197', 'lENSG00000227330', 'lENSG00000227360', 'lENSG00000227409', 'lENSG00000227459', 'lENSG00000227482', 'lENSG00000227509', 'lENSG00000227512', 'lENSG00000227549', 'lENSG00000227579', 'lENSG00000227606', 'lENSG00000227611', 'lENSG00000227680', 'lENSG00000227716', 'lENSG00000227718', 'lENSG00000227769', 'lENSG00000227863', 'lENSG00000227893', 'lENSG00000227930', 'lENSG00000227958', 'lENSG00000227960', 'lENSG00000228028', 'lENSG00000228108', 'lENSG00000228136', 'lENSG00000228215', 'lENSG00000228231', 'lENSG00000228261', 'lENSG00000228272', 'lENSG00000228372', 'lENSG00000228383', 'lENSG00000228470', 'lENSG00000228485', 'lENSG00000228548', 'lENSG00000228596', 'lENSG00000228627', 'lENSG00000228804', 'lENSG00000228826', 'lENSG00000228939', 'lENSG00000228950', 'lENSG00000229152', 'lENSG00000229162', 'lENSG00000229167', 'lENSG00000229190', 'lENSG00000229224', 'lENSG00000229283', 'lENSG00000229331', 'lENSG00000229345', 'lENSG00000229370', 'lENSG00000229444', 'lENSG00000229487', 'lENSG00000229498', 'lENSG00000229502', 'lENSG00000229531', 'lENSG00000229673', 'lENSG00000229679', 'lENSG00000229688', 'lENSG00000229848', 'lENSG00000229851', 'lENSG00000229953', 'lENSG00000230065', 'lENSG00000230105', 'lENSG00000230109', 'lENSG00000230121', 'lENSG00000230131', 'lENSG00000230153', 'lENSG00000230155', 'lENSG00000230197', 'lENSG00000230212', 'lENSG00000230233', 'lENSG00000230234', 'lENSG00000230323', 'lENSG00000230432', 'lENSG00000230483', 'lENSG00000230499', 'lENSG00000230599', 'lENSG00000230668', 'lENSG00000230741', 'lENSG00000230759', 'lENSG00000230790', 'lENSG00000230794', 'lENSG00000230826', 'lENSG00000230830', 'lENSG00000230912', 'lENSG00000230918', 'lENSG00000230972', 'lENSG00000231081', 'lENSG00000231092', 'lENSG00000231102', 'lENSG00000231114', 'lENSG00000231143', 'lENSG00000231253', 'lENSG00000231272', 'lENSG00000231407', 'lENSG00000231413', 'lENSG00000231440', 'lENSG00000231492', 'lENSG00000231496', 'lENSG00000231539', 'lENSG00000231681', 'lENSG00000231760', 'lENSG00000231772', 'lENSG00000231781', 'lENSG00000231912', 'lENSG00000231914', 'lENSG00000231937', 'lENSG00000231953', 'lENSG00000231964', 'lENSG00000232058', 'lENSG00000232072', 'lENSG00000232086', 'lENSG00000232120', 'lENSG00000232192', 'lENSG00000232197', 'lENSG00000232252', 'lENSG00000232286', 'lENSG00000232328', 'lENSG00000232335', 'lENSG00000232359', 'lENSG00000232363', 'lENSG00000232396', 'lENSG00000232451', 'lENSG00000232464', 'lENSG00000232465', 'lENSG00000232564', 'lENSG00000232596', 'lENSG00000232604', 'lENSG00000232710', 'lENSG00000232719', 'lENSG00000232746', 'lENSG00000232806', 'lENSG00000232893', 'lENSG00000232895', 'lENSG00000232930', 'lENSG00000232939', 'lENSG00000232964', 'lENSG00000233070', 'lENSG00000233079', 'lENSG00000233178', 'lENSG00000233222', 'lENSG00000233330', 'lENSG00000233339', 'lENSG00000233407', 'lENSG00000233479', 'lENSG00000233534', 'lENSG00000233574', 'lENSG00000233613', 'lENSG00000233656', 'lENSG00000233665', 'lENSG00000233689', 'lENSG00000233706', 'lENSG00000233851', 'lENSG00000233891', 'lENSG00000233953', 'lENSG00000233960', 'lENSG00000233969', 'lENSG00000233985', 'lENSG00000234021', 'lENSG00000234055', 'lENSG00000234117', 'lENSG00000234149', 'lENSG00000234160', 'lENSG00000234172', 'lENSG00000234191', 'lENSG00000234318', 'lENSG00000234504', 'lENSG00000234567', 'lENSG00000234622', 'lENSG00000234626', 'lENSG00000234653', 'lENSG00000234690', 'lENSG00000234693', 'lENSG00000234714', 'lENSG00000234756', 'lENSG00000234860', 'lENSG00000234900', 'lENSG00000234953', 'lENSG00000234979', 'lENSG00000235011', 'lENSG00000235035', 'lENSG00000235050', 'lENSG00000235059', 'lENSG00000235086', 'lENSG00000235122', 'lENSG00000235168', 'lENSG00000235262', 'lENSG00000235435', 'lENSG00000235494', 'lENSG00000235503', 'lENSG00000235533', 'lENSG00000235628', 'lENSG00000235635', 'lENSG00000235637', 'lENSG00000235669', 'lENSG00000235786', 'lENSG00000235813', 'lENSG00000236022', 'lENSG00000236031', 'lENSG00000236065', 'lENSG00000236109', 'lENSG00000236267', 'lENSG00000236272', 'lENSG00000236324', 'lENSG00000236326', 'lENSG00000236358', 'lENSG00000236366', 'lENSG00000236414', 'lENSG00000236452', 'lENSG00000236463', 'lENSG00000236498', 'lENSG00000236559', 'lENSG00000236648', 'lENSG00000236662', 'lENSG00000236723', 'lENSG00000236744', 'lENSG00000236758', 'lENSG00000236800', 'lENSG00000236828', 'lENSG00000236854', 'lENSG00000236921', 'lENSG00000236951', 'lENSG00000236953', 'lENSG00000236975', 'lENSG00000237015', 'lENSG00000237073', 'lENSG00000237200', 'lENSG00000237293', 'lENSG00000237312', 'lENSG00000237324', 'lENSG00000237337', 'lENSG00000237373', 'lENSG00000237435', 'lENSG00000237463', 'lENSG00000237477', 'lENSG00000237494', 'lENSG00000237520', 'lENSG00000237576', 'lENSG00000237581', 'lENSG00000237670', 'lENSG00000237687', 'lENSG00000237756', 'lENSG00000237768', 'lENSG00000237919', 'lENSG00000237921', 'lENSG00000237937', 'lENSG00000237993', 'lENSG00000238131', 'lENSG00000238140', 'lENSG00000238185', 'lENSG00000238291', 'lENSG00000239314', 'lENSG00000239415', 'lENSG00000239482', 'lENSG00000239593', 'lENSG00000240354', 'lENSG00000240573', 'lENSG00000240868', 'lENSG00000241383', 'lENSG00000241397', 'lENSG00000241577', 'lENSG00000241593', 'lENSG00000241666', 'lENSG00000241985', 'lENSG00000242391', 'lENSG00000242545', 'lENSG00000242568', 'lENSG00000242618', 'lENSG00000242795', 'lENSG00000242861', 'lENSG00000243149', 'lENSG00000243230', 'lENSG00000243368', 'lENSG00000243797', 'lENSG00000243903', 'lENSG00000243961', 'lENSG00000244278', 'lENSG00000244461', 'lENSG00000244701', 'lENSG00000245148', 'lENSG00000245385', 'lENSG00000246541', 'lENSG00000247867', 'lENSG00000247925', 'lENSG00000248125', 'lENSG00000248145', 'lENSG00000248148', 'lENSG00000248172', 'lENSG00000248245', 'lENSG00000248358', 'lENSG00000248373', 'lENSG00000248397', 'lENSG00000248482', 'lENSG00000248490', 'lENSG00000248576', 'lENSG00000248627', 'lENSG00000248758', 'lENSG00000248789', 'lENSG00000248802', 'lENSG00000248925', 'lENSG00000248935', 'lENSG00000248969', 'lENSG00000248975', 'lENSG00000248995', 'lENSG00000249066', 'lENSG00000249071', 'lENSG00000249099', 'lENSG00000249111', 'lENSG00000249114', 'lENSG00000249297', 'lENSG00000249334', 'lENSG00000249382', 'lENSG00000249419', 'lENSG00000249441', 'lENSG00000249451', 'lENSG00000249474', 'lENSG00000249547', 'lENSG00000249605', 'lENSG00000249613', 'lENSG00000249697', 'lENSG00000249706', 'lENSG00000249742', 'lENSG00000249753', 'lENSG00000249782', 'lENSG00000249806', 'lENSG00000249830', 'lENSG00000249865', 'lENSG00000249892', 'lENSG00000250062', 'lENSG00000250092', 'lENSG00000250186', 'lENSG00000250195', 'lENSG00000250242', 'lENSG00000250524', 'lENSG00000250541', 'lENSG00000250626', 'lENSG00000250629', 'lENSG00000250646', 'lENSG00000250657', 'lENSG00000250665', 'lENSG00000250698', 'lENSG00000250761', 'lENSG00000250791', 'lENSG00000250820', 'lENSG00000250855', 'lENSG00000250865', 'lENSG00000250866', 'lENSG00000250917', 'lENSG00000250945', 'lENSG00000250949', 'lENSG00000250950', 'lENSG00000250955', 'lENSG00000250993', 'lENSG00000251059', 'lENSG00000251072', 'lENSG00000251088', 'lENSG00000251185', 'lENSG00000251194', 'lENSG00000251256', 'lENSG00000251266', 'lENSG00000251281', 'lENSG00000251283', 'lENSG00000251412', 'lENSG00000251414', 'lENSG00000251438', 'lENSG00000253134', 'lENSG00000253142', 'lENSG00000253147', 'lENSG00000253167', 'lENSG00000253189', 'lENSG00000253282', 'lENSG00000253356', 'lENSG00000253449', 'lENSG00000253456', 'lENSG00000253503', 'lENSG00000253507', 'lENSG00000253526', 'lENSG00000253539', 'lENSG00000253577', 'lENSG00000253616', 'lENSG00000253619', 'lENSG00000253627', 'lENSG00000253643', 'lENSG00000253645', 'lENSG00000253660', 'lENSG00000253665', 'lENSG00000253717', 'lENSG00000253722', 'lENSG00000253754', 'lENSG00000253782', 'lENSG00000253834', 'lENSG00000253851', 'lENSG00000253858', 'lENSG00000253865', 'lENSG00000253871', 'lENSG00000253875', 'lENSG00000253880', 'lENSG00000253927', 'lENSG00000253947', 'lENSG00000253976', 'lENSG00000254011', 'lENSG00000254021', 'lENSG00000254031', 'lENSG00000254033', 'lENSG00000254035', 'lENSG00000254043', 'lENSG00000254094', 'lENSG00000254123', 'lENSG00000254141', 'lENSG00000254171', 'lENSG00000254207', 'lENSG00000254263', 'lENSG00000254314', 'lENSG00000254325', 'lENSG00000254330', 'lENSG00000254380', 'lENSG00000254428', 'lENSG00000254429', 'lENSG00000254456', 'lENSG00000254516', 'lENSG00000254526', 'lENSG00000254559', 'lENSG00000254563', 'lENSG00000254574', 'lENSG00000254592', 'lENSG00000254604', 'lENSG00000254620', 'lENSG00000254626', 'lENSG00000254627', 'lENSG00000254689', 'lENSG00000254739', 'lENSG00000254775', 'lENSG00000254787', 'lENSG00000254829', 'lENSG00000254842', 'lENSG00000254846', 'lENSG00000254847', 'lENSG00000254864', 'lENSG00000254879', 'lENSG00000254913', 'lENSG00000254921', 'lENSG00000254928', 'lENSG00000254930', 'lENSG00000254972', 'lENSG00000254983', 'lENSG00000254990', 'lENSG00000255027', 'lENSG00000255039', 'lENSG00000255041', 'lENSG00000255084', 'lENSG00000255121', 'lENSG00000255159', 'lENSG00000255227', 'lENSG00000255241', 'lENSG00000255247', 'lENSG00000255252', 'lENSG00000255300', 'lENSG00000255327', 'lENSG00000255343', 'lENSG00000255357', 'lENSG00000255366', 'lENSG00000255375', 'lENSG00000255388', 'lENSG00000255390', 'lENSG00000255462', 'lENSG00000255478', 'lENSG00000255482', 'lENSG00000255487', 'lENSG00000255496', 'lENSG00000255498', 'lENSG00000255506', 'lENSG00000255523', 'lENSG00000255528', 'lENSG00000255539', 'lENSG00000255555', 'lENSG00000255565', 'lENSG00000255572', 'lENSG00000255580', 'lENSG00000255808', 'lENSG00000255839', 'lENSG00000255893', 'lENSG00000255949', 'lENSG00000256007', 'lENSG00000256071', 'lENSG00000256072', 'lENSG00000256083', 'lENSG00000256209', 'lENSG00000256226', 'lENSG00000256234', 'lENSG00000256292', 'lENSG00000256314', 'lENSG00000256364', 'lENSG00000256448', 'lENSG00000256452', 'lENSG00000256484', 'lENSG00000256568', 'lENSG00000256582', 'lENSG00000256670', 'lENSG00000256897', 'lENSG00000256972', 'lENSG00000257004', 'lENSG00000257022', 'lENSG00000257105', 'lENSG00000257137', 'lENSG00000257165', 'lENSG00000257235', 'lENSG00000257261', 'lENSG00000257264', 'lENSG00000257265', 'lENSG00000257271', 'lENSG00000257275', 'lENSG00000257342', 'lENSG00000257381', 'lENSG00000257407', 'lENSG00000257470', 'lENSG00000257488', 'lENSG00000257494', 'lENSG00000257500', 'lENSG00000257527', 'lENSG00000257541', 'lENSG00000257587', 'lENSG00000257634', 'lENSG00000257653', 'lENSG00000257682', 'lENSG00000257732', 'lENSG00000257750', 'lENSG00000257764', 'lENSG00000257787', 'lENSG00000257860', 'lENSG00000257904', 'lENSG00000257925', 'lENSG00000257997', 'lENSG00000258007', 'lENSG00000258044', 'lENSG00000258084', 'lENSG00000258108', 'lENSG00000258167', 'lENSG00000258185', 'lENSG00000258210', 'lENSG00000258220', 'lENSG00000258234', 'lENSG00000258272', 'lENSG00000258292', 'lENSG00000258312', 'lENSG00000258313', 'lENSG00000258323', 'lENSG00000258331', 'lENSG00000258378', 'lENSG00000258379', 'lENSG00000258390', 'lENSG00000258394', 'lENSG00000258425', 'lENSG00000258451', 'lENSG00000258460', 'lENSG00000258515', 'lENSG00000258516', 'lENSG00000258520', 'lENSG00000258610', 'lENSG00000258657', 'lENSG00000258670', 'lENSG00000258690', 'lENSG00000258695', 'lENSG00000258698', 'lENSG00000258742', 'lENSG00000258784', 'lENSG00000258800', 'lENSG00000258824', 'lENSG00000258826', 'lENSG00000258829', 'lENSG00000258850', 'lENSG00000258869', 'lENSG00000258892', 'lENSG00000258904', 'lENSG00000258908', 'lENSG00000258944', 'lENSG00000258958', 'lENSG00000259007', 'lENSG00000259026', 'lENSG00000259187', 'lENSG00000259194', 'lENSG00000259202', 'lENSG00000259211', 'lENSG00000259223', 'lENSG00000259250', 'lENSG00000259256', 'lENSG00000259265', 'lENSG00000259268', 'lENSG00000259290', 'lENSG00000259294', 'lENSG00000259307', 'lENSG00000259342', 'lENSG00000259351', 'lENSG00000259352', 'lENSG00000259360', 'lENSG00000259385', 'lENSG00000259432', 'lENSG00000259503', 'lENSG00000259544', 'lENSG00000259595', 'lENSG00000259631', 'lENSG00000259649', 'lENSG00000259659', 'lENSG00000259678', 'lENSG00000259759', 'lENSG00000259798', 'lENSG00000259805', 'lENSG00000259935', 'lENSG00000259945', 'lENSG00000259955', 'lENSG00000259967', 'lENSG00000260003', 'lENSG00000260017', 'lENSG00000260022', 'lENSG00000260058', 'lENSG00000260158', 'lENSG00000260186', 'lENSG00000260190', 'lENSG00000260237', 'lENSG00000260246', 'lENSG00000260454', 'lENSG00000260605', 'lENSG00000260626', 'lENSG00000260659', 'lENSG00000260720', 'lENSG00000260773', 'lENSG00000260798', 'lENSG00000260814', 'lENSG00000260884', 'lENSG00000260911', 'lENSG00000260970', 'lENSG00000260999', 'lENSG00000261014', 'lENSG00000261036', 'lENSG00000261065', 'lENSG00000261066', 'lENSG00000261070', 'lENSG00000261243', 'lENSG00000261248', 'lENSG00000261261', 'lENSG00000261266', 'lENSG00000261307', 'lENSG00000261332', 'lENSG00000261379', 'lENSG00000261432', 'lENSG00000261475', 'lENSG00000261523', 'lENSG00000261552', 'lENSG00000261569', 'lENSG00000261633', 'lENSG00000261663', 'lENSG00000261695', 'lENSG00000261697', 'lENSG00000261723', 'lENSG00000261729', 'lENSG00000261731', 'lENSG00000261838', 'lENSG00000261864', 'lENSG00000262151', 'lENSG00000262298', 'lENSG00000262434', 'lENSG00000262533', 'lENSG00000262652', 'lENSG00000262692', 'lENSG00000262777', 'lENSG00000262810', 'lENSG00000262815', 'lENSG00000263080', 'lENSG00000263237', 'lENSG00000263257', 'lENSG00000263300', 'lENSG00000263321', 'lENSG00000263335', 'lENSG00000263417', 'lENSG00000263466', 'lENSG00000263585', 'lENSG00000263594', 'lENSG00000263618', 'lENSG00000263684', 'lENSG00000263709', 'lENSG00000263765', 'lENSG00000263797', 'lENSG00000263847', 'lENSG00000263873', 'lENSG00000263952', 'lENSG00000264016', 'lENSG00000264023', 'lENSG00000264066', 'lENSG00000264107', 'lENSG00000264116', 'lENSG00000264151', 'lENSG00000264254', 'lENSG00000264269', 'lENSG00000264486', 'lENSG00000264513', 'lENSG00000264520', 'lENSG00000264546', 'lENSG00000264558', 'lENSG00000264577', 'lENSG00000264595', 'lENSG00000264622', 'lENSG00000264734', 'lENSG00000264769', 'lENSG00000264825', 'lENSG00000264924', 'lENSG00000265125', 'lENSG00000265168', 'lENSG00000265205', 'lENSG00000265265', 'lENSG00000265334', 'lENSG00000265359', 'lENSG00000265400', 'lENSG00000265474', 'lENSG00000265554', 'lENSG00000265625', 'lENSG00000265643', 'lENSG00000265739', 'lENSG00000265743', 'lENSG00000265791', 'lENSG00000265800', 'lENSG00000265840', 'lENSG00000265844', 'lENSG00000265987', 'lENSG00000265994', 'lENSG00000266102', 'lENSG00000266153', 'lENSG00000266311', 'lENSG00000266341', 'lENSG00000266368', 'lENSG00000266397', 'lENSG00000266535', 'lENSG00000266538', 'lENSG00000266541', 'lENSG00000266651', 'lENSG00000266696', 'lENSG00000266801', 'lENSG00000266839', 'lENSG00000266844', 'lENSG00000266877', 'lENSG00000266936', 'lENSG00000266981', 'lENSG00000266985', 'lENSG00000266993', 'lENSG00000267000', 'lENSG00000267028', 'lENSG00000267063', 'lENSG00000267177', 'lENSG00000267225', 'lENSG00000267234', 'lENSG00000267255', 'lENSG00000267263', 'lENSG00000267286', 'lENSG00000267320', 'lENSG00000267341', 'lENSG00000267354', 'lENSG00000267364', 'lENSG00000267378', 'lENSG00000267387', 'lENSG00000267436', 'lENSG00000267437', 'lENSG00000267501', 'lENSG00000267510', 'lENSG00000267543', 'lENSG00000267583', 'lENSG00000267593', 'lENSG00000267615', 'lENSG00000267617', 'lENSG00000267633', 'lENSG00000267638', 'lENSG00000267665', 'lENSG00000267711', 'lENSG00000267791', 'lENSG00000267838', 'lENSG00000267922', 'lENSG00000267980', 'lENSG00000268015', 'lENSG00000268049', 'lENSG00000268051', 'lENSG00000268069', 'lENSG00000268078', 'lENSG00000268191', 'lENSG00000268203', 'lENSG00000268240', 'lENSG00000268289', 'lENSG00000268292', 'lENSG00000268520', 'lENSG00000268605', 'lENSG00000268734', 'lENSG00000268798', 'lENSG00000268833', 'lENSG00000268906', 'lENSG00000268912', 'lENSG00000268981', 'lENSG00000269044', 'lENSG00000269085', 'lENSG00000269145', 'lENSG00000269191', 'lENSG00000269292', 'lENSG00000269321', 'lENSG00000269350', 'lENSG00000269495', 'lENSG00000269578', 'lENSG00000269621', 'lENSG00000269656', 'lENSG00000269729', 'lENSG00000269802', 'lENSG00000269826', 'lENSG00000269843', 'lENSG00000269867', 'lENSG00000269901', 'lENSG00000269950', 'lENSG00000269987', 'lENSG00000270082', 'lENSG00000270094', 'lENSG00000270108', 'lENSG00000270380', 'lENSG00000270726', 'lENSG00000270871', 'lENSG00000270996', 'lENSG00000271032', 'lENSG00000271218', 'lENSG00000271314', 'lENSG00000271579', 'lENSG00000271763', 'lENSG00000271787', 'lENSG00000271833', 'lENSG00000271901', 'lENSG00000271936', 'lENSG00000271945', 'lENSG00000271983', 'lENSG00000272027', 'lENSG00000272072', 'lENSG00000272149', 'lENSG00000272159', 'lENSG00000272338', 'lENSG00000272510', 'lENSG00000272540', 'lENSG00000272575', 'lENSG00000272642', 'lENSG00000272661', 'lENSG00000272742', 'lENSG00000272810', 'lENSG00000272814', 'lENSG00000272866', 'lENSG00000273035', 'lENSG00000273110', 'lENSG00000273198', 'lENSG00000273226', 'lENSG00000273257', 'lENSG00000273271', 'lENSG00000273275', 'lENSG00000273360', 'lENSG00000273461', 'lENSG00000273485', 'lENSG00000273493', 'lENSG00000273550', 'lENSG00000273568', 'lENSG00000273838', 'lENSG00000273877', 'lENSG00000273919', 'lENSG00000274177', 'lENSG00000274561', 'lENSG00000274624', 'lENSG00000274678', 'lENSG00000274737', 'lENSG00000274863', 'lENSG00000274893', 'lENSG00000275173', 'lENSG00000275345', 'lENSG00000275356', 'lENSG00000275401', 'lENSG00000275484', 'lENSG00000275576', 'lENSG00000275638', 'lENSG00000275963', 'lENSG00000276054', 'lENSG00000276107', 'lENSG00000276266', 'lENSG00000276488', 'lENSG00000276527', 'lENSG00000276668', 'lENSG00000276997', 'lENSG00000277173', 'lENSG00000277639', 'lENSG00000277675', 'lENSG00000278000', 'lENSG00000278013', 'lENSG00000278202', 'lENSG00000278351', 'lENSG00000278630', 'lENSG00000278766', 'lENSG00000279088', 'lENSG00000279240', 'lENSG00000279484', 'lENSG00000279501', 'lENSG00000279623', 'lENSG00000279687', 'lENSG00000279751', 'lENSG00000279920', 'lENSG00000280206', 'lENSG00000280224', 'lENSG00000280455', 'lENSG00000280703', 'lENSG00000280870', 'lENSG00000280881', 'lENSG00000281021', 'lENSG00000281831', 'lENSG00000282478', 'lENSG00000282828', 'lENSG00000282950', 'lENSG00000283083', 'lENSG00000283286', 'lENSG00000283347', 'lENSG00000283375', 'lENSG00000283436', 'lENSG00000283457', 'lENSG00000283573', 'lENSG00000283631', 'lENSG00000283766', 'lENSG00000284376', 'lENSG00000284418', 'lENSG00000284500', 'lENSG00000284513', 'lENSG00000284608', 'lENSG00000284699', 'lENSG00000284846', 'lENSG00000285012', 'lENSG00000285040', 'lENSG00000285117', 'lENSG00000285325', 'lENSG00000285354', 'lENSG00000285409', 'lENSG00000285473', 'lENSG00000285518', 'lENSG00000285524', 'lENSG00000285550', 'lENSG00000285551', 'lENSG00000285619', 'lENSG00000285621', 'lENSG00000285654', 'lENSG00000285699', 'lENSG00000285709', 'lENSG00000285780', 'lENSG00000285857', 'lENSG00000285861', 'lENSG00000285889', 'lENSG00000285954', 'lENSG00000285998', 'lENSG00000286002', 'lENSG00000286010', 'lENSG00000286018', 'lENSG00000286020', 'lENSG00000286050', 'lENSG00000286089', 'lENSG00000286093', 'lENSG00000286101', 'lENSG00000286188', 'lENSG00000286194', 'lENSG00000286197', 'lENSG00000286206', 'lENSG00000286242', 'lENSG00000286244', 'lENSG00000286276', 'lENSG00000286303', 'lENSG00000286331', 'lENSG00000286333', 'lENSG00000286338', 'lENSG00000286357', 'lENSG00000286419', 'lENSG00000286430', 'lENSG00000286441', 'lENSG00000286453', 'lENSG00000286474', 'lENSG00000286515', 'lENSG00000286578', 'lENSG00000286581', 'lENSG00000286584', 'lENSG00000286588', 'lENSG00000286598', 'lENSG00000286617', 'lENSG00000286645', 'lENSG00000286670', 'lENSG00000286689', 'lENSG00000286690', 'lENSG00000286698', 'lENSG00000286715', 'lENSG00000286716', 'lENSG00000286722', 'lENSG00000286735', 'lENSG00000286738', 'lENSG00000286740', 'lENSG00000286751', 'lENSG00000286759', 'lENSG00000286767', 'lENSG00000286770', 'lENSG00000286776', 'lENSG00000286781', 'lENSG00000286795', 'lENSG00000286803', 'lENSG00000286820', 'lENSG00000286822', 'lENSG00000286838', 'lENSG00000286843', 'lENSG00000286850', 'lENSG00000286887', 'lENSG00000286908', 'lENSG00000286963', 'lENSG00000287005', 'lENSG00000287006', 'lENSG00000287020', 'lENSG00000287028', 'lENSG00000287030', 'lENSG00000287066', 'lENSG00000287094', 'lENSG00000287107', 'lENSG00000287108', 'lENSG00000287128', 'lENSG00000287155', 'lENSG00000287159', 'lENSG00000287191', 'lENSG00000287198', 'lENSG00000287202', 'lENSG00000287213', 'lENSG00000287236', 'lENSG00000287270', 'lENSG00000287285', 'lENSG00000287321', 'lENSG00000287335', 'lENSG00000287358', 'lENSG00000287359', 'lENSG00000287366', 'lENSG00000287367', 'lENSG00000287381', 'lENSG00000287423', 'lENSG00000287441', 'lENSG00000287451', 'lENSG00000287456', 'lENSG00000287462', 'lENSG00000287501', 'lENSG00000287511', 'lENSG00000287517', 'lENSG00000287518', 'lENSG00000287545', 'lENSG00000287550', 'lENSG00000287551', 'lENSG00000287556', 'lENSG00000287587', 'lENSG00000287618', 'lENSG00000287660', 'lENSG00000287664', 'lENSG00000287684', 'lENSG00000287691', 'lENSG00000287704', 'lENSG00000214955', 'lENSG00000223379', 'lENSG00000223795', 'lENSG00000224884', 'lENSG00000225393', 'lENSG00000225836', 'lENSG00000228255', 'lENSG00000228538', 'lENSG00000229454', 'lENSG00000229458', 'lENSG00000229628', 'lENSG00000229964', 'lENSG00000230600', 'lENSG00000230649', 'lENSG00000231212', 'lENSG00000231616', 'lENSG00000232056', 'lENSG00000232636', 'lENSG00000233200', 'lENSG00000233987', 'lENSG00000234083', 'lENSG00000234810', 'lENSG00000234998', 'lENSG00000235337', 'lENSG00000235795', 'lENSG00000236453', 'lENSG00000239801', 'lENSG00000241792', 'lENSG00000242375', 'lENSG00000244620', 'lENSG00000247810', 'lENSG00000248359', 'lENSG00000248991', 'lENSG00000250481', 'lENSG00000250567', 'lENSG00000250670', 'lENSG00000250686', 'lENSG00000250777', 'lENSG00000250948', 'lENSG00000251654', 'lENSG00000253766', 'lENSG00000254306', 'lENSG00000254927', 'lENSG00000255279', 'lENSG00000255644', 'lENSG00000256686', 'lENSG00000257603', 'lENSG00000257715', 'lENSG00000257962', 'lENSG00000258088', 'lENSG00000258196', 'lENSG00000258386', 'lENSG00000258949', 'lENSG00000259123', 'lENSG00000259209', 'lENSG00000259222', 'lENSG00000259244', 'lENSG00000259255', 'lENSG00000259274', 'lENSG00000259306', 'lENSG00000259407', 'lENSG00000260511', 'lENSG00000260983', 'lENSG00000261193', 'lENSG00000261445', 'lENSG00000261470', 'lENSG00000261775', 'lENSG00000264660', 'lENSG00000265174', 'lENSG00000266893', 'lENSG00000267081', 'lENSG00000267521', 'lENSG00000267581', 'lENSG00000269391', 'lENSG00000269460', 'lENSG00000272304', 'lENSG00000273138', 'lENSG00000273403', 'lENSG00000273486', 'lENSG00000274902', 'lENSG00000275232', 'lENSG00000278514', 'lENSG00000279672', 'lENSG00000282887', 'lENSG00000286164', 'lENSG00000226032', 'lENSG00000235736', 'lENSG00000251613', 'lENSG00000263316', 'lENSG00000260141', 'lENSG00000271870', 'lENSG00000272934', 'lENSG00000265556', 'lENSG00000271840', 'lENSG00000281408', 'lENSG00000268166', 'lALG13-AS1', 'lDGUOK-AS1', 'lDSCR8', 'lMIR145', 'lMIR3179-2', 'lMIR3654', 'lACA64', 'lCDKN2B-AS', 'lC3orf65']","[1.0, 1.0, 0.0, 0.0, 1.0, 1.0, 0.0, 1.0, 0.0, 1.0, 1.0, 1.0, 1.0, 0.0, 1.0, 1.0, 0.0, 0.0, 0.0, 0.0, 1.0, 1.0, 0.0, 0.0, 1.0, 0.0, 1.0, 0.0, 1.0, 0.0, 1.0, 0.0, 0.0, 0.0, 0.0, 0.0, 1.0, 1.0, 0.0, 0.0, 0.0, 1.0, 1.0, 0.0, 1.0, 1.0, 0.0, 1.0, 1.0, 0.0, 1.0, 0.0, 1.0, 0.0, 1.0, 0.0, 1.0, 1.0, 1.0, 1.0, 0.0, 0.0, 0.0, 1.0, 1.0, 1.0, 1.0, 1.0, 1.0, 0.0, 0.0, 1.0, 1.0, 0.0, 1.0, 0.0, 1.0, 1.0, 0.0, 0.0, 1.0, 1.0, 1.0, 0.0, 1.0, 1.0, 0.0, 0.0, 1.0, 0.0, 0.0, 0.0, 0.0, 0.0, 1.0, 1.0, 1.0, 0.0, 0.0, 0.0, 1.0, 1.0, 0.0, 1.0, 0.0, 1.0, 0.0, 1.0, 0.0, 0.0, 0.0, 1.0, 1.0, 0.0, 0.0, 1.0, 1.0, 0.0, 0.0, 1.0, 1.0, 1.0, 0.0, 0.0, 1.0, 0.0, 1.0, 0.0, 0.0, 0.0, 0.0, 1.0, 1.0, 0.0, 0.0, 1.0, 0.0, 1.0, 1.0, 1.0, 1.0, 1.0, 0.0, 0.0, 0.0, 0.0, 1.0, 0.0, 0.0, 0.0, 1.0, 1.0, 1.0, 1.0, 0.0, 1.0, 0.0, 1.0, 0.0, 0.0, 0.0, 1.0, 0.0, 1.0, 1.0, 1.0, 0.0, 0.0, 0.0, 1.0, 1.0, 1.0, 0.0, 0.0, 0.0, 1.0, 0.0, 0.0, 0.0, 0.0, 0.0, 0.0, 1.0, 0.0, 1.0, 0.0, 0.0, 0.0, 1.0, 1.0, 0.0, 1.0, 0.0, 0.0, 1.0, 1.0, 1.0, 1.0, 0.0, 1.0, 0.0, 0.0, 0.0, 0.0, 0.0, 1.0, 1.0, 0.0, 0.0, 1.0, 1.0, 1.0, 1.0, 1.0, 0.0, 0.0, 1.0, 1.0, 0.0, 1.0, 1.0, 0.0, 1.0, 1.0, 0.0, 1.0, 0.0, 0.0, 0.0, 1.0, 1.0, 0.0, 1.0, 0.0, 0.0, 0.0, 0.0, 1.0, 0.0, 1.0, 1.0, 0.0, 1.0, 1.0, 0.0, 0.0, 1.0, 1.0, 0.0, 0.0, 1.0, 0.0, 0.0, 1.0, 0.0, 1.0, 1.0, 1.0, 0.0, 1.0, 0.0, 1.0, 1.0, 0.0, 0.0, 1.0, 0.0, 0.0, 1.0, 1.0, 0.0, 1.0, 1.0, 1.0, 1.0, 0.0, 1.0, 1.0, 0.0, 1.0, 0.0, 1.0, 0.0, 1.0, 0.0, 1.0, 0.0, 1.0, 1.0, 1.0, 0.0, 1.0, 1.0, 1.0, 1.0, 0.0, 1.0, 1.0, 0.0, 0.0, 0.0, 1.0, 1.0, 1.0, 1.0, 0.0, 1.0, 0.0, 0.0, 0.0, 1.0, 1.0, 0.0, 0.0, 0.0, 1.0, 1.0, 1.0, 1.0, 1.0, 1.0, 0.0, 1.0, 0.0, 0.0, 0.0, 1.0, 1.0, 1.0, 1.0, 0.0, 1.0, 0.0, 1.0, 0.0, 0.0, 1.0, 0.0, 1.0, 0.0, 1.0, 1.0, 1.0, 0.0, 0.0, 1.0, 1.0, 1.0, 1.0, 0.0, 1.0, 1.0, 1.0, 1.0, 0.0, 0.0, 0.0, 0.0, 1.0, 0.0, 1.0, 1.0, 0.0, 0.0, 1.0, 1.0, 1.0, 0.0, 1.0, 0.0, 0.0, 0.0, 0.0, 1.0, 0.0, 1.0, 0.0, 1.0, 0.0, 0.0, 1.0, 0.0, 1.0, 0.0, 0.0, 1.0, 1.0, 0.0, 1.0, 0.0, 0.0, 1.0, 0.0, 1.0, 0.0, 0.0, 0.0, 0.0, 0.0, 0.0, 0.0, 0.0, 1.0, 0.0, 0.0, 0.0, 1.0, 0.0, 1.0, 0.0, 1.0, 1.0, 0.0, 0.0, 1.0, 0.0, 0.0, 0.0, 1.0, 1.0, 0.0, 1.0, 0.0, 0.0, 1.0, 1.0, 1.0, 0.0, 1.0, 0.0, 1.0, 1.0, 1.0, 0.0, 0.0, 0.0, 1.0, 1.0, 1.0, 0.0, 0.0, 1.0, 1.0, 0.0, 1.0, 0.0, 0.0, 1.0, 1.0, 0.0, 1.0, 0.0, 1.0, 1.0, 0.0, 1.0, 1.0, 1.0, 1.0, 1.0, 1.0, 1.0, 1.0, 0.0, 1.0, 1.0, 1.0, 1.0, 1.0, 0.0, 0.0, 1.0, 1.0, 1.0, 0.0, 1.0, 1.0, 0.0, 1.0, 0.0, 1.0, 1.0, 1.0, 0.0, 1.0, 0.0, 0.0, 0.0, 1.0, 1.0, 1.0, 1.0, 1.0, 1.0, 0.0, 1.0, 1.0, 0.0, 1.0, 0.0, 1.0, 0.0, 1.0, 1.0, 1.0, 1.0, 1.0, 1.0, 1.0, 0.0, 0.0, 0.0, 1.0, 1.0, 1.0, 1.0, 1.0, 1.0, 1.0, 0.0, 0.0, 0.0, 0.0, 1.0, 1.0, 1.0, 0.0, 0.0, 1.0, 0.0, 1.0, 0.0, 1.0, 1.0, 0.0, 1.0, 0.0, 1.0, 0.0, 0.0, 1.0, 0.0, 1.0, 1.0, 0.0, 1.0, 0.0, 1.0, 1.0, 0.0, 1.0, 0.0, 1.0, 0.0, 1.0, 0.0, 0.0, 0.0, 0.0, 1.0, 0.0, 0.0, 1.0, 0.0, 0.0, 1.0, 0.0, 1.0, 1.0, 0.0, 0.0, 1.0, 1.0, 1.0, 1.0, 1.0, 1.0, 1.0, 1.0, 0.0, 1.0, 0.0, 1.0, 0.0, 0.0, 1.0, 0.0, 0.0, 0.0, 1.0, 0.0, 1.0, 1.0, 0.0, 0.0, 1.0, 1.0, 1.0, 1.0, 1.0, 1.0, 1.0, 0.0, 1.0, 1.0, 0.0, 1.0, 1.0, 1.0, 1.0, 1.0, 0.0, 0.0, 1.0, 0.0, 1.0, 0.0, 0.0, 1.0, 1.0, 1.0, 1.0, 0.0, 1.0, 1.0, 0.0, 0.0, 1.0, 0.0, 0.0, 0.0, 1.0, 1.0, 1.0, 1.0, 0.0, 1.0, 1.0, 0.0, 1.0, 1.0, 0.0, 0.0, 1.0, 1.0, 1.0, 1.0, 0.0, 0.0, 0.0, 0.0, 0.0, 0.0, 1.0, 1.0, 0.0, 0.0, 0.0, 0.0, 1.0, 1.0, 1.0, 0.0, 0.0, 0.0, 1.0, 0.0, 0.0, 1.0, 0.0, 0.0, 0.0, 0.0, 1.0, 1.0, 1.0, 1.0, 1.0, 0.0, 0.0, 0.0, 0.0, 0.0, 0.0, 0.0, 1.0, 0.0, 0.0, 0.0, 1.0, 1.0, 0.0, 0.0, 0.0, 0.0, 0.0, 0.0, 1.0, 0.0, 0.0, 0.0, 1.0, 1.0, 1.0, 0.0, 0.0, 1.0, 1.0, 0.0, 0.0, 1.0, 1.0, 1.0, 1.0, 0.0, 0.0, 0.0, 0.0, 1.0, 1.0, 1.0, 0.0, 0.0, 0.0, 1.0, 0.0, 0.0, 0.0, 1.0, 0.0, 1.0, 0.0, 0.0, 1.0, 0.0, 0.0, 1.0, 0.0, 0.0, 1.0, 1.0, 1.0, 1.0, 1.0, 0.0, 0.0, 1.0, 0.0, 0.0, 0.0, 1.0, 1.0, 0.0, 1.0, 0.0, 1.0, 1.0, 0.0, 0.0, 0.0, 1.0, 0.0, 0.0, 0.0, 1.0, 1.0, 0.0, 1.0, 1.0, 1.0, 0.0, 0.0, 0.0, 1.0, 1.0, 0.0, 1.0, 0.0, 0.0, 0.0, 1.0, 1.0, 0.0, 1.0, 0.0, 1.0, 0.0, 0.0, 1.0, 1.0, 0.0, 0.0, 1.0, 0.0, 1.0, 1.0, 1.0, 1.0, 0.0, 0.0, 0.0, 1.0, 0.0, 0.0, 1.0, 1.0, 0.0, 0.0, 0.0, 1.0, 0.0, 0.0, 1.0, 1.0, 1.0, 0.0, 1.0, 0.0, 1.0, 1.0, 0.0, 1.0, 0.0, 1.0, 1.0, 1.0, 0.0, 1.0, 0.0, 1.0, 1.0, 0.0, 1.0, 0.0, 1.0, 1.0, 0.0, 0.0, 1.0, 0.0, 0.0, 0.0, 0.0, 0.0, 0.0, 0.0, 0.0, 0.0, 0.0, 0.0, 1.0, 1.0, 1.0, 1.0, 0.0, 0.0, 0.0, 1.0, 1.0, 1.0, 1.0, 1.0, 0.0, 0.0, 1.0, 0.0, 0.0, 1.0, 0.0, 0.0, 1.0, 1.0, 1.0, 0.0, 0.0, 0.0, 0.0, 0.0, 1.0, 0.0, 0.0, 0.0, 1.0, 1.0, 1.0, 0.0, 1.0, 0.0, 0.0, 1.0, 1.0, 0.0, 1.0, 0.0, 1.0, 0.0, 1.0, 0.0, 0.0, 0.0, 1.0, 0.0, 0.0, 1.0, 1.0, 0.0, 0.0, 1.0, 1.0, 0.0, 0.0, 1.0, 1.0, 1.0, 0.0, 0.0, 1.0, 1.0, 1.0, 1.0, 1.0, 0.0, 1.0, 0.0, 1.0, 0.0, 0.0, 1.0, 1.0, 1.0, 0.0, 1.0, 1.0, 0.0, 0.0, 1.0, 0.0, 0.0, 1.0, 0.0, 1.0, 1.0, 0.0, 1.0, 1.0, 1.0, 0.0, 0.0, 0.0, 1.0, 1.0, 0.0, 0.0, 0.0, 0.0, 1.0, 1.0, 1.0, 1.0, 1.0, 0.0, 0.0, 1.0, 1.0, 0.0, 1.0, 1.0, 1.0, 0.0, 1.0, 1.0, 0.0, 0.0, 0.0, 1.0, 1.0, 1.0, 0.0, 1.0, 1.0, 0.0, 1.0, 0.0, 0.0, 0.0, 1.0, 1.0, 1.0, 0.0, 0.0, 1.0, 0.0, 1.0, 1.0, 1.0, 1.0, 0.0, 1.0, 0.0, 0.0, 0.0, 0.0, 1.0, 1.0, 0.0, 0.0, 1.0, 1.0, 0.0, 1.0, 0.0, 0.0, 0.0, 0.0, 0.0, 0.0, 1.0, 0.0, 0.0, 1.0, 1.0, 1.0, 0.0, 1.0, 1.0, 1.0, 0.0, 1.0, 1.0, 1.0, 0.0, 0.0, 1.0, 1.0, 0.0, 1.0, 0.0, 0.0, 0.0, 0.0, 1.0, 0.0, 0.0, 0.0, 0.0, 1.0, 0.0, 1.0, 1.0, 0.0, 1.0, 1.0, 0.0, 0.0, 0.0, 1.0, 0.0, 1.0, 1.0, 1.0, 0.0, 0.0, 1.0, 0.0, 0.0, 0.0, 1.0, 0.0, 1.0, 1.0, 0.0, 1.0, 1.0, 0.0, 0.0, 1.0, 0.0, 0.0, 0.0, 0.0, 0.0, 1.0, 0.0, 1.0, 0.0, 0.0, 0.0, 0.0, 1.0, 1.0, 1.0, 0.0, 0.0, 1.0, 1.0, 0.0, 1.0, 1.0, 0.0, 0.0, 1.0, 0.0, 0.0, 0.0, 0.0, 0.0, 1.0, 0.0, 1.0, 1.0, 0.0, 0.0, 0.0, 0.0, 0.0, 0.0, 1.0, 1.0, 0.0, 1.0, 1.0, 0.0, 0.0, 0.0, 0.0, 0.0, 0.0, 0.0, 0.0, 1.0, 0.0, 0.0, 0.0, 0.0, 0.0, 0.0, 1.0, 1.0, 0.0, 1.0, 0.0, 1.0, 1.0, 0.0, 0.0, 0.0, 1.0, 0.0, 1.0, 0.0, 0.0, 1.0, 0.0, 0.0, 1.0, 1.0, 0.0, 0.0, 0.0, 1.0, 0.0, 1.0, 1.0, 1.0, 1.0, 0.0, 0.0, 0.0, 1.0, 1.0, 1.0, 1.0, 1.0, 1.0, 0.0, 1.0, 0.0, 0.0, 0.0, 1.0, 0.0, 1.0, 1.0, 1.0, 1.0, 1.0, 1.0, 1.0, 0.0, 1.0, 0.0, 0.0, 1.0, 1.0, 0.0, 0.0, 0.0, 0.0, 0.0, 1.0, 1.0, 1.0, 0.0, 1.0, 1.0, 0.0, 1.0, 1.0, 1.0, 0.0, 1.0, 1.0, 0.0, 0.0, 0.0, 1.0, 1.0, 0.0, 0.0, 0.0, 1.0, 0.0, 0.0, 1.0, 1.0, 0.0, 0.0, 0.0, 1.0, 0.0, 0.0, 0.0, 0.0, 1.0, 0.0, 0.0, 0.0, 0.0, 1.0, 1.0, 0.0, 1.0, 0.0, 1.0, 1.0, 0.0, 1.0, 0.0, 1.0, 0.0, 0.0, 1.0, 1.0, 0.0, 0.0, 1.0, 0.0, 0.0, 1.0, 0.0, 0.0, 1.0, 1.0, 1.0, 1.0, 1.0, 0.0, 0.0, 1.0, 0.0, 1.0, 1.0, 1.0, 0.0, 1.0, 0.0, 0.0, 0.0, 1.0, 1.0, 1.0, 0.0, 1.0, 0.0, 0.0, 1.0, 1.0, 0.0, 1.0, 0.0, 1.0, 0.0, 1.0, 1.0, 1.0, 1.0, 1.0, 1.0, 0.0, 1.0, 1.0, 1.0, 0.0, 1.0, 1.0, 1.0, 1.0, 0.0, 0.0, 1.0, 0.0, 1.0, 1.0, 0.0, 0.0, 0.0, 0.0, 0.0, 1.0, 0.0, 1.0, 1.0, 1.0, 1.0, 0.0, 0.0, 1.0, 1.0, 0.0, 1.0, 1.0, 1.0, 0.0, 0.0, 1.0, 1.0, 0.0, 1.0, 0.0, 0.0, 0.0, 0.0, 1.0, 0.0, 1.0, 0.0, 1.0, 1.0, 1.0, 0.0, 1.0, 0.0, 0.0, 0.0, 0.0, 0.0, 1.0, 1.0, 1.0, 0.0, 1.0, 1.0, 0.0, 0.0, 1.0, 1.0, 1.0, 1.0, 0.0, 0.0, 0.0, 0.0, 1.0, 0.0, 0.0, 1.0, 1.0, 1.0, 1.0, 0.0, 0.0, 0.0, 1.0, 1.0, 0.0, 1.0, 0.0, 1.0, 1.0, 1.0, 0.0, 0.0, 1.0, 1.0, 0.0, 1.0, 1.0, 1.0, 1.0, 1.0, 1.0, 0.0, 0.0, 1.0, 0.0, 1.0, 0.0, 1.0, 1.0, 1.0, 1.0, 0.0, 0.0, 1.0, 1.0, 0.0, 1.0, 0.0, 0.0, 0.0, 0.0, 0.0, 0.0, 0.0, 0.0, 0.0, 1.0, 1.0, 1.0, 1.0, 1.0, 1.0, 1.0, 0.0, 0.0, 1.0, 1.0, 1.0, 0.0, 1.0, 0.0, 1.0, 0.0, 1.0, 0.0, 1.0, 0.0, 0.0, 1.0, 0.0, 1.0, 0.0, 0.0, 0.0, 1.0, 0.0, 0.0, 1.0, 1.0, 0.0, 0.0, 0.0, 0.0, 1.0, 0.0, 0.0, 0.0, 0.0, 1.0, 1.0, 1.0, 0.0, 0.0, 0.0, 0.0, 0.0, 1.0, 0.0, 1.0, 1.0, 0.0, 1.0, 0.0, 0.0, 1.0, 0.0, 0.0, 1.0, 0.0, 1.0, 1.0, 1.0, 0.0, 1.0, 1.0, 1.0, 0.0, 0.0, 0.0, 1.0, 1.0, 0.0, 1.0, 0.0, 1.0, 1.0, 0.0, 0.0, 0.0, 0.0, 1.0, 1.0, 0.0, 1.0, 1.0, 0.0, 1.0, 0.0, 0.0, 0.0, 1.0, 0.0, 1.0, 0.0, 0.0, 0.0, 1.0, 0.0, 1.0, 0.0, 0.0, 1.0, 0.0, 1.0, 0.0, 1.0, 1.0, 0.0, 1.0, 1.0, 0.0, 0.0, 0.0, 0.0, 0.0, 1.0, 0.0, 1.0, 0.0, 0.0, 1.0, 1.0, 1.0, 0.0, 0.0, 1.0, 1.0, 1.0, 1.0, 0.0, 1.0, 0.0, 0.0, 0.0, 1.0, 0.0, 1.0, 1.0, 1.0, 1.0, 0.0, 0.0, 1.0, 0.0, 1.0, 0.0, 0.0, 1.0, 0.0, 1.0, 1.0, 1.0, 1.0, 0.0, 1.0, 1.0, 0.0, 1.0, 1.0, 1.0, 0.0, 0.0, 0.0, 1.0, 0.0, 0.0, 0.0, 1.0, 0.0, 0.0, 1.0, 1.0, 0.0, 0.0, 0.0, 0.0, 1.0, 0.0, 0.0, 0.0, 1.0, 1.0, 0.0, 1.0, 1.0, 0.0, 1.0, 0.0, 1.0, 1.0, 1.0, 1.0, 0.0, 0.0, 0.0, 1.0, 1.0, 0.0, 1.0, 0.0, 1.0, 0.0, 1.0, 0.0, 0.0, 1.0, 1.0, 1.0, 1.0, 1.0, 0.0, 1.0, 0.0, 1.0, 1.0, 0.0, 1.0, 0.0, 1.0, 0.0, 1.0, 0.0, 1.0, 1.0, 0.0, 0.0, 1.0, 1.0, 0.0, 0.0, 1.0, 0.0, 0.0, 0.0, 1.0, 1.0, 0.0, 0.0, 0.0, 0.0, 1.0, 0.0, 1.0, 0.0, 0.0, 0.0, 0.0, 1.0, 1.0, 0.0, 1.0, 1.0, 1.0, 0.0, 1.0, 1.0, 1.0, 0.0, 0.0, 0.0, 1.0, 0.0, 1.0, 0.0, 0.0, 0.0, 0.0, 1.0, 1.0, 0.0, 0.0, 1.0, 1.0, 0.0, 0.0, 1.0, 0.0, 1.0, 1.0, 1.0, 0.0, 1.0, 0.0, 0.0, 1.0, 1.0, 1.0, 1.0, 1.0, 1.0, 1.0, 0.0, 0.0, 0.0, 1.0, 1.0, 0.0, 0.0, 0.0, 0.0, 0.0, 1.0, 0.0, 1.0, 1.0, 0.0, 0.0, 0.0, 0.0, 0.0, 0.0, 1.0, 1.0, 1.0, 1.0, 0.0, 0.0, 0.0, 0.0, 0.0, 1.0, 1.0, 1.0, 1.0, 1.0, 0.0, 0.0, 1.0, 1.0, 1.0, 1.0, 1.0, 1.0, 1.0, 0.0, 0.0, 1.0, 1.0, 0.0, 0.0, 0.0, 1.0, 1.0, 1.0, 0.0, 1.0, 1.0, 1.0, 0.0, 0.0, 1.0, 1.0, 1.0, 0.0, 0.0, 0.0, 1.0, 0.0, 0.0, 1.0, 0.0, 1.0, 0.0, 0.0, 1.0, 0.0, 1.0, 1.0, 0.0, 0.0, 1.0, 1.0, 1.0, 1.0, 1.0, 1.0, 0.0, 1.0, 1.0, 0.0, 1.0, 1.0, 0.0, 0.0, 1.0, 0.0, 0.0, 1.0, 0.0, 1.0, 1.0, 0.0, 1.0, 1.0, 0.0, 0.0, 0.0, 0.0, 1.0, 1.0, 1.0, 1.0, 0.0, 1.0, 1.0, 1.0, 1.0, 1.0, 1.0, 1.0, 0.0, 0.0, 1.0, 1.0, 0.0, 0.0, 1.0, 0.0, 0.0, 0.0, 0.0, 0.0, 0.0, 1.0, 1.0, 1.0, 0.0, 1.0, 1.0, 1.0, 1.0, 0.0, 1.0, 0.0, 1.0, 0.0, 0.0, 1.0, 0.0, 1.0, 0.0, 1.0, 1.0, 0.0, 1.0, 0.0, 0.0, 1.0, 1.0, 0.0, 1.0, 0.0, 1.0, 1.0, 0.0, 1.0, 0.0, 1.0, 1.0, 0.0, 0.0, 1.0, 1.0, 0.0, 1.0, 0.0, 0.0, 1.0, 0.0, 1.0, 0.0, 0.0, 0.0, 0.0, 1.0, 0.0, 0.0, 1.0, 0.0, 1.0, 0.0, 1.0, 0.0, 1.0, 0.0, 1.0, 1.0, 0.0, 1.0, 1.0, 1.0, 1.0, 0.0, 1.0, 0.0, 1.0, 0.0, 1.0, 0.0, 1.0, 1.0, 0.0, 1.0, 1.0, 0.0, 0.0, 0.0, 1.0, 1.0, 1.0, 0.0, 0.0, 0.0, 0.0, 1.0, 1.0, 0.0, 1.0, 0.0, 1.0, 1.0, 0.0, 0.0, 1.0, 0.0, 1.0, 0.0, 1.0, 1.0, 0.0, 0.0, 0.0, 1.0, 1.0, 1.0, 1.0, 0.0, 0.0, 0.0, 0.0, 1.0, 0.0, 0.0, 1.0, 1.0, 0.0, 0.0, 0.0, 1.0, 0.0, 1.0, 0.0, 0.0, 1.0, 0.0, 0.0, 1.0, 0.0, 1.0, 0.0, 1.0, 0.0, 0.0, 1.0, 0.0, 0.0, 1.0, 1.0, 0.0, 0.0, 1.0, 0.0, 0.0, 0.0, 0.0, 1.0, 0.0, 0.0, 0.0, 1.0, 1.0, 0.0, 0.0, 1.0, 1.0, 1.0, 1.0, 0.0, 0.0, 0.0, 0.0, 1.0, 0.0, 1.0, 1.0, 1.0, 1.0, 0.0, 1.0, 1.0, 1.0, 1.0, 0.0, 1.0, 0.0, 0.0, 1.0, 0.0, 0.0, 0.0, 0.0, 0.0, 1.0, 1.0, 1.0, 1.0, 0.0, 0.0, 0.0, 1.0, 0.0, 1.0, 0.0, 1.0, 0.0, 0.0, 1.0, 1.0, 0.0, 0.0, 1.0, 0.0, 0.0, 0.0, 1.0, 1.0, 0.0, 1.0, 0.0, 0.0, 1.0, 0.0, 1.0, 1.0, 1.0, 0.0, 1.0, 0.0, 0.0, 0.0, 0.0, 1.0, 1.0, 1.0, 1.0, 1.0, 1.0, 0.0, 1.0, 1.0, 0.0, 0.0, 0.0, 1.0, 0.0, 0.0, 0.0, 1.0, 1.0, 0.0, 0.0, 0.0, 0.0, 1.0, 0.0, 0.0, 0.0, 1.0, 0.0, 0.0, 1.0, 1.0, 0.0, 1.0, 0.0, 1.0, 1.0, 0.0, 0.0, 0.0, 0.0, 1.0, 1.0, 0.0, 1.0, 0.0, 1.0, 1.0, 0.0, 0.0, 1.0, 1.0, 0.0, 0.0, 0.0, 1.0, 1.0, 0.0, 0.0, 0.0, 0.0, 1.0, 0.0, 0.0, 0.0, 0.0, 1.0, 0.0, 0.0, 1.0, 0.0, 0.0, 0.0, 0.0, 0.0, 0.0, 1.0, 0.0, 0.0, 1.0, 0.0, 0.0, 0.0, 0.0, 0.0, 0.0, 1.0, 0.0, 1.0, 1.0, 1.0, 1.0, 1.0, 1.0, 1.0, 1.0, 0.0, 0.0, 0.0, 1.0, 0.0, 1.0, 1.0, 1.0, 1.0, 0.0, 0.0, 1.0, 1.0, 0.0, 0.0, 0.0, 0.0, 0.0, 1.0, 1.0, 1.0, 1.0, 0.0, 0.0, 0.0, 0.0, 0.0, 1.0, 1.0, 0.0, 1.0, 1.0, 0.0, 0.0, 1.0, 1.0, 1.0, 1.0, 0.0, 1.0, 0.0, 1.0, 0.0, 1.0, 0.0, 1.0, 1.0, 1.0, 0.0, 0.0, 1.0, 1.0, 0.0, 1.0, 1.0, 1.0, 1.0, 1.0, 0.0, 1.0, 0.0, 1.0, 0.0, 1.0, 0.0, 1.0, 1.0, 1.0, 0.0, 0.0, 1.0, 0.0, 1.0, 0.0, 0.0, 0.0, 1.0, 0.0, 0.0, 0.0, 0.0, 1.0, 1.0, 0.0, 0.0, 1.0, 0.0, 0.0, 0.0, 1.0, 0.0, 1.0, 1.0, 1.0, 1.0, 0.0, 0.0, 1.0, 1.0, 0.0, 1.0, 0.0, 0.0, 1.0, 0.0, 1.0, 0.0, 1.0, 1.0, 1.0, 1.0, 1.0, 1.0, 0.0, 0.0, 1.0, 1.0, 1.0, 1.0, 1.0, 1.0, 0.0, 0.0, 0.0, 0.0, 1.0, 1.0, 0.0, 1.0, 1.0, 1.0, 1.0, 0.0, 1.0, 0.0, 0.0, 0.0, 0.0, 1.0, 1.0, 1.0, 0.0, 0.0, 1.0, 0.0, 1.0, 1.0, 1.0, 0.0, 1.0, 1.0, 0.0, 1.0, 1.0, 1.0, 1.0, 0.0, 1.0, 1.0, 0.0, 0.0, 1.0, 1.0, 1.0, 0.0, 0.0, 1.0, 0.0, 0.0, 0.0, 0.0, 0.0, 0.0, 1.0, 1.0, 1.0, 1.0, 1.0, 0.0, 1.0, 0.0, 1.0, 1.0, 1.0, 0.0, 1.0, 0.0, 0.0, 1.0, 0.0, 0.0, 0.0, 0.0, 1.0, 0.0, 1.0, 0.0, 0.0, 0.0, 0.0, 0.0, 0.0, 0.0, 1.0, 1.0, 0.0, 0.0, 1.0, 0.0, 1.0, 1.0, 1.0, 1.0, 1.0, 1.0, 0.0, 1.0, 1.0, 0.0, 1.0, 0.0, 1.0, 0.0, 0.0, 1.0, 1.0, 1.0, 0.0, 0.0, 1.0, 0.0, 1.0, 1.0, 1.0, 0.0, 1.0, 0.0, 1.0, 0.0, 1.0, 1.0, 1.0, 1.0, 0.0, 0.0, 0.0, 0.0, 0.0, 0.0, 0.0, 0.0, 1.0, 1.0, 0.0, 0.0, 1.0, 0.0, 1.0, 0.0, 0.0, 1.0, 0.0, 1.0, 1.0, 0.0, 0.0, 0.0, 1.0, 0.0, 0.0, 1.0, 1.0, 0.0, 0.0, 1.0, 1.0, 0.0, 1.0, 1.0, 1.0, 0.0, 0.0, 0.0, 1.0, 1.0, 1.0, 0.0, 1.0, 0.0, 0.0, 1.0, 0.0, 0.0, 0.0, 0.0, 0.0, 1.0, 0.0, 0.0, 0.0, 0.0, 1.0, 0.0, 1.0, 0.0, 0.0, 0.0, 0.0, 1.0, 1.0, 1.0, 0.0, 1.0, 1.0, 0.0, 1.0, 1.0, 1.0, 0.0, 0.0, 1.0, 1.0, 0.0, 0.0, 0.0, 0.0, 0.0, 1.0, 1.0, 1.0, 1.0, 1.0, 1.0, 0.0, 0.0, 1.0, 0.0, 0.0, 0.0, 0.0, 0.0, 0.0, 0.0, 0.0, 0.0, 1.0, 1.0, 1.0, 0.0, 1.0, 1.0, 0.0, 1.0, 0.0, 1.0, 0.0, 1.0, 1.0, 0.0, 0.0, 1.0, 0.0, 1.0, 1.0, 0.0, 1.0, 1.0, 0.0, 1.0, 1.0, 1.0, 1.0, 1.0, 1.0, 1.0, 1.0, 1.0, 0.0, 0.0, 0.0, 1.0, 1.0, 1.0, 1.0, 0.0, 0.0, 1.0, 0.0, 0.0, 1.0, 1.0, 1.0, 1.0, 0.0, 0.0, 1.0, 1.0, 0.0, 1.0, 1.0, 1.0, 0.0, 0.0, 0.0, 1.0, 1.0, 1.0, 0.0, 1.0, 0.0, 0.0, 1.0, 0.0, 0.0, 0.0, 1.0, 1.0, 1.0, 1.0, 1.0, 1.0, 1.0, 1.0, 1.0, 1.0, 1.0, 1.0, 0.0, 0.0, 1.0, 1.0, 0.0, 1.0, 1.0, 0.0, 1.0, 0.0, 0.0, 1.0, 1.0, 1.0, 0.0, 0.0, 1.0, 1.0, 0.0, 1.0, 1.0, 1.0, 0.0, 1.0, 1.0, 0.0, 1.0, 0.0, 1.0, 0.0, 0.0, 0.0, 0.0, 1.0, 1.0, 0.0, 1.0, 1.0, 0.0, 0.0, 1.0, 0.0, 1.0, 0.0, 1.0, 0.0, 1.0, 1.0, 0.0, 1.0, 1.0, 1.0, 0.0, 1.0, 0.0, 1.0, 0.0, 1.0, 0.0, 1.0, 0.0, 0.0, 1.0, 1.0, 1.0, 1.0, 0.0, 1.0, 1.0, 1.0, 1.0, 0.0, 1.0, 0.0, 1.0, 0.0, 0.0, 1.0, 0.0, 1.0, 0.0, 0.0, 0.0, 0.0, 1.0, 0.0, 1.0, 0.0, 1.0, 1.0, 0.0, 1.0, 1.0, 0.0, 0.0, 0.0, 1.0, 0.0, 1.0, 0.0, 0.0, 0.0, 0.0, 0.0, 0.0, 0.0, 0.0, 0.0, 0.0, 1.0, 0.0, 0.0, 1.0, 1.0, 0.0, 0.0, 1.0, 1.0, 0.0, 0.0, 1.0, 0.0, 1.0, 1.0, 1.0, 1.0, 1.0, 0.0, 1.0, 1.0, 1.0, 0.0, 1.0, 1.0, 0.0, 0.0, 1.0, 1.0, 0.0, 1.0, 0.0, 0.0, 0.0, 0.0, 1.0, 0.0, 0.0, 1.0, 1.0, 1.0, 1.0, 0.0, 0.0, 1.0, 1.0, 1.0, 1.0, 0.0, 0.0, 1.0, 1.0, 1.0, 1.0, 1.0, 1.0, 0.0, 0.0, 0.0, 0.0, 0.0, 0.0, 1.0, 0.0, 1.0, 1.0, 1.0, 1.0, 1.0, 0.0, 1.0, 0.0, 1.0, 0.0, 0.0, 0.0, 1.0, 1.0, 1.0, 1.0, 1.0, 0.0, 0.0, 1.0, 1.0, 0.0, 0.0, 1.0, 1.0, 1.0, 1.0, 1.0, 1.0, 0.0, 1.0, 1.0, 0.0, 0.0, 0.0, 1.0, 1.0, 1.0, 0.0, 1.0, 0.0, 0.0, 1.0, 1.0, 1.0, 1.0, 0.0, 0.0, 0.0, 1.0, 0.0, 0.0, 1.0, 1.0, 0.0, 0.0, 1.0, 1.0, 1.0, 0.0, 1.0, 0.0, 1.0, 1.0, 1.0, 1.0, 1.0, 0.0, 0.0, 1.0, 1.0, 0.0, 1.0, 0.0, 0.0, 0.0, 1.0, 1.0, 1.0, 0.0, 0.0, 0.0, 1.0, 0.0, 0.0, 1.0, 0.0, 1.0, 1.0, 0.0, 0.0, 0.0, 0.0, 0.0, 1.0, 1.0, 0.0, 0.0, 0.0, 1.0, 0.0, 0.0, 0.0, 1.0, 1.0, 0.0, 0.0, 1.0, 1.0, 0.0, 0.0, 1.0, 1.0, 0.0, 1.0, 1.0, 0.0, 1.0, 0.0, 1.0, 0.0, 1.0, 1.0, 1.0, 0.0, 0.0, 0.0, 1.0, 0.0, 0.0, 1.0]","['lNONHSAG000603', 'lNONHSAG002058', 'lNONHSAG002454', 'lNONHSAG003505', 'lNONHSAG003512', 'lNONHSAG004095', 'lNONHSAG005153', 'lNONHSAG005920', 'lNONHSAG006362', 'lNONHSAG006756', 'lNONHSAG007295', 'lNONHSAG008167', 'lNONHSAG008859', 'lNONHSAG010405', 'lNONHSAG010716', 'lNONHSAG011343', 'lNONHSAG012076', 'lNONHSAG012594', 'lNONHSAG013095', 'lNONHSAG013515', 'lNONHSAG013730', 'lNONHSAG013946', 'lNONHSAG015163', 'lNONHSAG015234', 'lNONHSAG015417', 'lNONHSAG015505', 'lNONHSAG015623', 'lNONHSAG015788', 'lNONHSAG016395', 'lNONHSAG017349', 'lNONHSAG018326', 'lNONHSAG018709', 'lNONHSAG018829', 'lNONHSAG019090', 'lNONHSAG019270', 'lNONHSAG019898', 'lNONHSAG020281', 'lNONHSAG020304', 'lNONHSAG020367', 'lNONHSAG020403', 'lNONHSAG020474', 'lNONHSAG020616', 'lNONHSAG021042', 'lNONHSAG021641', 'lNONHSAG022162', 'lNONHSAG022495', 'lNONHSAG023494', 'lNONHSAG023885', 'lNONHSAG024244', 'lNONHSAG024341', 'lNONHSAG024354', 'lNONHSAG024362', 'lNONHSAG024428', 'lNONHSAG024668', 'lNONHSAG024676', 'lNONHSAG024921', 'lNONHSAG025011', 'lNONHSAG025137', 'lNONHSAG025934', 'lNONHSAG025939', 'lNONHSAG026053', 'lNONHSAG026089', 'lNONHSAG026386', 'lNONHSAG026856', 'lNONHSAG027709', 'lNONHSAG028112', 'lNONHSAG028713', 'lNONHSAG029961', 'lNONHSAG030582', 'lNONHSAG031563', 'lNONHSAG031565', 'lNONHSAG031636', 'lNONHSAG031696', 'lNONHSAG031853', 'lNONHSAG032664', 'lNONHSAG033266', 'lNONHSAG033480', 'lNONHSAG033735', 'lNONHSAG033748', 'lNONHSAG033899', 'lNONHSAG034417', 'lNONHSAG034492', 'lNONHSAG036413', 'lNONHSAG037241', 'lNONHSAG037891', 'lNONHSAG038578', 'lNONHSAG039319', 'lNONHSAG040329', 'lNONHSAG040481', 'lNONHSAG041023', 'lNONHSAG041529', 'lNONHSAG042050', 'lNONHSAG042080', 'lNONHSAG042270', 'lNONHSAG042433', 'lNONHSAG042491', 'lNONHSAG042724', 'lNONHSAG044283', 'lNONHSAG045430', 'lNONHSAG046781', 'lNONHSAG047543', 'lNONHSAG047544', 'lNONHSAG047547', 'lNONHSAG047973', 'lNONHSAG048114', 'lNONHSAG048270', 'lNONHSAG048464', 'lNONHSAG048598', 'lNONHSAG049626', 'lNONHSAG050670', 'lNONHSAG051260', 'lNONHSAG051958', 'lNONHSAG052119', 'lNONHSAG052151', 'lNONHSAG052933', 'lNONHSAG053228', 'lNONHSAG053419', 'lNONHSAG053546', 'lNONHSAG053602', 'lNONHSAG054024', 'lNONHSAG054213', 'lNONHSAG054215', 'lNONHSAG054699', 'lNONHSAG054718', 'lNONHSAG054791', 'lNONHSAG055558', 'lNONHSAG056733', 'lNONHSAG056868', 'lNONHSAG061404', 'lNONHSAG069030', 'lNONHSAG070257', 'lNONHSAG081583', 'lNONHSAG083209', 'lNONHSAG083859', 'lNONHSAG085975', 'lNONHSAG099120', 'lNONHSAG099126', 'lNONHSAG103259', 'lNONHSAG110420', 'lENSG00000224614', 'lENSG00000227256', 'lENSG00000229388', 'lENSG00000230313', 'lENSG00000230866', 'lENSG00000231437', 'lENSG00000232265', 'lENSG00000234222', 'lENSG00000234625', 'lENSG00000243479', 'lENSG00000244124', 'lENSG00000245146', 'lENSG00000251003', 'lENSG00000254418', 'lENSG00000255553', 'lENSG00000260969', 'lENSG00000261780', 'lENSG00000267413', 'lENSG00000274372', 'lENSG00000224739', 'lMIR181A1HG', 'lTPTEP1', 'lLINC00461', 'lLINC00514', 'lRP1-283E3.8', 'lRP11-108M9.3', 'lRP11-495P10.8', 'lNONHSAG002726', 'lNONHSAG003227', 'lNONHSAG004227', 'lNONHSAG004475', 'lNONHSAG005797', 'lNONHSAG005936', 'lNONHSAG006290', 'lNONHSAG006376', 'lNONHSAG006382', 'lNONHSAG006388', 'lNONHSAG006395', 'lNONHSAG006412', 'lNONHSAG006493', 'lNONHSAG006536', 'lNONHSAG006551', 'lNONHSAG006557', 'lNONHSAG006832', 'lNONHSAG007414', 'lNONHSAG007488', 'lNONHSAG007533', 'lNONHSAG007543', 'lNONHSAG007599', 'lENSG00000178248', 'lENSG00000205018', 'lENSG00000223537', 'lENSG00000223786', 'lENSG00000224922', 'lENSG00000225325', 'lENSG00000225588', 'lENSG00000225761', 'lENSG00000226193', 'lENSG00000226542', 'lENSG00000226883', 'lENSG00000227125', 'lENSG00000227131', 'lENSG00000227181', 'lENSG00000227496', 'lENSG00000228082', 'lENSG00000228170', 'lENSG00000228351', 'lENSG00000228852', 'lENSG00000229297', 'lENSG00000229379', 'lENSG00000229457', 'lENSG00000229528', 'lENSG00000229999', 'lENSG00000230010', 'lENSG00000230190', 'lENSG00000230735', 'lENSG00000231082', 'lENSG00000231597', 'lENSG00000231678', 'lENSG00000231724', 'lENSG00000232031', 'lENSG00000232310', 'lENSG00000233179', 'lENSG00000233219', 'lENSG00000233472', 'lENSG00000233581', 'lENSG00000233625', 'lENSG00000234961', 'lENSG00000236242', 'lENSG00000237058', 'lENSG00000237331', 'lENSG00000237481', 'lENSG00000237571', 'lENSG00000237734', 'lENSG00000237802', 'lENSG00000238282', 'lENSG00000242012', 'lENSG00000242072', 'lENSG00000242339', 'lENSG00000243273', 'lENSG00000244327', 'lENSG00000248393', 'lENSG00000248416', 'lENSG00000248457', 'lENSG00000248599', 'lENSG00000248984', 'lENSG00000249409', 'lENSG00000249426', 'lENSG00000250877', 'lENSG00000250910', 'lENSG00000250929', 'lENSG00000251688', 'lENSG00000253171', 'lENSG00000253397', 'lENSG00000253530', 'lENSG00000254026', 'lENSG00000254084', 'lENSG00000254177', 'lENSG00000254239', 'lENSG00000254242', 'lENSG00000254347', 'lENSG00000254350', 'lENSG00000255114', 'lENSG00000255167', 'lENSG00000255271', 'lENSG00000255443', 'lENSG00000256482', 'lENSG00000256733', 'lENSG00000257096', 'lENSG00000257514', 'lENSG00000258308', 'lENSG00000258745', 'lENSG00000259188', 'lENSG00000259532', 'lENSG00000259636', 'lENSG00000259757', 'lENSG00000259767', 'lENSG00000260304', 'lENSG00000260476', 'lENSG00000260586', 'lENSG00000260741', 'lENSG00000260934', 'lENSG00000260986', 'lENSG00000261507', 'lENSG00000261671', 'lENSG00000261761', 'lENSG00000263982', 'lENSG00000263986', 'lENSG00000265443', 'lENSG00000265728', 'lENSG00000265845', 'lENSG00000265980', 'lENSG00000267057', 'lENSG00000267274', 'lENSG00000268296', 'lENSG00000268743', 'lENSG00000269504', 'lENSG00000271717', 'lENSG00000272995', 'lENSG00000273449', 'lENSG00000274227', 'lENSG00000275871', 'lENSG00000276533', 'lENSG00000277332', 'lENSG00000278944', 'lENSG00000280580', 'lENSG00000283973', 'lENSG00000284994', 'lENSG00000286076', 'lENSG00000286168', 'lENSG00000286436', 'lENSG00000286461', 'lENSG00000286565', 'lENSG00000286639', 'lENSG00000287687', 'lENSG00000211683', 'lENSG00000249159', 'lENSG00000251506', 'lENSG00000255325', 'lENSG00000272369', 'lENSG00000258631', 'lENSG00000279472', 'lENSG00000253701', 'lMIR24-2']","[1.0, 1.0, 0.0, 0.0, 1.0, 0.0, 1.0, 0.0, 0.0, 1.0, 1.0, 0.0, 0.0, 1.0, 1.0, 0.0, 0.0, 0.0, 0.0, 1.0, 1.0, 0.0, 0.0, 0.0, 1.0, 1.0, 0.0, 0.0, 1.0, 0.0, 1.0, 0.0, 1.0, 1.0, 1.0, 0.0, 0.0, 0.0, 0.0, 0.0, 1.0, 1.0, 0.0, 0.0, 0.0, 1.0, 1.0, 0.0, 0.0, 0.0, 1.0, 0.0, 0.0, 0.0, 1.0, 0.0, 1.0, 0.0, 1.0, 0.0, 0.0, 1.0, 1.0, 1.0, 0.0, 1.0, 1.0, 0.0, 1.0, 0.0, 0.0, 1.0, 0.0, 1.0, 1.0, 0.0, 0.0, 1.0, 1.0, 0.0, 0.0, 0.0, 0.0, 1.0, 1.0, 1.0, 0.0, 1.0, 0.0, 0.0, 1.0, 1.0, 1.0, 1.0, 0.0, 0.0, 1.0, 1.0, 1.0, 0.0, 1.0, 0.0, 0.0, 0.0, 0.0, 1.0, 0.0, 1.0, 1.0, 0.0, 0.0, 1.0, 1.0, 0.0, 0.0, 0.0, 1.0, 0.0, 0.0, 1.0, 1.0, 1.0, 0.0, 0.0, 1.0, 0.0, 1.0, 0.0, 0.0, 1.0, 0.0, 0.0, 1.0, 0.0, 0.0, 0.0, 1.0, 0.0, 0.0, 0.0, 1.0, 1.0, 0.0, 0.0, 0.0, 0.0, 1.0, 1.0, 1.0, 1.0, 1.0, 1.0, 1.0, 1.0, 0.0, 1.0, 0.0, 0.0, 1.0, 1.0, 1.0, 1.0, 0.0, 0.0, 0.0, 0.0, 1.0, 1.0, 0.0, 1.0, 1.0, 0.0, 0.0, 1.0, 1.0, 1.0, 0.0, 1.0, 1.0, 0.0, 1.0, 0.0, 0.0, 1.0, 1.0, 1.0, 0.0, 1.0, 0.0, 0.0, 0.0, 0.0, 0.0, 1.0, 1.0, 1.0, 0.0, 1.0, 1.0, 0.0, 1.0, 0.0, 1.0, 1.0, 0.0, 1.0, 1.0, 1.0, 0.0, 1.0, 1.0, 1.0, 1.0, 0.0, 0.0, 1.0, 1.0, 0.0, 1.0, 1.0, 0.0, 0.0, 0.0, 0.0, 0.0, 1.0, 1.0, 0.0, 1.0, 1.0, 0.0, 1.0, 1.0, 1.0, 0.0, 0.0, 1.0, 1.0, 0.0, 0.0, 0.0, 0.0, 0.0, 0.0, 0.0, 1.0, 1.0, 1.0, 0.0, 0.0, 0.0, 1.0, 1.0, 1.0, 0.0, 1.0, 1.0, 1.0, 0.0, 0.0, 0.0, 0.0, 0.0, 0.0, 0.0, 0.0, 0.0, 0.0, 0.0, 0.0, 0.0, 1.0, 0.0, 0.0, 1.0, 0.0, 1.0, 0.0, 0.0, 0.0, 0.0, 0.0, 0.0, 0.0, 0.0, 1.0, 1.0, 0.0, 0.0, 0.0, 0.0, 1.0, 1.0, 0.0, 0.0, 1.0, 1.0, 0.0, 0.0, 1.0, 0.0, 0.0, 1.0, 1.0, 0.0, 1.0, 0.0, 1.0, 0.0, 1.0, 0.0, 0.0, 0.0, 0.0, 1.0, 1.0, 1.0, 0.0, 0.0, 1.0, 0.0, 1.0, 0.0]","[0, 0, 1, 0, 0, 0, 0, 1, 0, 0, 0, 0, 0, 1, 0, 1, 1, 1, 0, 1, 1, 0, 1, 1, 1, 1, 0, 1, 0, 1, 0, 1, 1, 1, 0, 0, 1, 0, 0, 1, 1, 1, 1, 0, 0, 0, 0, 0, 0, 0, 1, 1, 0, 0, 1, 0, 0, 1, 0, 1, 1, 1, 1, 1, 1, 0, 1, 0, 1, 0, 1, 1, 1, 0, 1, 0, 1, 1, 0, 1, 0, 1, 1, 1, 1, 0, 1, 1, 0, 0, 1, 0, 0, 0, 1, 1, 1, 1, 0, 1, 0, 0, 0, 0, 0, 0, 1, 0, 0, 0, 1, 1, 1, 0, 0, 1, 0, 1, 1, 0, 0, 0, 1, 0, 1, 1, 1, 0, 1, 0, 0, 1, 0, 1, 0, 0, 0, 1, 0, 1, 1, 1, 0, 1, 0, 1, 1, 0, 0, 0, 1, 0, 1, 1, 1, 0, 0, 1, 1, 1, 1, 0, 1, 0, 0, 1, 0, 0, 1, 1, 0, 0, 1, 0, 0, 1, 0, 1, 0, 0, 0, 0, 0, 1, 0, 1, 0, 0, 1, 0, 0, 0, 0, 0, 1, 1, 0, 0, 1, 1, 1, 1, 1, 1, 1, 1, 0, 1, 0, 0, 1, 1, 1, 1, 1, 0, 1, 0, 1, 0, 1, 0, 0, 0, 1, 1, 1, 1, 1, 0, 1, 1, 1, 1, 1, 0, 0, 1, 0, 0, 0, 1, 0, 0, 0, 0, 1, 0, 0, 1, 1, 0, 0, 0, 0, 0, 0, 0, 0, 0, 1, 1, 0, 1, 0, 1, 1, 1, 1, 1, 1, 0, 0, 1, 0, 0, 1, 1, 1, 1, 0, 1, 0, 0, 0, 1, 1, 0, 0, 1, 1, 1, 1, 1, 1, 1, 0, 0, 0, 0, 1, 1, 1, 1, 0, 1, 0, 1, 1, 1, 1, 1, 1, 0, 1, 1, 1, 1, 1, 1, 1, 1, 1]","[-0.5464977224210601, -0.6689401950162492, 0.0008562044207762742, -0.13388448515193807, -0.11216089614058489, -0.12789858741876414, -0.09542359015188473, 0.06833675836424491, -0.11299281385107007, -0.15921290461062987, -0.18308472803662368, -0.127365237169778, -0.058551100833051484, 0.057031731833646626, -0.09915721919134035, 0.31788998866530904, 0.009783410469190068, 0.25083846222577244, -0.06418036248309611, 0.18713587055827596, 0.02704487923499621, -0.14403585883411174, 0.10278694646797804, 0.02246124555883733, 0.2080507358015512, 0.04917911810404174, -0.12485801444574185, 0.07279953963323593, -0.17687024989575284, 0.17283386502156817, -0.14468185682531476, 0.2864789339205773, 0.112057537243482, 0.22627524546709687, -0.28701243844229274, -0.17028155643894016, 0.20522107048599758, -0.052873235678088326, -0.03842981320335581, 0.056893971258572984, 0.20261865828662828, 0.07953904476875473, 0.173011747433778, -0.3053305817836127, -0.21753599565127124, -0.03278077604486085, -0.18253616948708262, -0.09129580893960365, -0.13258318335242492, -0.012646131390979809, 0.19328648153379846, 0.2971671006690477, -0.012792148838586037, -0.10114082972640204, 0.18955343731538243, -0.31180849095408525, -0.18581109049731181, 0.15807037802527746, -0.017414153495115547, 0.10201432716810666, 0.025163470395015652, 0.2464923853798544, 0.2894187786074822, 0.019424858946658796, 0.15083161061078187, -0.10965807146999551, 0.11999057348193021, -0.11080960083464197, 0.26084834718805916, -0.481864807613517, 0.2086384130421861, 0.27759188610006746, 0.030979951650341286, -0.2918598239557022, 0.272610439013935, -0.4907849382669267, 0.3573199851249742, 0.0496687601591701, -0.10684463332598126, 0.3970242709294489, -0.01999761126730326, 0.10168352317999862, 0.21125548689767037, 0.07334869165352864, 0.17414546040382484, -0.013261943113189067, 0.022100261320355807, 0.1036851898009632, -0.09992501597843506, -0.04871121922154642, 0.3790140061488805, -0.11889988486313974, -0.05186405587568266, -0.01016193086600814, 0.20564004627305743, 0.24488139372968853, 0.4193273770707864, 0.1669657197250649, -0.12281918017292681, 0.42511406821459397, -0.023891817954428296, -0.024891664442428185, -0.07895195523439802, -0.04743623917406459, -0.38956219221715194, -0.012119696487999931, 0.07375973043264694, -0.048424234580229486, -0.08222901577619246, -0.1359129605976237, 0.009676983924739924, 0.024315156307752384, 0.3013604956629161, -0.5887254142347886, -0.3656448716152576, 0.09694220458675518, -0.10279598181449656, 0.2060539507223711, 0.1195951586855577, -0.07086080505335857, -0.0027798856509411163, -0.2268529116412823, 0.17881015934082733, -0.05668541205076827, 0.2724366476587028, 0.03532127579236488, 0.07877518339903156, -0.15197268117324625, 0.16310254876685826, -0.851008498506802, -0.17635036221537503, 0.13429225174670223, -0.07116201358782126, 0.1388564136600603, -0.20163245562587995, -0.016783575806650353, -0.1789136163310514, 0.10057382431905482, -0.16605801376895513, 0.016430434276452965, 0.5719587879147936, 0.057262326984124146, -0.12672120637839845, 0.047260455898152864, -0.16858597947396148, 0.00902568240270285, 0.2874963566916675, -0.2373760032217722, -0.009354015491272127, -0.126518601830252, 0.20809645869418802, -0.08057859257714894, 0.10413531337775539, 0.10272665512065893, 0.09626101040092494, -0.048213863207926755, -0.060961362185725454, 0.0009838622238496075, 0.06435913275681693, 0.0913004226165196, 0.11108196583378271, -0.23455932773215316, 0.115517107619443, -0.27108108982235435, -0.038729629669902677, 0.26442241799073174, -0.03441159081365952, -0.20602735443300424, 0.2156341796850152, 0.00231548125332659, -0.00766351101734819, -0.2621744033386386, 0.1524735132598798, -0.06878695215482877, -0.04851068400671621, 0.14217824775320254, -0.5078998481229122, 0.045318948829280226, -0.32003176016070234, -0.21336665536524868, -0.10234054726619646, -0.16274808717045786, -0.20843477509599473, 0.14979098850734318, -0.1475472021444053, 0.0760338670479952, -0.10311142332600398, -0.2709816327645669, 0.026047228499481045, -0.16790159596943943, -0.19692228467704154, -0.22637884204809722, -0.12342634680642361, -0.008135157246911495, 0.14451196784041742, 0.018367199413015678, -0.09699449781974123, -0.005864241517636648, 0.07817868029134112, 0.09547656047788267, 0.2929111152863799, 0.10854594932983752, 0.12617322735258107, 0.06150853321790728, 0.05211751325929925, 0.046929960913363766, -0.24896870098948098, 0.11147809072257453, -0.09707891748642239, -0.19810480954722265, 0.01672574794005688, 0.04950105807470373, 0.33151197193612547, 0.08182253111314775, 0.09180317417224804, -0.04651093952949892, 0.12690300753041428, -0.05154964930605632, 0.39697779722522175, -0.01998294725048111, 0.13649431571590953, -0.11681742883323287, -0.029168326003402134, -0.1440531021219884, 0.03306698061963531, 0.0762006193169198, 0.32487614270384335, 0.24746609635028016, 0.18299919794346686, -0.15023471692522583, 0.08244205262933968, 0.03202018654408989, 0.07134745014934851, 0.02702401708628277, 0.08496986859256972, -0.028624909994920733, -0.13276352124046809, 0.12022249567418464, -0.09473000204520843, -0.08992573967606865, -0.10771865185446905, 0.050234067231386126, -0.015879522648265754, -0.06239812179291859, -0.17560569052527142, -0.12045316850942966, 0.04679897272989764, -0.532705929462647, -0.04669754133915638, 0.3366612656552255, 0.12977661960234266, -0.15259342244309848, -0.02299841310491124, -0.2198148805773419, -0.24486028807668858, -0.0020776855301025687, -0.046366314341181214, -0.0468428756717445, -0.22167171425938803, -0.025803281313732773, 0.08163372737954533, 0.46575764320845736, -0.22797353916479035, 0.27381897024836044, -0.11297371472537221, 0.19997026204458046, 0.2678808932754715, 0.35445012329093184, 0.018403232939594227, 0.13618325695038025, 0.17964541446537496, -0.25266402383297204, -0.17078613931933595, 0.13788717876386358, -0.12017617570859929, -0.1405417916568703, 0.6115337010069892, 0.07532659288206767, 0.12609447351711212, 0.026295236102740427, -0.05169990953671344, 0.09551910713406309, -0.19521587570326537, -0.04509419110103763, -0.08901486361899891, 0.11724621654283873, 0.13451114247861562, -0.03445947110787606, -0.10523649628853504, 0.18480964563520375, 0.105279515962039, 0.05640168532568901, 0.6724550766740356, 0.23954779991476394, 0.42162257591462704, 0.16155056835981374, -0.10846890902632977, -0.2222124992426513, -0.4517804938933556, -0.24108219051874769, 0.08748608203983665, 0.008187900203852516, 0.39310792399053995, 0.1236939595040909, -0.03835123980679156, 0.07551184234925068, -0.2579396961792051, 0.01928278209864609, 0.5525730486310307, 0.22576341733400462, 0.11322470894312553, 0.1153277362812768, 0.050010068386934003, -0.993962934883873, 0.028796572869037584, 0.05644419664000666, 0.010237272568210054, 0.13094237383516494, 0.06876743427018739, 0.1492902119345667, 0.1791454059262494, 0.08686445113117558, 0.0949457225936704]"
5,"['lNONHSAG000008', 'lNONHSAG000047', 'lNONHSAG000059', 'lNONHSAG000069', 'lNONHSAG000130', 'lNONHSAG000158', 'lNONHSAG000195', 'lNONHSAG000241', 'lNONHSAG000310', 'lNONHSAG000311', 'lNONHSAG000374', 'lNONHSAG000381', 'lNONHSAG000484', 'lNONHSAG000498', 'lNONHSAG000579', 'lNONHSAG000584', 'lNONHSAG000603', 'lNONHSAG000625', 'lNONHSAG000769', 'lNONHSAG000840', 'lNONHSAG000863', 'lNONHSAG000884', 'lNONHSAG000918', 'lNONHSAG000938', 'lNONHSAG000967', 'lNONHSAG001142', 'lNONHSAG001172', 'lNONHSAG001238', 'lNONHSAG001247', 'lNONHSAG001259', 'lNONHSAG001278', 'lNONHSAG001284', 'lNONHSAG001360', 'lNONHSAG001375', 'lNONHSAG001448', 'lNONHSAG001468', 'lNONHSAG001499', 'lNONHSAG001513', 'lNONHSAG001696', 'lNONHSAG001724', 'lNONHSAG001773', 'lNONHSAG001837', 'lNONHSAG001941', 'lNONHSAG001993', 'lNONHSAG002056', 'lNONHSAG002058', 'lNONHSAG002086', 'lNONHSAG002134', 'lNONHSAG002135', 'lNONHSAG002343', 'lNONHSAG002359', 'lNONHSAG002376', 'lNONHSAG002378', 'lNONHSAG002454', 'lNONHSAG002490', 'lNONHSAG002549', 'lNONHSAG002617', 'lNONHSAG002669', 'lNONHSAG002701', 'lNONHSAG002719', 'lNONHSAG002731', 'lNONHSAG002859', 'lNONHSAG002883', 'lNONHSAG002978', 'lNONHSAG003053', 'lNONHSAG003056', 'lNONHSAG003074', 'lNONHSAG003077', 'lNONHSAG003119', 'lNONHSAG003134', 'lNONHSAG003156', 'lNONHSAG003198', 'lNONHSAG003260', 'lNONHSAG003269', 'lNONHSAG003303', 'lNONHSAG003374', 'lNONHSAG003505', 'lNONHSAG003512', 'lNONHSAG003820', 'lNONHSAG003874', 'lNONHSAG003884', 'lNONHSAG003886', 'lNONHSAG003900', 'lNONHSAG003911', 'lNONHSAG003912', 'lNONHSAG003938', 'lNONHSAG003957', 'lNONHSAG003976', 'lNONHSAG004013', 'lNONHSAG004026', 'lNONHSAG004095', 'lNONHSAG004247', 'lNONHSAG004303', 'lNONHSAG004305', 'lNONHSAG004373', 'lNONHSAG004673', 'lNONHSAG004674', 'lNONHSAG004714', 'lNONHSAG004743', 'lNONHSAG004779', 'lNONHSAG004868', 'lNONHSAG005084', 'lNONHSAG005153', 'lNONHSAG005339', 'lNONHSAG005403', 'lNONHSAG005482', 'lNONHSAG005699', 'lNONHSAG005711', 'lNONHSAG005728', 'lNONHSAG005732', 'lNONHSAG005742', 'lNONHSAG005780', 'lNONHSAG005838', 'lNONHSAG005866', 'lNONHSAG005920', 'lNONHSAG006007', 'lNONHSAG006049', 'lNONHSAG006050', 'lNONHSAG006054', 'lNONHSAG006071', 'lNONHSAG006163', 'lNONHSAG006204', 'lNONHSAG006212', 'lNONHSAG006238', 'lNONHSAG006301', 'lNONHSAG006341', 'lNONHSAG006362', 'lNONHSAG006454', 'lNONHSAG006474', 'lNONHSAG006477', 'lNONHSAG006526', 'lNONHSAG006633', 'lNONHSAG006678', 'lNONHSAG006692', 'lNONHSAG006735', 'lNONHSAG006756', 'lNONHSAG006772', 'lNONHSAG006865', 'lNONHSAG006945', 'lNONHSAG007295', 'lNONHSAG007384', 'lNONHSAG007430', 'lNONHSAG007431', 'lNONHSAG007434', 'lNONHSAG007455', 'lNONHSAG007463', 'lNONHSAG007487', 'lNONHSAG007538', 'lNONHSAG007602', 'lNONHSAG007631', 'lNONHSAG007692', 'lNONHSAG007708', 'lNONHSAG007715', 'lNONHSAG007868', 'lNONHSAG007961', 'lNONHSAG007983', 'lNONHSAG007984', 'lNONHSAG008015', 'lNONHSAG008037', 'lNONHSAG008056', 'lNONHSAG008167', 'lNONHSAG008199', 'lNONHSAG008220', 'lNONHSAG008354', 'lNONHSAG008517', 'lNONHSAG008540', 'lNONHSAG008589', 'lNONHSAG008615', 'lNONHSAG008654', 'lNONHSAG008670', 'lNONHSAG008675', 'lNONHSAG008693', 'lNONHSAG008726', 'lNONHSAG008728', 'lNONHSAG008759', 'lNONHSAG008859', 'lNONHSAG008937', 'lNONHSAG008952', 'lNONHSAG009021', 'lNONHSAG009039', 'lNONHSAG009059', 'lNONHSAG009062', 'lNONHSAG009124', 'lNONHSAG009130', 'lNONHSAG009134', 'lNONHSAG009180', 'lNONHSAG009228', 'lNONHSAG009544', 'lNONHSAG009546', 'lNONHSAG009636', 'lNONHSAG009728', 'lNONHSAG009747', 'lNONHSAG009755', 'lNONHSAG009757', 'lNONHSAG009782', 'lNONHSAG009913', 'lNONHSAG009938', 'lNONHSAG009950', 'lNONHSAG009968', 'lNONHSAG009989', 'lNONHSAG010021', 'lNONHSAG010117', 'lNONHSAG010179', 'lNONHSAG010184', 'lNONHSAG010189', 'lNONHSAG010190', 'lNONHSAG010193', 'lNONHSAG010194', 'lNONHSAG010200', 'lNONHSAG010348', 'lNONHSAG010352', 'lNONHSAG010405', 'lNONHSAG010416', 'lNONHSAG010543', 'lNONHSAG010657', 'lNONHSAG010658', 'lNONHSAG010716', 'lNONHSAG010792', 'lNONHSAG010798', 'lNONHSAG010940', 'lNONHSAG010986', 'lNONHSAG010989', 'lNONHSAG011028', 'lNONHSAG011057', 'lNONHSAG011070', 'lNONHSAG011084', 'lNONHSAG011086', 'lNONHSAG011090', 'lNONHSAG011121', 'lNONHSAG011125', 'lNONHSAG011211', 'lNONHSAG011230', 'lNONHSAG011264', 'lNONHSAG011337', 'lNONHSAG011343', 'lNONHSAG011375', 'lNONHSAG011439', 'lNONHSAG011446', 'lNONHSAG011518', 'lNONHSAG011524', 'lNONHSAG011576', 'lNONHSAG011633', 'lNONHSAG011790', 'lNONHSAG011854', 'lNONHSAG011870', 'lNONHSAG012025', 'lNONHSAG012076', 'lNONHSAG012077', 'lNONHSAG012099', 'lNONHSAG012297', 'lNONHSAG012303', 'lNONHSAG012339', 'lNONHSAG012375', 'lNONHSAG012423', 'lNONHSAG012476', 'lNONHSAG012505', 'lNONHSAG012549', 'lNONHSAG012555', 'lNONHSAG012594', 'lNONHSAG012614', 'lNONHSAG012617', 'lNONHSAG012751', 'lNONHSAG012791', 'lNONHSAG013005', 'lNONHSAG013060', 'lNONHSAG013095', 'lNONHSAG013098', 'lNONHSAG013109', 'lNONHSAG013431', 'lNONHSAG013475', 'lNONHSAG013515', 'lNONHSAG013730', 'lNONHSAG013809', 'lNONHSAG013912', 'lNONHSAG013940', 'lNONHSAG013942', 'lNONHSAG013944', 'lNONHSAG013946', 'lNONHSAG013992', 'lNONHSAG014098', 'lNONHSAG014112', 'lNONHSAG014130', 'lNONHSAG014267', 'lNONHSAG014289', 'lNONHSAG014332', 'lNONHSAG014362', 'lNONHSAG014372', 'lNONHSAG014373', 'lNONHSAG014381', 'lNONHSAG014496', 'lNONHSAG014502', 'lNONHSAG014546', 'lNONHSAG014562', 'lNONHSAG014591', 'lNONHSAG014672', 'lNONHSAG014679', 'lNONHSAG014730', 'lNONHSAG014890', 'lNONHSAG014891', 'lNONHSAG014914', 'lNONHSAG015044', 'lNONHSAG015163', 'lNONHSAG015215', 'lNONHSAG015234', 'lNONHSAG015352', 'lNONHSAG015417', 'lNONHSAG015454', 'lNONHSAG015461', 'lNONHSAG015505', 'lNONHSAG015591', 'lNONHSAG015623', 'lNONHSAG015692', 'lNONHSAG015723', 'lNONHSAG015787', 'lNONHSAG015788', 'lNONHSAG015961', 'lNONHSAG016021', 'lNONHSAG016068', 'lNONHSAG016118', 'lNONHSAG016199', 'lNONHSAG016307', 'lNONHSAG016395', 'lNONHSAG016403', 'lNONHSAG016486', 'lNONHSAG016487', 'lNONHSAG016576', 'lNONHSAG016611', 'lNONHSAG016618', 'lNONHSAG016623', 'lNONHSAG016733', 'lNONHSAG016741', 'lNONHSAG016749', 'lNONHSAG016771', 'lNONHSAG016822', 'lNONHSAG016893', 'lNONHSAG017060', 'lNONHSAG017232', 'lNONHSAG017254', 'lNONHSAG017282', 'lNONHSAG017344', 'lNONHSAG017349', 'lNONHSAG017376', 'lNONHSAG017377', 'lNONHSAG017417', 'lNONHSAG017486', 'lNONHSAG017504', 'lNONHSAG017567', 'lNONHSAG017666', 'lNONHSAG017767', 'lNONHSAG017783', 'lNONHSAG017890', 'lNONHSAG017899', 'lNONHSAG018053', 'lNONHSAG018054', 'lNONHSAG018058', 'lNONHSAG018110', 'lNONHSAG018180', 'lNONHSAG018203', 'lNONHSAG018236', 'lNONHSAG018313', 'lNONHSAG018322', 'lNONHSAG018326', 'lNONHSAG018341', 'lNONHSAG018344', 'lNONHSAG018374', 'lNONHSAG018414', 'lNONHSAG018415', 'lNONHSAG018416', 'lNONHSAG018417', 'lNONHSAG018420', 'lNONHSAG018461', 'lNONHSAG018530', 'lNONHSAG018586', 'lNONHSAG018621', 'lNONHSAG018635', 'lNONHSAG018656', 'lNONHSAG018659', 'lNONHSAG018707', 'lNONHSAG018709', 'lNONHSAG018711', 'lNONHSAG018829', 'lNONHSAG018893', 'lNONHSAG018980', 'lNONHSAG019003', 'lNONHSAG019012', 'lNONHSAG019014', 'lNONHSAG019021', 'lNONHSAG019023', 'lNONHSAG019031', 'lNONHSAG019049', 'lNONHSAG019051', 'lNONHSAG019079', 'lNONHSAG019090', 'lNONHSAG019115', 'lNONHSAG019134', 'lNONHSAG019158', 'lNONHSAG019270', 'lNONHSAG019332', 'lNONHSAG019370', 'lNONHSAG019439', 'lNONHSAG019493', 'lNONHSAG019569', 'lNONHSAG019613', 'lNONHSAG019667', 'lNONHSAG019670', 'lNONHSAG019711', 'lNONHSAG019767', 'lNONHSAG019813', 'lNONHSAG019814', 'lNONHSAG019852', 'lNONHSAG019878', 'lNONHSAG019898', 'lNONHSAG019967', 'lNONHSAG020053', 'lNONHSAG020066', 'lNONHSAG020068', 'lNONHSAG020075', 'lNONHSAG020091', 'lNONHSAG020107', 'lNONHSAG020153', 'lNONHSAG020155', 'lNONHSAG020218', 'lNONHSAG020223', 'lNONHSAG020252', 'lNONHSAG020259', 'lNONHSAG020260', 'lNONHSAG020273', 'lNONHSAG020274', 'lNONHSAG020277', 'lNONHSAG020278', 'lNONHSAG020281', 'lNONHSAG020298', 'lNONHSAG020304', 'lNONHSAG020307', 'lNONHSAG020312', 'lNONHSAG020321', 'lNONHSAG020325', 'lNONHSAG020339', 'lNONHSAG020361', 'lNONHSAG020367', 'lNONHSAG020372', 'lNONHSAG020382', 'lNONHSAG020403', 'lNONHSAG020474', 'lNONHSAG020476', 'lNONHSAG020600', 'lNONHSAG020616', 'lNONHSAG020729', 'lNONHSAG020731', 'lNONHSAG020759', 'lNONHSAG020760', 'lNONHSAG020771', 'lNONHSAG020869', 'lNONHSAG020957', 'lNONHSAG020990', 'lNONHSAG021042', 'lNONHSAG021072', 'lNONHSAG021307', 'lNONHSAG021309', 'lNONHSAG021315', 'lNONHSAG021335', 'lNONHSAG021347', 'lNONHSAG021370', 'lNONHSAG021390', 'lNONHSAG021400', 'lNONHSAG021410', 'lNONHSAG021431', 'lNONHSAG021432', 'lNONHSAG021433', 'lNONHSAG021471', 'lNONHSAG021557', 'lNONHSAG021567', 'lNONHSAG021584', 'lNONHSAG021641', 'lNONHSAG021698', 'lNONHSAG021760', 'lNONHSAG021780', 'lNONHSAG021820', 'lNONHSAG021846', 'lNONHSAG021874', 'lNONHSAG021878', 'lNONHSAG021882', 'lNONHSAG021893', 'lNONHSAG021909', 'lNONHSAG021976', 'lNONHSAG021981', 'lNONHSAG022009', 'lNONHSAG022030', 'lNONHSAG022058', 'lNONHSAG022078', 'lNONHSAG022088', 'lNONHSAG022103', 'lNONHSAG022110', 'lNONHSAG022125', 'lNONHSAG022162', 'lNONHSAG022311', 'lNONHSAG022327', 'lNONHSAG022328', 'lNONHSAG022335', 'lNONHSAG022339', 'lNONHSAG022378', 'lNONHSAG022495', 'lNONHSAG022510', 'lNONHSAG022551', 'lNONHSAG022579', 'lNONHSAG022595', 'lNONHSAG022597', 'lNONHSAG022655', 'lNONHSAG022690', 'lNONHSAG022743', 'lNONHSAG022750', 'lNONHSAG022806', 'lNONHSAG022836', 'lNONHSAG022845', 'lNONHSAG022851', 'lNONHSAG022888', 'lNONHSAG022965', 'lNONHSAG022972', 'lNONHSAG022980', 'lNONHSAG022982', 'lNONHSAG023003', 'lNONHSAG023049', 'lNONHSAG023051', 'lNONHSAG023175', 'lNONHSAG023237', 'lNONHSAG023375', 'lNONHSAG023387', 'lNONHSAG023392', 'lNONHSAG023494', 'lNONHSAG023579', 'lNONHSAG023598', 'lNONHSAG023607', 'lNONHSAG023614', 'lNONHSAG023630', 'lNONHSAG023633', 'lNONHSAG023635', 'lNONHSAG023661', 'lNONHSAG023668', 'lNONHSAG023740', 'lNONHSAG023837', 'lNONHSAG023864', 'lNONHSAG023885', 'lNONHSAG023888', 'lNONHSAG023930', 'lNONHSAG024117', 'lNONHSAG024141', 'lNONHSAG024146', 'lNONHSAG024171', 'lNONHSAG024224', 'lNONHSAG024244', 'lNONHSAG024282', 'lNONHSAG024332', 'lNONHSAG024340', 'lNONHSAG024341', 'lNONHSAG024354', 'lNONHSAG024361', 'lNONHSAG024362', 'lNONHSAG024364', 'lNONHSAG024381', 'lNONHSAG024391', 'lNONHSAG024393', 'lNONHSAG024395', 'lNONHSAG024428', 'lNONHSAG024540', 'lNONHSAG024542', 'lNONHSAG024668', 'lNONHSAG024671', 'lNONHSAG024676', 'lNONHSAG024681', 'lNONHSAG024741', 'lNONHSAG024809', 'lNONHSAG024818', 'lNONHSAG024826', 'lNONHSAG024903', 'lNONHSAG024905', 'lNONHSAG024908', 'lNONHSAG024913', 'lNONHSAG024921', 'lNONHSAG024923', 'lNONHSAG024925', 'lNONHSAG024979', 'lNONHSAG025011', 'lNONHSAG025135', 'lNONHSAG025137', 'lNONHSAG025157', 'lNONHSAG025185', 'lNONHSAG025319', 'lNONHSAG025352', 'lNONHSAG025483', 'lNONHSAG025485', 'lNONHSAG025609', 'lNONHSAG025712', 'lNONHSAG025743', 'lNONHSAG025744', 'lNONHSAG025864', 'lNONHSAG025865', 'lNONHSAG025867', 'lNONHSAG025907', 'lNONHSAG025934', 'lNONHSAG025939', 'lNONHSAG025964', 'lNONHSAG025997', 'lNONHSAG026053', 'lNONHSAG026089', 'lNONHSAG026091', 'lNONHSAG026103', 'lNONHSAG026176', 'lNONHSAG026205', 'lNONHSAG026274', 'lNONHSAG026364', 'lNONHSAG026386', 'lNONHSAG026575', 'lNONHSAG026599', 'lNONHSAG026631', 'lNONHSAG026661', 'lNONHSAG026720', 'lNONHSAG026721', 'lNONHSAG026737', 'lNONHSAG026743', 'lNONHSAG026794', 'lNONHSAG026852', 'lNONHSAG026854', 'lNONHSAG026856', 'lNONHSAG027017', 'lNONHSAG027075', 'lNONHSAG027110', 'lNONHSAG027278', 'lNONHSAG027323', 'lNONHSAG027342', 'lNONHSAG027374', 'lNONHSAG027421', 'lNONHSAG027482', 'lNONHSAG027598', 'lNONHSAG027618', 'lNONHSAG027675', 'lNONHSAG027682', 'lNONHSAG027692', 'lNONHSAG027694', 'lNONHSAG027709', 'lNONHSAG027837', 'lNONHSAG027874', 'lNONHSAG027876', 'lNONHSAG028045', 'lNONHSAG028083', 'lNONHSAG028093', 'lNONHSAG028112', 'lNONHSAG028142', 'lNONHSAG028159', 'lNONHSAG028403', 'lNONHSAG028713', 'lNONHSAG028817', 'lNONHSAG028820', 'lNONHSAG028857', 'lNONHSAG028870', 'lNONHSAG028913', 'lNONHSAG028918', 'lNONHSAG028948', 'lNONHSAG028996', 'lNONHSAG029033', 'lNONHSAG029080', 'lNONHSAG029267', 'lNONHSAG029336', 'lNONHSAG029377', 'lNONHSAG029467', 'lNONHSAG029668', 'lNONHSAG029792', 'lNONHSAG029830', 'lNONHSAG029873', 'lNONHSAG029880', 'lNONHSAG029933', 'lNONHSAG029956', 'lNONHSAG029957', 'lNONHSAG029958', 'lNONHSAG029959', 'lNONHSAG029960', 'lNONHSAG029961', 'lNONHSAG029964', 'lNONHSAG029985', 'lNONHSAG030074', 'lNONHSAG030129', 'lNONHSAG030244', 'lNONHSAG030258', 'lNONHSAG030278', 'lNONHSAG030279', 'lNONHSAG030304', 'lNONHSAG030333', 'lNONHSAG030410', 'lNONHSAG030440', 'lNONHSAG030487', 'lNONHSAG030516', 'lNONHSAG030525', 'lNONHSAG030582', 'lNONHSAG030583', 'lNONHSAG030738', 'lNONHSAG030739', 'lNONHSAG030742', 'lNONHSAG031025', 'lNONHSAG031035', 'lNONHSAG031123', 'lNONHSAG031261', 'lNONHSAG031385', 'lNONHSAG031425', 'lNONHSAG031453', 'lNONHSAG031456', 'lNONHSAG031481', 'lNONHSAG031563', 'lNONHSAG031565', 'lNONHSAG031581', 'lNONHSAG031584', 'lNONHSAG031636', 'lNONHSAG031696', 'lNONHSAG031853', 'lNONHSAG031900', 'lNONHSAG031913', 'lNONHSAG031991', 'lNONHSAG032126', 'lNONHSAG032247', 'lNONHSAG032267', 'lNONHSAG032297', 'lNONHSAG032302', 'lNONHSAG032309', 'lNONHSAG032312', 'lNONHSAG032560', 'lNONHSAG032664', 'lNONHSAG032682', 'lNONHSAG032724', 'lNONHSAG032735', 'lNONHSAG032737', 'lNONHSAG032748', 'lNONHSAG033027', 'lNONHSAG033061', 'lNONHSAG033100', 'lNONHSAG033105', 'lNONHSAG033107', 'lNONHSAG033121', 'lNONHSAG033168', 'lNONHSAG033170', 'lNONHSAG033216', 'lNONHSAG033224', 'lNONHSAG033254', 'lNONHSAG033263', 'lNONHSAG033266', 'lNONHSAG033298', 'lNONHSAG033328', 'lNONHSAG033334', 'lNONHSAG033342', 'lNONHSAG033348', 'lNONHSAG033352', 'lNONHSAG033368', 'lNONHSAG033386', 'lNONHSAG033390', 'lNONHSAG033435', 'lNONHSAG033459', 'lNONHSAG033471', 'lNONHSAG033480', 'lNONHSAG033528', 'lNONHSAG033611', 'lNONHSAG033645', 'lNONHSAG033691', 'lNONHSAG033716', 'lNONHSAG033735', 'lNONHSAG033748', 'lNONHSAG033862', 'lNONHSAG033896', 'lNONHSAG033898', 'lNONHSAG033899', 'lNONHSAG033937', 'lNONHSAG033940', 'lNONHSAG034006', 'lNONHSAG034014', 'lNONHSAG034021', 'lNONHSAG034032', 'lNONHSAG034217', 'lNONHSAG034316', 'lNONHSAG034417', 'lNONHSAG034418', 'lNONHSAG034492', 'lNONHSAG034508', 'lNONHSAG034527', 'lNONHSAG034678', 'lNONHSAG034801', 'lNONHSAG034845', 'lNONHSAG034846', 'lNONHSAG034973', 'lNONHSAG035096', 'lNONHSAG035103', 'lNONHSAG035262', 'lNONHSAG035287', 'lNONHSAG035382', 'lNONHSAG035531', 'lNONHSAG035568', 'lNONHSAG035806', 'lNONHSAG035914', 'lNONHSAG035916', 'lNONHSAG035919', 'lNONHSAG035923', 'lNONHSAG036047', 'lNONHSAG036054', 'lNONHSAG036120', 'lNONHSAG036255', 'lNONHSAG036273', 'lNONHSAG036407', 'lNONHSAG036413', 'lNONHSAG036612', 'lNONHSAG036615', 'lNONHSAG036667', 'lNONHSAG036718', 'lNONHSAG036783', 'lNONHSAG036866', 'lNONHSAG036926', 'lNONHSAG037025', 'lNONHSAG037061', 'lNONHSAG037073', 'lNONHSAG037080', 'lNONHSAG037082', 'lNONHSAG037096', 'lNONHSAG037146', 'lNONHSAG037241', 'lNONHSAG037348', 'lNONHSAG037420', 'lNONHSAG037559', 'lNONHSAG037827', 'lNONHSAG037891', 'lNONHSAG037936', 'lNONHSAG037946', 'lNONHSAG038001', 'lNONHSAG038024', 'lNONHSAG038060', 'lNONHSAG038091', 'lNONHSAG038343', 'lNONHSAG038344', 'lNONHSAG038397', 'lNONHSAG038502', 'lNONHSAG038530', 'lNONHSAG038561', 'lNONHSAG038578', 'lNONHSAG038675', 'lNONHSAG038676', 'lNONHSAG038682', 'lNONHSAG038836', 'lNONHSAG039037', 'lNONHSAG039038', 'lNONHSAG039147', 'lNONHSAG039295', 'lNONHSAG039319', 'lNONHSAG039617', 'lNONHSAG039620', 'lNONHSAG039634', 'lNONHSAG039637', 'lNONHSAG039654', 'lNONHSAG039669', 'lNONHSAG039749', 'lNONHSAG039872', 'lNONHSAG039951', 'lNONHSAG040179', 'lNONHSAG040188', 'lNONHSAG040226', 'lNONHSAG040241', 'lNONHSAG040269', 'lNONHSAG040320', 'lNONHSAG040329', 'lNONHSAG040408', 'lNONHSAG040444', 'lNONHSAG040481', 'lNONHSAG040542', 'lNONHSAG040544', 'lNONHSAG040560', 'lNONHSAG040601', 'lNONHSAG040692', 'lNONHSAG040700', 'lNONHSAG040804', 'lNONHSAG040870', 'lNONHSAG040909', 'lNONHSAG040958', 'lNONHSAG040969', 'lNONHSAG040976', 'lNONHSAG041002', 'lNONHSAG041017', 'lNONHSAG041023', 'lNONHSAG041241', 'lNONHSAG041250', 'lNONHSAG041256', 'lNONHSAG041257', 'lNONHSAG041480', 'lNONHSAG041528', 'lNONHSAG041529', 'lNONHSAG041592', 'lNONHSAG041670', 'lNONHSAG041707', 'lNONHSAG041716', 'lNONHSAG041758', 'lNONHSAG041844', 'lNONHSAG041883', 'lNONHSAG041938', 'lNONHSAG041966', 'lNONHSAG041981', 'lNONHSAG042033', 'lNONHSAG042050', 'lNONHSAG042062', 'lNONHSAG042080', 'lNONHSAG042132', 'lNONHSAG042138', 'lNONHSAG042218', 'lNONHSAG042270', 'lNONHSAG042306', 'lNONHSAG042307', 'lNONHSAG042370', 'lNONHSAG042433', 'lNONHSAG042476', 'lNONHSAG042491', 'lNONHSAG042500', 'lNONHSAG042722', 'lNONHSAG042724', 'lNONHSAG042836', 'lNONHSAG042855', 'lNONHSAG042957', 'lNONHSAG042966', 'lNONHSAG042970', 'lNONHSAG042991', 'lNONHSAG043138', 'lNONHSAG043159', 'lNONHSAG043229', 'lNONHSAG043303', 'lNONHSAG043433', 'lNONHSAG043550', 'lNONHSAG043592', 'lNONHSAG043625', 'lNONHSAG043657', 'lNONHSAG043770', 'lNONHSAG043851', 'lNONHSAG044022', 'lNONHSAG044041', 'lNONHSAG044064', 'lNONHSAG044283', 'lNONHSAG044350', 'lNONHSAG044406', 'lNONHSAG044429', 'lNONHSAG044533', 'lNONHSAG044624', 'lNONHSAG044666', 'lNONHSAG044709', 'lNONHSAG044751', 'lNONHSAG044791', 'lNONHSAG045131', 'lNONHSAG045160', 'lNONHSAG045163', 'lNONHSAG045306', 'lNONHSAG045383', 'lNONHSAG045430', 'lNONHSAG046722', 'lNONHSAG046730', 'lNONHSAG046781', 'lNONHSAG046839', 'lNONHSAG046953', 'lNONHSAG047182', 'lNONHSAG047191', 'lNONHSAG047197', 'lNONHSAG047260', 'lNONHSAG047319', 'lNONHSAG047433', 'lNONHSAG047463', 'lNONHSAG047469', 'lNONHSAG047471', 'lNONHSAG047507', 'lNONHSAG047543', 'lNONHSAG047544', 'lNONHSAG047547', 'lNONHSAG047619', 'lNONHSAG047620', 'lNONHSAG047725', 'lNONHSAG047792', 'lNONHSAG047796', 'lNONHSAG047830', 'lNONHSAG047840', 'lNONHSAG047842', 'lNONHSAG047851', 'lNONHSAG047973', 'lNONHSAG047974', 'lNONHSAG048057', 'lNONHSAG048114', 'lNONHSAG048189', 'lNONHSAG048191', 'lNONHSAG048201', 'lNONHSAG048228', 'lNONHSAG048231', 'lNONHSAG048270', 'lNONHSAG048302', 'lNONHSAG048354', 'lNONHSAG048464', 'lNONHSAG048598', 'lNONHSAG048602', 'lNONHSAG048603', 'lNONHSAG048610', 'lNONHSAG048623', 'lNONHSAG048624', 'lNONHSAG048626', 'lNONHSAG048641', 'lNONHSAG048682', 'lNONHSAG048695', 'lNONHSAG048781', 'lNONHSAG048817', 'lNONHSAG049037', 'lNONHSAG049050', 'lNONHSAG049051', 'lNONHSAG049119', 'lNONHSAG049129', 'lNONHSAG049157', 'lNONHSAG049185', 'lNONHSAG049191', 'lNONHSAG049288', 'lNONHSAG049303', 'lNONHSAG049356', 'lNONHSAG049421', 'lNONHSAG049507', 'lNONHSAG049626', 'lNONHSAG049655', 'lNONHSAG049754', 'lNONHSAG049801', 'lNONHSAG049901', 'lNONHSAG050073', 'lNONHSAG050104', 'lNONHSAG050167', 'lNONHSAG050168', 'lNONHSAG050272', 'lNONHSAG050273', 'lNONHSAG050284', 'lNONHSAG050345', 'lNONHSAG050423', 'lNONHSAG050445', 'lNONHSAG050493', 'lNONHSAG050518', 'lNONHSAG050670', 'lNONHSAG050725', 'lNONHSAG050769', 'lNONHSAG050786', 'lNONHSAG050815', 'lNONHSAG050929', 'lNONHSAG050985', 'lNONHSAG051010', 'lNONHSAG051015', 'lNONHSAG051166', 'lNONHSAG051196', 'lNONHSAG051245', 'lNONHSAG051250', 'lNONHSAG051255', 'lNONHSAG051259', 'lNONHSAG051260', 'lNONHSAG051263', 'lNONHSAG051266', 'lNONHSAG051291', 'lNONHSAG051448', 'lNONHSAG051454', 'lNONHSAG051484', 'lNONHSAG051514', 'lNONHSAG051517', 'lNONHSAG051523', 'lNONHSAG051542', 'lNONHSAG051567', 'lNONHSAG051568', 'lNONHSAG051603', 'lNONHSAG051770', 'lNONHSAG051898', 'lNONHSAG051958', 'lNONHSAG052046', 'lNONHSAG052082', 'lNONHSAG052097', 'lNONHSAG052119', 'lNONHSAG052149', 'lNONHSAG052151', 'lNONHSAG052179', 'lNONHSAG052454', 'lNONHSAG052459', 'lNONHSAG052491', 'lNONHSAG052492', 'lNONHSAG052511', 'lNONHSAG052609', 'lNONHSAG052686', 'lNONHSAG052709', 'lNONHSAG052726', 'lNONHSAG052853', 'lNONHSAG052908', 'lNONHSAG052925', 'lNONHSAG052929', 'lNONHSAG052931', 'lNONHSAG052933', 'lNONHSAG052943', 'lNONHSAG053007', 'lNONHSAG053014', 'lNONHSAG053028', 'lNONHSAG053033', 'lNONHSAG053082', 'lNONHSAG053108', 'lNONHSAG053162', 'lNONHSAG053228', 'lNONHSAG053419', 'lNONHSAG053456', 'lNONHSAG053499', 'lNONHSAG053500', 'lNONHSAG053502', 'lNONHSAG053546', 'lNONHSAG053547', 'lNONHSAG053590', 'lNONHSAG053602', 'lNONHSAG053626', 'lNONHSAG053631', 'lNONHSAG053651', 'lNONHSAG053716', 'lNONHSAG053719', 'lNONHSAG053748', 'lNONHSAG053796', 'lNONHSAG053802', 'lNONHSAG053842', 'lNONHSAG054024', 'lNONHSAG054038', 'lNONHSAG054212', 'lNONHSAG054213', 'lNONHSAG054215', 'lNONHSAG054216', 'lNONHSAG054301', 'lNONHSAG054360', 'lNONHSAG054432', 'lNONHSAG054699', 'lNONHSAG054716', 'lNONHSAG054717', 'lNONHSAG054718', 'lNONHSAG054780', 'lNONHSAG054791', 'lNONHSAG054807', 'lNONHSAG054832', 'lNONHSAG055008', 'lNONHSAG055088', 'lNONHSAG055092', 'lNONHSAG055151', 'lNONHSAG055258', 'lNONHSAG055350', 'lNONHSAG055418', 'lNONHSAG055450', 'lNONHSAG055546', 'lNONHSAG055558', 'lNONHSAG055565', 'lNONHSAG055577', 'lNONHSAG055582', 'lNONHSAG056025', 'lNONHSAG056029', 'lNONHSAG056733', 'lNONHSAG056746', 'lNONHSAG056868', 'lNONHSAG056875', 'lNONHSAG057043', 'lNONHSAG057222', 'lNONHSAG057260', 'lNONHSAG058006', 'lNONHSAG058112', 'lNONHSAG058118', 'lNONHSAG058128', 'lNONHSAG058967', 'lNONHSAG059768', 'lNONHSAG060586', 'lNONHSAG061096', 'lNONHSAG061404', 'lNONHSAG061492', 'lNONHSAG063700', 'lNONHSAG064784', 'lNONHSAG064962', 'lNONHSAG065252', 'lNONHSAG065364', 'lNONHSAG066253', 'lNONHSAG068402', 'lNONHSAG068639', 'lNONHSAG069030', 'lNONHSAG069147', 'lNONHSAG069277', 'lNONHSAG069876', 'lNONHSAG070257', 'lNONHSAG072176', 'lNONHSAG072945', 'lNONHSAG073025', 'lNONHSAG073380', 'lNONHSAG073406', 'lNONHSAG073786', 'lNONHSAG074052', 'lNONHSAG074661', 'lNONHSAG075363', 'lNONHSAG077475', 'lNONHSAG077527', 'lNONHSAG077551', 'lNONHSAG080772', 'lNONHSAG081227', 'lNONHSAG081583', 'lNONHSAG081993', 'lNONHSAG082891', 'lNONHSAG083209', 'lNONHSAG083289', 'lNONHSAG083615', 'lNONHSAG083859', 'lNONHSAG083883', 'lNONHSAG083894', 'lNONHSAG084701', 'lNONHSAG084832', 'lNONHSAG085975', 'lNONHSAG088562', 'lNONHSAG089857', 'lNONHSAG091116', 'lNONHSAG091452', 'lNONHSAG092907', 'lNONHSAG093064', 'lNONHSAG093078', 'lNONHSAG093517', 'lNONHSAG094075', 'lNONHSAG094129', 'lNONHSAG094269', 'lNONHSAG096130', 'lNONHSAG096230', 'lNONHSAG096627', 'lNONHSAG097344', 'lNONHSAG097347', 'lNONHSAG098653', 'lNONHSAG099120', 'lNONHSAG099126', 'lNONHSAG099742', 'lNONHSAG099774', 'lNONHSAG101229', 'lNONHSAG101725', 'lNONHSAG102572', 'lNONHSAG102979', 'lNONHSAG103259', 'lNONHSAG103457', 'lNONHSAG103817', 'lNONHSAG104186', 'lNONHSAG110420', 'lNONHSAG111667', 'lNONHSAG112396', 'lNONHSAG113761', 'lNONHSAG114445', 'lENSG00000103472', 'lENSG00000163364', 'lENSG00000171889', 'lENSG00000175061', 'lENSG00000177410', 'lENSG00000179406', 'lENSG00000179523', 'lENSG00000189295', 'lENSG00000198221', 'lENSG00000198468', 'lENSG00000203497', 'lENSG00000205611', 'lENSG00000223764', 'lENSG00000224057', 'lENSG00000224078', 'lENSG00000224614', 'lENSG00000225470', 'lENSG00000225506', 'lENSG00000225855', 'lENSG00000226115', 'lENSG00000226137', 'lENSG00000227082', 'lENSG00000227256', 'lENSG00000227963', 'lENSG00000228022', 'lENSG00000228526', 'lENSG00000229267', 'lENSG00000229335', 'lENSG00000229388', 'lENSG00000230046', 'lENSG00000230257', 'lENSG00000230313', 'lENSG00000230400', 'lENSG00000230866', 'lENSG00000231019', 'lENSG00000231437', 'lENSG00000231473', 'lENSG00000231663', 'lENSG00000232265', 'lENSG00000232415', 'lENSG00000233387', 'lENSG00000233532', 'lENSG00000233590', 'lENSG00000234222', 'lENSG00000234455', 'lENSG00000234625', 'lENSG00000235385', 'lENSG00000235535', 'lENSG00000235724', 'lENSG00000236240', 'lENSG00000236535', 'lENSG00000236671', 'lENSG00000237167', 'lENSG00000237396', 'lENSG00000237880', 'lENSG00000241388', 'lENSG00000242207', 'lENSG00000243479', 'lENSG00000244124', 'lENSG00000245067', 'lENSG00000245146', 'lENSG00000245614', 'lENSG00000246560', 'lENSG00000247095', 'lENSG00000247373', 'lENSG00000247400', 'lENSG00000247498', 'lENSG00000249532', 'lENSG00000249786', 'lENSG00000249835', 'lENSG00000249993', 'lENSG00000250635', 'lENSG00000251003', 'lENSG00000253315', 'lENSG00000254418', 'lENSG00000254480', 'lENSG00000254508', 'lENSG00000254635', 'lENSG00000255363', 'lENSG00000255553', 'lENSG00000255850', 'lENSG00000257084', 'lENSG00000257557', 'lENSG00000258197', 'lENSG00000258912', 'lENSG00000259289', 'lENSG00000259424', 'lENSG00000260219', 'lENSG00000260280', 'lENSG00000260455', 'lENSG00000260924', 'lENSG00000260969', 'lENSG00000261183', 'lENSG00000261423', 'lENSG00000261780', 'lENSG00000263718', 'lENSG00000264672', 'lENSG00000265374', 'lENSG00000266402', 'lENSG00000266970', 'lENSG00000267296', 'lENSG00000267321', 'lENSG00000267413', 'lENSG00000267440', 'lENSG00000267858', 'lENSG00000269911', 'lENSG00000269939', 'lENSG00000270084', 'lENSG00000270344', 'lENSG00000270959', 'lENSG00000272769', 'lENSG00000274372', 'lENSG00000278970', 'lENSG00000279296', 'lENSG00000281189', 'lENSG00000284070', 'lENSG00000285644', 'lENSG00000286004', 'lENSG00000286737', 'lENSG00000288080', 'lENSG00000224167', 'lENSG00000224739', 'lA1BG-AS1', 'lADAMTS9-AS2', 'lANKRD62P1-PARP4P3', 'lASMTL-AS1', 'lBANCR', 'lCDKN2B-AS1', 'lCRNDE', 'lDGKK', 'lDLX6-AS1', 'lEGOT', 'lFEZF1-AS1', 'lGATA6-AS1', 'lGHET1', 'lHEIH', 'lHOTAIRM1', 'lHOXA-AS3', 'lINHBA-AS1', 'lJPX', 'lJRK', 'lKCTD21-AS1', 'lKTN1-AS1', 'lLAMTOR5-AS1', 'lLBX2-AS1', 'lLINC00173', 'lLINC00174', 'lLINC00240', 'lLINC00333', 'lLINC00472', 'lLPP-AS2', 'lMCM3AP-AS1', 'lMEG3', 'lMIR181A1HG', 'lMIR31HG', 'lMYLK-AS1', 'lPANDAR', 'lPCGEM1', 'lPVT1', 'lRHPN1-AS1', 'lRMST', 'lSNHG15', 'lSNHG16', 'lSNX29P2', 'lTEN1-CDK3', 'lTPTEP1', 'lVCAN-AS1', 'lZFAS1', 'lZNF286B', 'lZNF503-AS2', 'lLINC00461', 'lLINC00514', 'lSRP14-AS1', 'lAC007009.1', 'lPWAR6', 'lAC004840.8', 'lAC103564.7', 'lAC135048.13', 'lAC137723.5', 'lAL928742.12', 'lAP001058.3', 'lCTB-91J4.1', 'lCTC-338M12.2', 'lCTD-2165H16.4', 'lCTD-2195B23.3', 'lCTD-2540L5.5', 'lKB-7G2.8', 'lLA16c-321D4.2', 'lLA16c-380H5.3', 'lLL22NC03-23C6.13', 'lRP1-283E3.8', 'lRP11-100F15.1', 'lRP11-104E19.1', 'lRP11-108M9.3', 'lRP11-123O10.4', 'lRP11-197N18.2', 'lRP11-227H15.4', 'lRP11-243J18.2', 'lRP11-24P14.1', 'lRP11-264B17.3', 'lRP11-2C24.4', 'lRP11-305P14.1', 'lRP11-439K3.1', 'lRP11-467J12.4', 'lRP11-49K24.4', 'lRP11-54O7.3', 'lRP11-550C4.6', 'lRP11-680A11.5', 'lRP4-756H11.3', 'lRP4-790G17.7', 'lRP5-1061H20.4', 'lRP5-1074L1.1', 'lRP5-1160K1.8', 'lXXbac-BPG300A18.13', 'lAC018766.4', 'lCTD-2231H16.1', 'lHNRNPU-AS1', 'lRP11-429J17.8', 'lRP11-672A2.1', 'lRP11-495P10.8', 'lCTA-250D10.23', 'lRP4-610C12.4', 'lLINC00035', 'lRP11-408H20.2', 'lNONHSAG000157', 'lNONHSAG000297', 'lNONHSAG000623', 'lNONHSAG000677', 'lNONHSAG000896', 'lNONHSAG000969', 'lNONHSAG000994', 'lNONHSAG001008', 'lNONHSAG001014', 'lNONHSAG001028', 'lNONHSAG001033', 'lNONHSAG001147', 'lNONHSAG001171', 'lNONHSAG001207', 'lNONHSAG001240', 'lNONHSAG001258', 'lNONHSAG001419', 'lNONHSAG001435', 'lNONHSAG002403', 'lNONHSAG002487', 'lNONHSAG002619', 'lNONHSAG002726', 'lNONHSAG002790', 'lNONHSAG002816', 'lNONHSAG003227', 'lNONHSAG003308', 'lNONHSAG003418', 'lNONHSAG003459', 'lNONHSAG003810', 'lNONHSAG003881', 'lNONHSAG004227', 'lNONHSAG004475', 'lNONHSAG004507', 'lNONHSAG004638', 'lNONHSAG004893', 'lNONHSAG005249', 'lNONHSAG005473', 'lNONHSAG005522', 'lNONHSAG005679', 'lNONHSAG005717', 'lNONHSAG005725', 'lNONHSAG005727', 'lNONHSAG005740', 'lNONHSAG005746', 'lNONHSAG005747', 'lNONHSAG005760', 'lNONHSAG005761', 'lNONHSAG005769', 'lNONHSAG005789', 'lNONHSAG005797', 'lNONHSAG005809', 'lNONHSAG005821', 'lNONHSAG005842', 'lNONHSAG005847', 'lNONHSAG005851', 'lNONHSAG005852', 'lNONHSAG005853', 'lNONHSAG005855', 'lNONHSAG005856', 'lNONHSAG005857', 'lNONHSAG005859', 'lNONHSAG005862', 'lNONHSAG005867', 'lNONHSAG005885', 'lNONHSAG005915', 'lNONHSAG005935', 'lNONHSAG005936', 'lNONHSAG005939', 'lNONHSAG005985', 'lNONHSAG005986', 'lNONHSAG006012', 'lNONHSAG006022', 'lNONHSAG006078', 'lNONHSAG006086', 'lNONHSAG006091', 'lNONHSAG006097', 'lNONHSAG006103', 'lNONHSAG006160', 'lNONHSAG006183', 'lNONHSAG006186', 'lNONHSAG006187', 'lNONHSAG006188', 'lNONHSAG006206', 'lNONHSAG006220', 'lNONHSAG006221', 'lNONHSAG006235', 'lNONHSAG006240', 'lNONHSAG006274', 'lNONHSAG006279', 'lNONHSAG006290', 'lNONHSAG006293', 'lNONHSAG006300', 'lNONHSAG006314', 'lNONHSAG006324', 'lNONHSAG006376', 'lNONHSAG006377', 'lNONHSAG006382', 'lNONHSAG006388', 'lNONHSAG006395', 'lNONHSAG006399', 'lNONHSAG006405', 'lNONHSAG006407', 'lNONHSAG006412', 'lNONHSAG006415', 'lNONHSAG006434', 'lNONHSAG006440', 'lNONHSAG006459', 'lNONHSAG006493', 'lNONHSAG006507', 'lNONHSAG006527', 'lNONHSAG006536', 'lNONHSAG006551', 'lNONHSAG006555', 'lNONHSAG006557', 'lNONHSAG006573', 'lNONHSAG006576', 'lNONHSAG006579', 'lNONHSAG006581', 'lNONHSAG006586', 'lNONHSAG006591', 'lNONHSAG006602', 'lNONHSAG006646', 'lNONHSAG006653', 'lNONHSAG006669', 'lNONHSAG006716', 'lNONHSAG006748', 'lNONHSAG006750', 'lNONHSAG006779', 'lNONHSAG006808', 'lNONHSAG006830', 'lNONHSAG006832', 'lNONHSAG006837', 'lNONHSAG006855', 'lNONHSAG006883', 'lNONHSAG006889', 'lNONHSAG006894', 'lNONHSAG006897', 'lNONHSAG006909', 'lNONHSAG006915', 'lNONHSAG006922', 'lNONHSAG006967', 'lNONHSAG006970', 'lNONHSAG006976', 'lNONHSAG007000', 'lNONHSAG007008', 'lNONHSAG007020', 'lNONHSAG007023', 'lNONHSAG007029', 'lNONHSAG007063', 'lNONHSAG007087', 'lNONHSAG007103', 'lNONHSAG007118', 'lNONHSAG007129', 'lNONHSAG007139', 'lNONHSAG007155', 'lNONHSAG007172', 'lNONHSAG007203', 'lNONHSAG007222', 'lNONHSAG007224', 'lNONHSAG007242', 'lNONHSAG007259', 'lNONHSAG007278', 'lNONHSAG007286', 'lNONHSAG007298', 'lNONHSAG007414', 'lNONHSAG007419', 'lNONHSAG007429', 'lNONHSAG007458', 'lNONHSAG007488', 'lNONHSAG007507', 'lNONHSAG007531', 'lNONHSAG007533', 'lNONHSAG007543', 'lNONHSAG007544', 'lNONHSAG007554', 'lNONHSAG007563', 'lNONHSAG007574', 'lNONHSAG007587', 'lNONHSAG007599', 'lNONHSAG007621', 'lNONHSAG007632', 'lNONHSAG007638', 'lNONHSAG007730', 'lNONHSAG007932', 'lENSG00000083622', 'lENSG00000105501', 'lENSG00000122043', 'lENSG00000149443', 'lENSG00000175746', 'lENSG00000177596', 'lENSG00000178248', 'lENSG00000197644', 'lENSG00000197880', 'lENSG00000198054', 'lENSG00000198671', 'lENSG00000203307', 'lENSG00000203434', 'lENSG00000203472', 'lENSG00000203565', 'lENSG00000203605', 'lENSG00000203864', 'lENSG00000204464', 'lENSG00000205018', 'lENSG00000205452', 'lENSG00000205500', 'lENSG00000212856', 'lENSG00000219410', 'lENSG00000221845', 'lENSG00000222000', 'lENSG00000222032', 'lENSG00000222044', 'lENSG00000223374', 'lENSG00000223381', 'lENSG00000223387', 'lENSG00000223400', 'lENSG00000223537', 'lENSG00000223563', 'lENSG00000223598', 'lENSG00000223634', 'lENSG00000223643', 'lENSG00000223647', 'lENSG00000223727', 'lENSG00000223786', 'lENSG00000223809', 'lENSG00000223831', 'lENSG00000223870', 'lENSG00000223881', 'lENSG00000223966', 'lENSG00000224075', 'lENSG00000224087', 'lENSG00000224095', 'lENSG00000224220', 'lENSG00000224330', 'lENSG00000224500', 'lENSG00000224535', 'lENSG00000224541', 'lENSG00000224549', 'lENSG00000224595', 'lENSG00000224645', 'lENSG00000224655', 'lENSG00000224794', 'lENSG00000224821', 'lENSG00000224844', 'lENSG00000224857', 'lENSG00000224885', 'lENSG00000224922', 'lENSG00000224972', 'lENSG00000225012', 'lENSG00000225050', 'lENSG00000225129', 'lENSG00000225146', 'lENSG00000225218', 'lENSG00000225325', 'lENSG00000225334', 'lENSG00000225378', 'lENSG00000225457', 'lENSG00000225570', 'lENSG00000225588', 'lENSG00000225647', 'lENSG00000225750', 'lENSG00000225751', 'lENSG00000225761', 'lENSG00000225798', 'lENSG00000225886', 'lENSG00000225919', 'lENSG00000225929', 'lENSG00000226047', 'lENSG00000226089', 'lENSG00000226133', 'lENSG00000226143', 'lENSG00000226193', 'lENSG00000226194', 'lENSG00000226238', 'lENSG00000226323', 'lENSG00000226337', 'lENSG00000226398', 'lENSG00000226442', 'lENSG00000226454', 'lENSG00000226508', 'lENSG00000226522', 'lENSG00000226542', 'lENSG00000226562', 'lENSG00000226566', 'lENSG00000226576', 'lENSG00000226601', 'lENSG00000226647', 'lENSG00000226699', 'lENSG00000226770', 'lENSG00000226813', 'lENSG00000226883', 'lENSG00000226925', 'lENSG00000226956', 'lENSG00000226957', 'lENSG00000227075', 'lENSG00000227125', 'lENSG00000227131', 'lENSG00000227181', 'lENSG00000227197', 'lENSG00000227330', 'lENSG00000227360', 'lENSG00000227409', 'lENSG00000227459', 'lENSG00000227482', 'lENSG00000227496', 'lENSG00000227509', 'lENSG00000227512', 'lENSG00000227549', 'lENSG00000227579', 'lENSG00000227611', 'lENSG00000227680', 'lENSG00000227716', 'lENSG00000227718', 'lENSG00000227769', 'lENSG00000227863', 'lENSG00000227893', 'lENSG00000227930', 'lENSG00000227958', 'lENSG00000227960', 'lENSG00000228028', 'lENSG00000228082', 'lENSG00000228108', 'lENSG00000228136', 'lENSG00000228170', 'lENSG00000228215', 'lENSG00000228231', 'lENSG00000228261', 'lENSG00000228272', 'lENSG00000228351', 'lENSG00000228372', 'lENSG00000228383', 'lENSG00000228470', 'lENSG00000228485', 'lENSG00000228548', 'lENSG00000228596', 'lENSG00000228804', 'lENSG00000228826', 'lENSG00000228852', 'lENSG00000228939', 'lENSG00000228950', 'lENSG00000229152', 'lENSG00000229162', 'lENSG00000229167', 'lENSG00000229190', 'lENSG00000229224', 'lENSG00000229283', 'lENSG00000229297', 'lENSG00000229331', 'lENSG00000229345', 'lENSG00000229370', 'lENSG00000229379', 'lENSG00000229444', 'lENSG00000229457', 'lENSG00000229487', 'lENSG00000229498', 'lENSG00000229528', 'lENSG00000229531', 'lENSG00000229673', 'lENSG00000229679', 'lENSG00000229688', 'lENSG00000229848', 'lENSG00000229851', 'lENSG00000229953', 'lENSG00000229999', 'lENSG00000230010', 'lENSG00000230065', 'lENSG00000230109', 'lENSG00000230121', 'lENSG00000230153', 'lENSG00000230155', 'lENSG00000230190', 'lENSG00000230197', 'lENSG00000230212', 'lENSG00000230234', 'lENSG00000230323', 'lENSG00000230432', 'lENSG00000230483', 'lENSG00000230499', 'lENSG00000230599', 'lENSG00000230668', 'lENSG00000230735', 'lENSG00000230759', 'lENSG00000230794', 'lENSG00000230826', 'lENSG00000230830', 'lENSG00000230912', 'lENSG00000230918', 'lENSG00000230972', 'lENSG00000231081', 'lENSG00000231082', 'lENSG00000231092', 'lENSG00000231102', 'lENSG00000231114', 'lENSG00000231143', 'lENSG00000231253', 'lENSG00000231407', 'lENSG00000231413', 'lENSG00000231440', 'lENSG00000231492', 'lENSG00000231496', 'lENSG00000231539', 'lENSG00000231597', 'lENSG00000231678', 'lENSG00000231681', 'lENSG00000231724', 'lENSG00000231760', 'lENSG00000231772', 'lENSG00000231781', 'lENSG00000231914', 'lENSG00000231937', 'lENSG00000231953', 'lENSG00000231964', 'lENSG00000232031', 'lENSG00000232058', 'lENSG00000232086', 'lENSG00000232120', 'lENSG00000232192', 'lENSG00000232197', 'lENSG00000232252', 'lENSG00000232286', 'lENSG00000232310', 'lENSG00000232328', 'lENSG00000232359', 'lENSG00000232363', 'lENSG00000232451', 'lENSG00000232464', 'lENSG00000232465', 'lENSG00000232564', 'lENSG00000232596', 'lENSG00000232604', 'lENSG00000232710', 'lENSG00000232719', 'lENSG00000232746', 'lENSG00000232806', 'lENSG00000232893', 'lENSG00000232930', 'lENSG00000232939', 'lENSG00000232964', 'lENSG00000233079', 'lENSG00000233178', 'lENSG00000233179', 'lENSG00000233219', 'lENSG00000233222', 'lENSG00000233330', 'lENSG00000233407', 'lENSG00000233472', 'lENSG00000233479', 'lENSG00000233534', 'lENSG00000233574', 'lENSG00000233581', 'lENSG00000233613', 'lENSG00000233625', 'lENSG00000233656', 'lENSG00000233665', 'lENSG00000233689', 'lENSG00000233851', 'lENSG00000233891', 'lENSG00000233953', 'lENSG00000233969', 'lENSG00000233985', 'lENSG00000234021', 'lENSG00000234055', 'lENSG00000234117', 'lENSG00000234149', 'lENSG00000234160', 'lENSG00000234172', 'lENSG00000234191', 'lENSG00000234318', 'lENSG00000234504', 'lENSG00000234567', 'lENSG00000234622', 'lENSG00000234626', 'lENSG00000234653', 'lENSG00000234690', 'lENSG00000234693', 'lENSG00000234714', 'lENSG00000234756', 'lENSG00000234860', 'lENSG00000234900', 'lENSG00000234953', 'lENSG00000234961', 'lENSG00000235011', 'lENSG00000235035', 'lENSG00000235050', 'lENSG00000235059', 'lENSG00000235086', 'lENSG00000235122', 'lENSG00000235168', 'lENSG00000235262', 'lENSG00000235435', 'lENSG00000235494', 'lENSG00000235503', 'lENSG00000235533', 'lENSG00000235635', 'lENSG00000235637', 'lENSG00000235669', 'lENSG00000235786', 'lENSG00000235813', 'lENSG00000236031', 'lENSG00000236065', 'lENSG00000236109', 'lENSG00000236242', 'lENSG00000236267', 'lENSG00000236272', 'lENSG00000236324', 'lENSG00000236326', 'lENSG00000236366', 'lENSG00000236414', 'lENSG00000236452', 'lENSG00000236463', 'lENSG00000236498', 'lENSG00000236559', 'lENSG00000236648', 'lENSG00000236662', 'lENSG00000236723', 'lENSG00000236744', 'lENSG00000236758', 'lENSG00000236800', 'lENSG00000236828', 'lENSG00000236854', 'lENSG00000236921', 'lENSG00000236951', 'lENSG00000236953', 'lENSG00000236975', 'lENSG00000237058', 'lENSG00000237073', 'lENSG00000237200', 'lENSG00000237293', 'lENSG00000237312', 'lENSG00000237324', 'lENSG00000237331', 'lENSG00000237337', 'lENSG00000237373', 'lENSG00000237435', 'lENSG00000237463', 'lENSG00000237477', 'lENSG00000237481', 'lENSG00000237494', 'lENSG00000237520', 'lENSG00000237571', 'lENSG00000237576', 'lENSG00000237581', 'lENSG00000237670', 'lENSG00000237687', 'lENSG00000237734', 'lENSG00000237756', 'lENSG00000237768', 'lENSG00000237802', 'lENSG00000237921', 'lENSG00000237937', 'lENSG00000237993', 'lENSG00000238131', 'lENSG00000238185', 'lENSG00000238282', 'lENSG00000238291', 'lENSG00000239314', 'lENSG00000239415', 'lENSG00000239593', 'lENSG00000240354', 'lENSG00000240573', 'lENSG00000240868', 'lENSG00000241593', 'lENSG00000241666', 'lENSG00000241985', 'lENSG00000242012', 'lENSG00000242072', 'lENSG00000242339', 'lENSG00000242391', 'lENSG00000242545', 'lENSG00000242568', 'lENSG00000242618', 'lENSG00000242795', 'lENSG00000242861', 'lENSG00000243149', 'lENSG00000243230', 'lENSG00000243273', 'lENSG00000243368', 'lENSG00000243797', 'lENSG00000243903', 'lENSG00000243961', 'lENSG00000244278', 'lENSG00000244327', 'lENSG00000244461', 'lENSG00000245148', 'lENSG00000246541', 'lENSG00000247867', 'lENSG00000247925', 'lENSG00000248125', 'lENSG00000248145', 'lENSG00000248148', 'lENSG00000248172', 'lENSG00000248245', 'lENSG00000248358', 'lENSG00000248373', 'lENSG00000248393', 'lENSG00000248397', 'lENSG00000248416', 'lENSG00000248457', 'lENSG00000248482', 'lENSG00000248490', 'lENSG00000248576', 'lENSG00000248599', 'lENSG00000248758', 'lENSG00000248789', 'lENSG00000248802', 'lENSG00000248925', 'lENSG00000248935', 'lENSG00000248975', 'lENSG00000248984', 'lENSG00000248995', 'lENSG00000249066', 'lENSG00000249071', 'lENSG00000249099', 'lENSG00000249111', 'lENSG00000249114', 'lENSG00000249297', 'lENSG00000249334', 'lENSG00000249382', 'lENSG00000249409', 'lENSG00000249419', 'lENSG00000249426', 'lENSG00000249441', 'lENSG00000249451', 'lENSG00000249605', 'lENSG00000249613', 'lENSG00000249697', 'lENSG00000249706', 'lENSG00000249742', 'lENSG00000249753', 'lENSG00000249782', 'lENSG00000249830', 'lENSG00000249865', 'lENSG00000249892', 'lENSG00000250062', 'lENSG00000250092', 'lENSG00000250186', 'lENSG00000250195', 'lENSG00000250242', 'lENSG00000250524', 'lENSG00000250541', 'lENSG00000250626', 'lENSG00000250646', 'lENSG00000250657', 'lENSG00000250665', 'lENSG00000250698', 'lENSG00000250761', 'lENSG00000250791', 'lENSG00000250820', 'lENSG00000250855', 'lENSG00000250865', 'lENSG00000250866', 'lENSG00000250877', 'lENSG00000250910', 'lENSG00000250917', 'lENSG00000250929', 'lENSG00000250945', 'lENSG00000250949', 'lENSG00000250950', 'lENSG00000250955', 'lENSG00000250993', 'lENSG00000251059', 'lENSG00000251072', 'lENSG00000251088', 'lENSG00000251185', 'lENSG00000251194', 'lENSG00000251256', 'lENSG00000251281', 'lENSG00000251283', 'lENSG00000251412', 'lENSG00000251414', 'lENSG00000251438', 'lENSG00000251688', 'lENSG00000253142', 'lENSG00000253147', 'lENSG00000253167', 'lENSG00000253171', 'lENSG00000253189', 'lENSG00000253282', 'lENSG00000253356', 'lENSG00000253397', 'lENSG00000253449', 'lENSG00000253526', 'lENSG00000253530', 'lENSG00000253577', 'lENSG00000253616', 'lENSG00000253627', 'lENSG00000253643', 'lENSG00000253660', 'lENSG00000253665', 'lENSG00000253722', 'lENSG00000253754', 'lENSG00000253782', 'lENSG00000253834', 'lENSG00000253851', 'lENSG00000253865', 'lENSG00000253871', 'lENSG00000253880', 'lENSG00000253927', 'lENSG00000253947', 'lENSG00000253976', 'lENSG00000254026', 'lENSG00000254031', 'lENSG00000254033', 'lENSG00000254035', 'lENSG00000254043', 'lENSG00000254084', 'lENSG00000254094', 'lENSG00000254123', 'lENSG00000254171', 'lENSG00000254177', 'lENSG00000254207', 'lENSG00000254239', 'lENSG00000254242', 'lENSG00000254263', 'lENSG00000254325', 'lENSG00000254330', 'lENSG00000254347', 'lENSG00000254350', 'lENSG00000254380', 'lENSG00000254428', 'lENSG00000254429', 'lENSG00000254456', 'lENSG00000254516', 'lENSG00000254526', 'lENSG00000254559', 'lENSG00000254563', 'lENSG00000254574', 'lENSG00000254592', 'lENSG00000254620', 'lENSG00000254627', 'lENSG00000254689', 'lENSG00000254739', 'lENSG00000254775', 'lENSG00000254787', 'lENSG00000254829', 'lENSG00000254842', 'lENSG00000254846', 'lENSG00000254847', 'lENSG00000254864', 'lENSG00000254879', 'lENSG00000254913', 'lENSG00000254921', 'lENSG00000254928', 'lENSG00000254930', 'lENSG00000254972', 'lENSG00000254983', 'lENSG00000255027', 'lENSG00000255039', 'lENSG00000255041', 'lENSG00000255084', 'lENSG00000255114', 'lENSG00000255159', 'lENSG00000255167', 'lENSG00000255227', 'lENSG00000255241', 'lENSG00000255247', 'lENSG00000255252', 'lENSG00000255271', 'lENSG00000255300', 'lENSG00000255327', 'lENSG00000255343', 'lENSG00000255357', 'lENSG00000255375', 'lENSG00000255388', 'lENSG00000255390', 'lENSG00000255443', 'lENSG00000255462', 'lENSG00000255478', 'lENSG00000255482', 'lENSG00000255487', 'lENSG00000255496', 'lENSG00000255498', 'lENSG00000255506', 'lENSG00000255523', 'lENSG00000255528', 'lENSG00000255539', 'lENSG00000255555', 'lENSG00000255565', 'lENSG00000255572', 'lENSG00000255580', 'lENSG00000255808', 'lENSG00000255839', 'lENSG00000255893', 'lENSG00000255949', 'lENSG00000256007', 'lENSG00000256072', 'lENSG00000256209', 'lENSG00000256226', 'lENSG00000256234', 'lENSG00000256292', 'lENSG00000256314', 'lENSG00000256364', 'lENSG00000256448', 'lENSG00000256452', 'lENSG00000256482', 'lENSG00000256484', 'lENSG00000256568', 'lENSG00000256582', 'lENSG00000256670', 'lENSG00000256733', 'lENSG00000256897', 'lENSG00000257022', 'lENSG00000257096', 'lENSG00000257105', 'lENSG00000257137', 'lENSG00000257165', 'lENSG00000257235', 'lENSG00000257261', 'lENSG00000257264', 'lENSG00000257265', 'lENSG00000257271', 'lENSG00000257342', 'lENSG00000257381', 'lENSG00000257407', 'lENSG00000257470', 'lENSG00000257488', 'lENSG00000257494', 'lENSG00000257500', 'lENSG00000257514', 'lENSG00000257527', 'lENSG00000257541', 'lENSG00000257587', 'lENSG00000257634', 'lENSG00000257653', 'lENSG00000257682', 'lENSG00000257732', 'lENSG00000257750', 'lENSG00000257764', 'lENSG00000257787', 'lENSG00000257860', 'lENSG00000257904', 'lENSG00000257925', 'lENSG00000258007', 'lENSG00000258044', 'lENSG00000258108', 'lENSG00000258185', 'lENSG00000258210', 'lENSG00000258220', 'lENSG00000258234', 'lENSG00000258272', 'lENSG00000258292', 'lENSG00000258308', 'lENSG00000258312', 'lENSG00000258323', 'lENSG00000258378', 'lENSG00000258379', 'lENSG00000258390', 'lENSG00000258394', 'lENSG00000258425', 'lENSG00000258451', 'lENSG00000258460', 'lENSG00000258515', 'lENSG00000258516', 'lENSG00000258520', 'lENSG00000258610', 'lENSG00000258657', 'lENSG00000258670', 'lENSG00000258695', 'lENSG00000258698', 'lENSG00000258742', 'lENSG00000258745', 'lENSG00000258800', 'lENSG00000258824', 'lENSG00000258826', 'lENSG00000258829', 'lENSG00000258850', 'lENSG00000258869', 'lENSG00000258892', 'lENSG00000258904', 'lENSG00000258908', 'lENSG00000258944', 'lENSG00000259007', 'lENSG00000259026', 'lENSG00000259187', 'lENSG00000259188', 'lENSG00000259194', 'lENSG00000259202', 'lENSG00000259211', 'lENSG00000259223', 'lENSG00000259250', 'lENSG00000259256', 'lENSG00000259265', 'lENSG00000259268', 'lENSG00000259290', 'lENSG00000259294', 'lENSG00000259307', 'lENSG00000259342', 'lENSG00000259351', 'lENSG00000259352', 'lENSG00000259360', 'lENSG00000259385', 'lENSG00000259432', 'lENSG00000259503', 'lENSG00000259532', 'lENSG00000259544', 'lENSG00000259595', 'lENSG00000259631', 'lENSG00000259636', 'lENSG00000259649', 'lENSG00000259659', 'lENSG00000259757', 'lENSG00000259759', 'lENSG00000259767', 'lENSG00000259798', 'lENSG00000259805', 'lENSG00000259935', 'lENSG00000259945', 'lENSG00000259955', 'lENSG00000259967', 'lENSG00000260003', 'lENSG00000260017', 'lENSG00000260022', 'lENSG00000260058', 'lENSG00000260158', 'lENSG00000260186', 'lENSG00000260190', 'lENSG00000260237', 'lENSG00000260246', 'lENSG00000260304', 'lENSG00000260454', 'lENSG00000260476', 'lENSG00000260586', 'lENSG00000260605', 'lENSG00000260626', 'lENSG00000260659', 'lENSG00000260720', 'lENSG00000260741', 'lENSG00000260773', 'lENSG00000260798', 'lENSG00000260814', 'lENSG00000260884', 'lENSG00000260911', 'lENSG00000260934', 'lENSG00000260970', 'lENSG00000260986', 'lENSG00000260999', 'lENSG00000261014', 'lENSG00000261036', 'lENSG00000261065', 'lENSG00000261066', 'lENSG00000261070', 'lENSG00000261243', 'lENSG00000261248', 'lENSG00000261266', 'lENSG00000261332', 'lENSG00000261379', 'lENSG00000261432', 'lENSG00000261475', 'lENSG00000261507', 'lENSG00000261523', 'lENSG00000261552', 'lENSG00000261569', 'lENSG00000261633', 'lENSG00000261663', 'lENSG00000261671', 'lENSG00000261695', 'lENSG00000261729', 'lENSG00000261731', 'lENSG00000261761', 'lENSG00000261838', 'lENSG00000261864', 'lENSG00000262151', 'lENSG00000262298', 'lENSG00000262434', 'lENSG00000262533', 'lENSG00000262652', 'lENSG00000262692', 'lENSG00000262777', 'lENSG00000262810', 'lENSG00000262815', 'lENSG00000263080', 'lENSG00000263237', 'lENSG00000263257', 'lENSG00000263300', 'lENSG00000263321', 'lENSG00000263335', 'lENSG00000263466', 'lENSG00000263585', 'lENSG00000263594', 'lENSG00000263618', 'lENSG00000263684', 'lENSG00000263709', 'lENSG00000263765', 'lENSG00000263797', 'lENSG00000263847', 'lENSG00000263873', 'lENSG00000263952', 'lENSG00000263982', 'lENSG00000263986', 'lENSG00000264016', 'lENSG00000264023', 'lENSG00000264066', 'lENSG00000264107', 'lENSG00000264116', 'lENSG00000264151', 'lENSG00000264269', 'lENSG00000264486', 'lENSG00000264513', 'lENSG00000264520', 'lENSG00000264546', 'lENSG00000264558', 'lENSG00000264577', 'lENSG00000264595', 'lENSG00000264622', 'lENSG00000264734', 'lENSG00000264769', 'lENSG00000264825', 'lENSG00000264924', 'lENSG00000265125', 'lENSG00000265168', 'lENSG00000265205', 'lENSG00000265265', 'lENSG00000265334', 'lENSG00000265359', 'lENSG00000265400', 'lENSG00000265443', 'lENSG00000265474', 'lENSG00000265554', 'lENSG00000265625', 'lENSG00000265643', 'lENSG00000265728', 'lENSG00000265739', 'lENSG00000265743', 'lENSG00000265791', 'lENSG00000265800', 'lENSG00000265840', 'lENSG00000265844', 'lENSG00000265845', 'lENSG00000265980', 'lENSG00000265994', 'lENSG00000266102', 'lENSG00000266153', 'lENSG00000266311', 'lENSG00000266341', 'lENSG00000266368', 'lENSG00000266535', 'lENSG00000266538', 'lENSG00000266541', 'lENSG00000266651', 'lENSG00000266696', 'lENSG00000266839', 'lENSG00000266844', 'lENSG00000266877', 'lENSG00000266936', 'lENSG00000266981', 'lENSG00000266985', 'lENSG00000266993', 'lENSG00000267000', 'lENSG00000267028', 'lENSG00000267057', 'lENSG00000267063', 'lENSG00000267177', 'lENSG00000267225', 'lENSG00000267234', 'lENSG00000267255', 'lENSG00000267263', 'lENSG00000267274', 'lENSG00000267286', 'lENSG00000267320', 'lENSG00000267341', 'lENSG00000267354', 'lENSG00000267364', 'lENSG00000267387', 'lENSG00000267437', 'lENSG00000267501', 'lENSG00000267510', 'lENSG00000267543', 'lENSG00000267593', 'lENSG00000267615', 'lENSG00000267617', 'lENSG00000267633', 'lENSG00000267665', 'lENSG00000267711', 'lENSG00000267791', 'lENSG00000267838', 'lENSG00000267922', 'lENSG00000267980', 'lENSG00000268015', 'lENSG00000268049', 'lENSG00000268051', 'lENSG00000268069', 'lENSG00000268078', 'lENSG00000268191', 'lENSG00000268203', 'lENSG00000268240', 'lENSG00000268289', 'lENSG00000268292', 'lENSG00000268296', 'lENSG00000268520', 'lENSG00000268605', 'lENSG00000268734', 'lENSG00000268743', 'lENSG00000268798', 'lENSG00000268833', 'lENSG00000268912', 'lENSG00000268981', 'lENSG00000269044', 'lENSG00000269085', 'lENSG00000269145', 'lENSG00000269292', 'lENSG00000269321', 'lENSG00000269350', 'lENSG00000269495', 'lENSG00000269504', 'lENSG00000269578', 'lENSG00000269621', 'lENSG00000269656', 'lENSG00000269729', 'lENSG00000269826', 'lENSG00000269867', 'lENSG00000269901', 'lENSG00000269950', 'lENSG00000269987', 'lENSG00000270082', 'lENSG00000270094', 'lENSG00000270108', 'lENSG00000270380', 'lENSG00000270871', 'lENSG00000270996', 'lENSG00000271032', 'lENSG00000271218', 'lENSG00000271579', 'lENSG00000271717', 'lENSG00000271763', 'lENSG00000271787', 'lENSG00000271833', 'lENSG00000271936', 'lENSG00000271945', 'lENSG00000271983', 'lENSG00000272027', 'lENSG00000272072', 'lENSG00000272149', 'lENSG00000272159', 'lENSG00000272338', 'lENSG00000272510', 'lENSG00000272540', 'lENSG00000272575', 'lENSG00000272642', 'lENSG00000272661', 'lENSG00000272810', 'lENSG00000272814', 'lENSG00000272866', 'lENSG00000272995', 'lENSG00000273035', 'lENSG00000273110', 'lENSG00000273198', 'lENSG00000273226', 'lENSG00000273257', 'lENSG00000273271', 'lENSG00000273275', 'lENSG00000273449', 'lENSG00000273461', 'lENSG00000273493', 'lENSG00000273550', 'lENSG00000273568', 'lENSG00000273838', 'lENSG00000273877', 'lENSG00000273919', 'lENSG00000274177', 'lENSG00000274227', 'lENSG00000274561', 'lENSG00000274624', 'lENSG00000274678', 'lENSG00000274737', 'lENSG00000274863', 'lENSG00000274893', 'lENSG00000275173', 'lENSG00000275345', 'lENSG00000275356', 'lENSG00000275401', 'lENSG00000275484', 'lENSG00000275576', 'lENSG00000275638', 'lENSG00000275871', 'lENSG00000275963', 'lENSG00000276054', 'lENSG00000276107', 'lENSG00000276266', 'lENSG00000276488', 'lENSG00000276527', 'lENSG00000276533', 'lENSG00000276668', 'lENSG00000276997', 'lENSG00000277173', 'lENSG00000277332', 'lENSG00000277639', 'lENSG00000277675', 'lENSG00000278013', 'lENSG00000278202', 'lENSG00000278351', 'lENSG00000278630', 'lENSG00000278766', 'lENSG00000278944', 'lENSG00000279088', 'lENSG00000279240', 'lENSG00000279484', 'lENSG00000279501', 'lENSG00000279623', 'lENSG00000279687', 'lENSG00000279920', 'lENSG00000280206', 'lENSG00000280455', 'lENSG00000280580', 'lENSG00000280870', 'lENSG00000280881', 'lENSG00000281021', 'lENSG00000281831', 'lENSG00000282478', 'lENSG00000282828', 'lENSG00000283083', 'lENSG00000283347', 'lENSG00000283375', 'lENSG00000283436', 'lENSG00000283457', 'lENSG00000283573', 'lENSG00000283631', 'lENSG00000283766', 'lENSG00000283973', 'lENSG00000284376', 'lENSG00000284418', 'lENSG00000284500', 'lENSG00000284513', 'lENSG00000284608', 'lENSG00000284699', 'lENSG00000284846', 'lENSG00000284994', 'lENSG00000285012', 'lENSG00000285040', 'lENSG00000285117', 'lENSG00000285325', 'lENSG00000285354', 'lENSG00000285409', 'lENSG00000285473', 'lENSG00000285518', 'lENSG00000285524', 'lENSG00000285550', 'lENSG00000285551', 'lENSG00000285619', 'lENSG00000285621', 'lENSG00000285654', 'lENSG00000285699', 'lENSG00000285709', 'lENSG00000285780', 'lENSG00000285857', 'lENSG00000285889', 'lENSG00000285954', 'lENSG00000285998', 'lENSG00000286010', 'lENSG00000286020', 'lENSG00000286050', 'lENSG00000286076', 'lENSG00000286089', 'lENSG00000286093', 'lENSG00000286168', 'lENSG00000286188', 'lENSG00000286194', 'lENSG00000286197', 'lENSG00000286206', 'lENSG00000286242', 'lENSG00000286244', 'lENSG00000286276', 'lENSG00000286303', 'lENSG00000286331', 'lENSG00000286333', 'lENSG00000286338', 'lENSG00000286357', 'lENSG00000286419', 'lENSG00000286430', 'lENSG00000286436', 'lENSG00000286441', 'lENSG00000286453', 'lENSG00000286461', 'lENSG00000286474', 'lENSG00000286515', 'lENSG00000286565', 'lENSG00000286578', 'lENSG00000286581', 'lENSG00000286588', 'lENSG00000286598', 'lENSG00000286617', 'lENSG00000286639', 'lENSG00000286645', 'lENSG00000286670', 'lENSG00000286689', 'lENSG00000286690', 'lENSG00000286698', 'lENSG00000286715', 'lENSG00000286716', 'lENSG00000286722', 'lENSG00000286735', 'lENSG00000286738', 'lENSG00000286740', 'lENSG00000286751', 'lENSG00000286759', 'lENSG00000286767', 'lENSG00000286776', 'lENSG00000286781', 'lENSG00000286803', 'lENSG00000286820', 'lENSG00000286822', 'lENSG00000286838', 'lENSG00000286843', 'lENSG00000286850', 'lENSG00000286908', 'lENSG00000286963', 'lENSG00000287005', 'lENSG00000287006', 'lENSG00000287020', 'lENSG00000287028', 'lENSG00000287030', 'lENSG00000287066', 'lENSG00000287094', 'lENSG00000287107', 'lENSG00000287108', 'lENSG00000287128', 'lENSG00000287155', 'lENSG00000287159', 'lENSG00000287191', 'lENSG00000287202', 'lENSG00000287213', 'lENSG00000287236', 'lENSG00000287270', 'lENSG00000287285', 'lENSG00000287321', 'lENSG00000287335', 'lENSG00000287358', 'lENSG00000287359', 'lENSG00000287366', 'lENSG00000287367', 'lENSG00000287381', 'lENSG00000287423', 'lENSG00000287441', 'lENSG00000287451', 'lENSG00000287456', 'lENSG00000287462', 'lENSG00000287501', 'lENSG00000287511', 'lENSG00000287517', 'lENSG00000287518', 'lENSG00000287550', 'lENSG00000287551', 'lENSG00000287587', 'lENSG00000287660', 'lENSG00000287664', 'lENSG00000287684', 'lENSG00000287687', 'lENSG00000287691', 'lENSG00000287704', 'lENSG00000211683', 'lENSG00000214955', 'lENSG00000223379', 'lENSG00000223795', 'lENSG00000224884', 'lENSG00000225393', 'lENSG00000225836', 'lENSG00000228255', 'lENSG00000228538', 'lENSG00000229454', 'lENSG00000229458', 'lENSG00000229628', 'lENSG00000229964', 'lENSG00000230600', 'lENSG00000231212', 'lENSG00000231616', 'lENSG00000232636', 'lENSG00000233987', 'lENSG00000234083', 'lENSG00000234810', 'lENSG00000234998', 'lENSG00000235337', 'lENSG00000235795', 'lENSG00000236453', 'lENSG00000239801', 'lENSG00000241792', 'lENSG00000242375', 'lENSG00000244620', 'lENSG00000247810', 'lENSG00000248359', 'lENSG00000248991', 'lENSG00000249159', 'lENSG00000250481', 'lENSG00000250567', 'lENSG00000250670', 'lENSG00000250686', 'lENSG00000250777', 'lENSG00000250948', 'lENSG00000251506', 'lENSG00000251654', 'lENSG00000253766', 'lENSG00000254306', 'lENSG00000255279', 'lENSG00000255325', 'lENSG00000255644', 'lENSG00000256686', 'lENSG00000257603', 'lENSG00000257715', 'lENSG00000257962', 'lENSG00000258088', 'lENSG00000258196', 'lENSG00000258386', 'lENSG00000258949', 'lENSG00000259209', 'lENSG00000259222', 'lENSG00000259244', 'lENSG00000259255', 'lENSG00000259274', 'lENSG00000259306', 'lENSG00000259407', 'lENSG00000260511', 'lENSG00000260983', 'lENSG00000261193', 'lENSG00000261445', 'lENSG00000261470', 'lENSG00000261775', 'lENSG00000264660', 'lENSG00000266893', 'lENSG00000267081', 'lENSG00000267521', 'lENSG00000267581', 'lENSG00000269391', 'lENSG00000272304', 'lENSG00000272369', 'lENSG00000273403', 'lENSG00000273486', 'lENSG00000274902', 'lENSG00000275232', 'lENSG00000278514', 'lENSG00000279672', 'lENSG00000282887', 'lENSG00000286164', 'lENSG00000235736', 'lENSG00000251613', 'lENSG00000263316', 'lENSG00000258631', 'lENSG00000260141', 'lENSG00000279472', 'lENSG00000271870', 'lENSG00000272934', 'lENSG00000265556', 'lENSG00000253701', 'lENSG00000268166', 'lALG13-AS1', 'lDGUOK-AS1', 'lDSCR8', 'lMIR145', 'lMIR24-2', 'lMIR3179-2', 'lMIR3654', 'lCDKN2B-AS', 'lC3orf65']","[1.0, 1.0, 0.0, 0.0, 1.0, 1.0, 0.0, 1.0, 1.0, 1.0, 1.0, 1.0, 1.0, 1.0, 0.0, 0.0, 1.0, 0.0, 1.0, 1.0, 0.0, 1.0, 0.0, 1.0, 0.0, 1.0, 0.0, 1.0, 0.0, 0.0, 0.0, 0.0, 0.0, 1.0, 1.0, 0.0, 0.0, 0.0, 1.0, 1.0, 0.0, 1.0, 1.0, 0.0, 1.0, 1.0, 1.0, 0.0, 1.0, 0.0, 1.0, 0.0, 1.0, 0.0, 0.0, 1.0, 1.0, 1.0, 1.0, 0.0, 0.0, 1.0, 1.0, 1.0, 1.0, 1.0, 0.0, 0.0, 1.0, 1.0, 0.0, 1.0, 1.0, 1.0, 0.0, 0.0, 0.0, 1.0, 1.0, 0.0, 1.0, 1.0, 0.0, 0.0, 1.0, 0.0, 0.0, 0.0, 0.0, 0.0, 0.0, 1.0, 1.0, 0.0, 0.0, 1.0, 1.0, 0.0, 1.0, 0.0, 1.0, 0.0, 1.0, 1.0, 0.0, 0.0, 1.0, 0.0, 1.0, 1.0, 0.0, 0.0, 1.0, 1.0, 0.0, 1.0, 0.0, 0.0, 1.0, 0.0, 1.0, 0.0, 0.0, 0.0, 0.0, 1.0, 0.0, 1.0, 0.0, 1.0, 0.0, 1.0, 1.0, 1.0, 1.0, 1.0, 0.0, 0.0, 0.0, 1.0, 0.0, 0.0, 1.0, 1.0, 1.0, 1.0, 0.0, 1.0, 0.0, 1.0, 0.0, 0.0, 0.0, 1.0, 0.0, 1.0, 1.0, 1.0, 0.0, 0.0, 0.0, 0.0, 1.0, 1.0, 1.0, 0.0, 0.0, 1.0, 0.0, 0.0, 0.0, 0.0, 0.0, 0.0, 1.0, 0.0, 0.0, 1.0, 0.0, 0.0, 1.0, 1.0, 0.0, 1.0, 0.0, 1.0, 1.0, 0.0, 1.0, 0.0, 0.0, 0.0, 0.0, 1.0, 1.0, 0.0, 0.0, 1.0, 1.0, 1.0, 1.0, 0.0, 0.0, 1.0, 0.0, 1.0, 1.0, 0.0, 1.0, 1.0, 0.0, 1.0, 1.0, 0.0, 0.0, 0.0, 1.0, 1.0, 1.0, 0.0, 1.0, 0.0, 0.0, 0.0, 0.0, 1.0, 0.0, 1.0, 1.0, 0.0, 1.0, 1.0, 0.0, 0.0, 0.0, 1.0, 1.0, 0.0, 0.0, 1.0, 0.0, 0.0, 0.0, 1.0, 1.0, 0.0, 0.0, 1.0, 0.0, 1.0, 1.0, 0.0, 1.0, 0.0, 0.0, 1.0, 1.0, 1.0, 0.0, 1.0, 1.0, 0.0, 1.0, 1.0, 0.0, 0.0, 1.0, 0.0, 0.0, 1.0, 1.0, 1.0, 1.0, 1.0, 1.0, 1.0, 1.0, 0.0, 0.0, 1.0, 1.0, 0.0, 0.0, 0.0, 1.0, 1.0, 1.0, 1.0, 0.0, 1.0, 0.0, 0.0, 0.0, 1.0, 1.0, 0.0, 0.0, 0.0, 1.0, 1.0, 1.0, 0.0, 1.0, 0.0, 1.0, 1.0, 1.0, 0.0, 1.0, 1.0, 0.0, 0.0, 0.0, 0.0, 0.0, 1.0, 1.0, 1.0, 1.0, 0.0, 1.0, 1.0, 0.0, 1.0, 0.0, 0.0, 1.0, 0.0, 1.0, 0.0, 1.0, 1.0, 1.0, 0.0, 0.0, 1.0, 1.0, 0.0, 1.0, 1.0, 0.0, 0.0, 0.0, 0.0, 1.0, 0.0, 1.0, 1.0, 0.0, 0.0, 1.0, 1.0, 0.0, 1.0, 0.0, 0.0, 0.0, 0.0, 1.0, 0.0, 1.0, 1.0, 0.0, 1.0, 0.0, 1.0, 0.0, 1.0, 0.0, 0.0, 1.0, 1.0, 0.0, 1.0, 0.0, 0.0, 1.0, 0.0, 0.0, 1.0, 1.0, 0.0, 0.0, 0.0, 0.0, 0.0, 0.0, 1.0, 0.0, 0.0, 0.0, 1.0, 1.0, 0.0, 1.0, 0.0, 1.0, 1.0, 0.0, 0.0, 1.0, 0.0, 0.0, 0.0, 1.0, 1.0, 0.0, 1.0, 0.0, 1.0, 1.0, 0.0, 1.0, 0.0, 1.0, 0.0, 1.0, 1.0, 1.0, 0.0, 0.0, 0.0, 1.0, 1.0, 1.0, 0.0, 0.0, 1.0, 1.0, 0.0, 0.0, 1.0, 0.0, 0.0, 0.0, 1.0, 1.0, 0.0, 1.0, 0.0, 0.0, 1.0, 0.0, 1.0, 0.0, 1.0, 1.0, 1.0, 1.0, 1.0, 1.0, 1.0, 0.0, 1.0, 1.0, 0.0, 1.0, 1.0, 1.0, 0.0, 0.0, 1.0, 1.0, 0.0, 1.0, 0.0, 1.0, 0.0, 1.0, 1.0, 1.0, 1.0, 0.0, 0.0, 0.0, 1.0, 1.0, 1.0, 1.0, 1.0, 1.0, 0.0, 1.0, 1.0, 0.0, 1.0, 0.0, 1.0, 0.0, 1.0, 1.0, 1.0, 1.0, 1.0, 0.0, 0.0, 0.0, 0.0, 1.0, 1.0, 1.0, 1.0, 1.0, 1.0, 1.0, 1.0, 0.0, 0.0, 0.0, 0.0, 1.0, 1.0, 1.0, 0.0, 0.0, 1.0, 1.0, 0.0, 1.0, 1.0, 0.0, 1.0, 0.0, 0.0, 0.0, 1.0, 0.0, 1.0, 1.0, 1.0, 0.0, 1.0, 1.0, 0.0, 1.0, 0.0, 1.0, 0.0, 1.0, 0.0, 0.0, 0.0, 0.0, 0.0, 0.0, 0.0, 1.0, 0.0, 0.0, 0.0, 1.0, 0.0, 1.0, 0.0, 1.0, 1.0, 0.0, 0.0, 0.0, 1.0, 1.0, 1.0, 0.0, 1.0, 1.0, 0.0, 1.0, 1.0, 1.0, 0.0, 1.0, 1.0, 0.0, 0.0, 1.0, 0.0, 0.0, 0.0, 0.0, 1.0, 0.0, 1.0, 1.0, 0.0, 1.0, 0.0, 0.0, 1.0, 1.0, 1.0, 1.0, 1.0, 1.0, 1.0, 0.0, 1.0, 1.0, 0.0, 1.0, 0.0, 1.0, 1.0, 0.0, 1.0, 1.0, 1.0, 0.0, 0.0, 1.0, 0.0, 1.0, 1.0, 0.0, 0.0, 1.0, 1.0, 1.0, 1.0, 0.0, 1.0, 0.0, 0.0, 1.0, 1.0, 0.0, 0.0, 1.0, 1.0, 1.0, 1.0, 0.0, 1.0, 1.0, 0.0, 1.0, 1.0, 0.0, 0.0, 0.0, 1.0, 1.0, 1.0, 1.0, 0.0, 0.0, 1.0, 0.0, 0.0, 0.0, 1.0, 1.0, 0.0, 0.0, 0.0, 0.0, 1.0, 1.0, 1.0, 0.0, 0.0, 1.0, 0.0, 1.0, 0.0, 0.0, 0.0, 0.0, 1.0, 1.0, 1.0, 1.0, 1.0, 0.0, 0.0, 0.0, 0.0, 0.0, 0.0, 1.0, 0.0, 0.0, 1.0, 1.0, 0.0, 0.0, 0.0, 0.0, 0.0, 0.0, 1.0, 0.0, 1.0, 0.0, 0.0, 1.0, 1.0, 1.0, 0.0, 0.0, 1.0, 1.0, 0.0, 1.0, 1.0, 1.0, 0.0, 0.0, 1.0, 0.0, 1.0, 0.0, 1.0, 0.0, 0.0, 0.0, 1.0, 1.0, 0.0, 0.0, 0.0, 1.0, 0.0, 0.0, 1.0, 1.0, 0.0, 1.0, 0.0, 0.0, 0.0, 0.0, 1.0, 0.0, 0.0, 1.0, 1.0, 1.0, 1.0, 1.0, 0.0, 0.0, 0.0, 1.0, 0.0, 0.0, 0.0, 1.0, 1.0, 0.0, 1.0, 0.0, 1.0, 1.0, 0.0, 0.0, 0.0, 1.0, 0.0, 0.0, 0.0, 1.0, 1.0, 1.0, 0.0, 1.0, 0.0, 1.0, 1.0, 0.0, 0.0, 0.0, 1.0, 1.0, 0.0, 0.0, 1.0, 0.0, 0.0, 0.0, 1.0, 1.0, 0.0, 1.0, 1.0, 0.0, 0.0, 1.0, 1.0, 0.0, 1.0, 0.0, 1.0, 1.0, 1.0, 1.0, 0.0, 0.0, 0.0, 0.0, 0.0, 1.0, 0.0, 0.0, 1.0, 0.0, 0.0, 1.0, 1.0, 1.0, 1.0, 0.0, 1.0, 0.0, 1.0, 0.0, 1.0, 0.0, 1.0, 0.0, 1.0, 1.0, 0.0, 1.0, 1.0, 0.0, 1.0, 1.0, 0.0, 0.0, 0.0, 0.0, 0.0, 0.0, 0.0, 0.0, 1.0, 0.0, 0.0, 0.0, 0.0, 1.0, 1.0, 1.0, 0.0, 0.0, 0.0, 0.0, 1.0, 1.0, 1.0, 1.0, 0.0, 0.0, 1.0, 0.0, 0.0, 1.0, 0.0, 0.0, 1.0, 1.0, 1.0, 1.0, 0.0, 0.0, 0.0, 0.0, 0.0, 0.0, 1.0, 0.0, 1.0, 1.0, 0.0, 1.0, 0.0, 0.0, 1.0, 0.0, 1.0, 0.0, 1.0, 0.0, 1.0, 0.0, 1.0, 1.0, 0.0, 0.0, 0.0, 1.0, 0.0, 0.0, 1.0, 1.0, 0.0, 0.0, 1.0, 1.0, 1.0, 1.0, 0.0, 0.0, 1.0, 1.0, 1.0, 0.0, 0.0, 0.0, 0.0, 1.0, 1.0, 1.0, 1.0, 1.0, 1.0, 0.0, 1.0, 0.0, 1.0, 0.0, 0.0, 1.0, 1.0, 0.0, 1.0, 1.0, 0.0, 0.0, 1.0, 0.0, 1.0, 0.0, 1.0, 1.0, 1.0, 0.0, 1.0, 1.0, 1.0, 0.0, 0.0, 0.0, 1.0, 1.0, 0.0, 0.0, 0.0, 1.0, 1.0, 1.0, 0.0, 1.0, 0.0, 0.0, 1.0, 1.0, 0.0, 1.0, 1.0, 1.0, 0.0, 1.0, 1.0, 1.0, 0.0, 0.0, 0.0, 0.0, 0.0, 1.0, 1.0, 1.0, 0.0, 1.0, 1.0, 0.0, 1.0, 0.0, 0.0, 0.0, 1.0, 1.0, 1.0, 0.0, 1.0, 0.0, 0.0, 0.0, 1.0, 1.0, 1.0, 1.0, 0.0, 1.0, 0.0, 0.0, 0.0, 0.0, 1.0, 1.0, 0.0, 0.0, 1.0, 1.0, 0.0, 1.0, 0.0, 0.0, 0.0, 0.0, 0.0, 0.0, 1.0, 1.0, 0.0, 0.0, 1.0, 1.0, 1.0, 0.0, 1.0, 1.0, 1.0, 0.0, 1.0, 1.0, 1.0, 0.0, 0.0, 1.0, 0.0, 1.0, 0.0, 1.0, 0.0, 0.0, 0.0, 0.0, 1.0, 0.0, 0.0, 0.0, 0.0, 1.0, 0.0, 0.0, 1.0, 1.0, 0.0, 1.0, 1.0, 0.0, 0.0, 0.0, 1.0, 0.0, 1.0, 1.0, 1.0, 0.0, 0.0, 1.0, 1.0, 0.0, 0.0, 1.0, 0.0, 0.0, 1.0, 0.0, 1.0, 1.0, 0.0, 0.0, 0.0, 0.0, 0.0, 0.0, 0.0, 0.0, 1.0, 0.0, 1.0, 0.0, 0.0, 0.0, 0.0, 0.0, 1.0, 1.0, 1.0, 0.0, 0.0, 1.0, 0.0, 1.0, 1.0, 0.0, 0.0, 1.0, 1.0, 0.0, 0.0, 0.0, 1.0, 0.0, 0.0, 0.0, 0.0, 0.0, 1.0, 1.0, 0.0, 1.0, 1.0, 1.0, 0.0, 0.0, 0.0, 0.0, 0.0, 0.0, 0.0, 0.0, 1.0, 1.0, 1.0, 0.0, 1.0, 1.0, 0.0, 0.0, 0.0, 0.0, 0.0, 0.0, 0.0, 0.0, 0.0, 1.0, 0.0, 0.0, 0.0, 1.0, 0.0, 0.0, 1.0, 1.0, 0.0, 1.0, 0.0, 1.0, 0.0, 0.0, 1.0, 0.0, 1.0, 0.0, 0.0, 0.0, 1.0, 0.0, 0.0, 1.0, 1.0, 0.0, 0.0, 0.0, 1.0, 1.0, 0.0, 1.0, 0.0, 1.0, 1.0, 0.0, 0.0, 0.0, 1.0, 1.0, 1.0, 1.0, 1.0, 0.0, 1.0, 0.0, 0.0, 0.0, 1.0, 0.0, 1.0, 1.0, 1.0, 0.0, 1.0, 1.0, 1.0, 1.0, 0.0, 0.0, 1.0, 0.0, 1.0, 0.0, 0.0, 0.0, 0.0, 0.0, 1.0, 1.0, 1.0, 1.0, 1.0, 0.0, 1.0, 1.0, 0.0, 1.0, 0.0, 1.0, 1.0, 0.0, 0.0, 0.0, 0.0, 1.0, 1.0, 0.0, 0.0, 0.0, 1.0, 0.0, 0.0, 1.0, 1.0, 0.0, 0.0, 0.0, 1.0, 0.0, 0.0, 0.0, 0.0, 1.0, 0.0, 0.0, 0.0, 1.0, 0.0, 1.0, 0.0, 1.0, 0.0, 1.0, 1.0, 1.0, 0.0, 1.0, 0.0, 1.0, 0.0, 1.0, 0.0, 1.0, 0.0, 0.0, 0.0, 0.0, 0.0, 1.0, 0.0, 0.0, 0.0, 1.0, 1.0, 1.0, 1.0, 1.0, 1.0, 0.0, 1.0, 0.0, 1.0, 1.0, 1.0, 0.0, 1.0, 0.0, 0.0, 0.0, 1.0, 1.0, 1.0, 1.0, 1.0, 1.0, 0.0, 1.0, 0.0, 0.0, 1.0, 1.0, 0.0, 1.0, 0.0, 1.0, 0.0, 1.0, 1.0, 1.0, 1.0, 1.0, 1.0, 0.0, 1.0, 0.0, 1.0, 1.0, 1.0, 1.0, 0.0, 0.0, 1.0, 0.0, 0.0, 1.0, 1.0, 1.0, 0.0, 0.0, 0.0, 0.0, 0.0, 1.0, 0.0, 0.0, 1.0, 1.0, 0.0, 0.0, 1.0, 1.0, 0.0, 1.0, 0.0, 1.0, 0.0, 0.0, 1.0, 1.0, 0.0, 1.0, 0.0, 0.0, 1.0, 0.0, 0.0, 1.0, 1.0, 0.0, 1.0, 1.0, 0.0, 1.0, 0.0, 0.0, 0.0, 0.0, 1.0, 1.0, 1.0, 0.0, 1.0, 1.0, 0.0, 0.0, 1.0, 1.0, 1.0, 1.0, 0.0, 0.0, 0.0, 0.0, 1.0, 0.0, 1.0, 0.0, 1.0, 1.0, 1.0, 1.0, 0.0, 0.0, 0.0, 1.0, 1.0, 0.0, 1.0, 0.0, 1.0, 1.0, 1.0, 1.0, 0.0, 0.0, 1.0, 1.0, 0.0, 1.0, 1.0, 1.0, 1.0, 0.0, 1.0, 0.0, 1.0, 0.0, 1.0, 1.0, 1.0, 1.0, 0.0, 0.0, 0.0, 1.0, 0.0, 1.0, 1.0, 0.0, 0.0, 0.0, 0.0, 0.0, 0.0, 0.0, 1.0, 1.0, 1.0, 1.0, 1.0, 1.0, 0.0, 0.0, 1.0, 1.0, 0.0, 1.0, 0.0, 1.0, 0.0, 1.0, 0.0, 1.0, 0.0, 0.0, 1.0, 0.0, 0.0, 0.0, 0.0, 0.0, 1.0, 1.0, 0.0, 0.0, 0.0, 1.0, 0.0, 0.0, 0.0, 0.0, 1.0, 1.0, 1.0, 0.0, 0.0, 0.0, 1.0, 0.0, 1.0, 1.0, 0.0, 1.0, 1.0, 0.0, 1.0, 0.0, 1.0, 0.0, 1.0, 0.0, 0.0, 0.0, 1.0, 1.0, 1.0, 1.0, 1.0, 0.0, 0.0, 1.0, 1.0, 0.0, 1.0, 0.0, 1.0, 1.0, 1.0, 0.0, 0.0, 0.0, 1.0, 1.0, 0.0, 1.0, 1.0, 0.0, 1.0, 0.0, 0.0, 0.0, 1.0, 0.0, 0.0, 0.0, 0.0, 1.0, 0.0, 1.0, 0.0, 0.0, 1.0, 0.0, 1.0, 1.0, 1.0, 0.0, 1.0, 1.0, 0.0, 0.0, 0.0, 0.0, 0.0, 1.0, 0.0, 0.0, 1.0, 0.0, 0.0, 1.0, 1.0, 1.0, 1.0, 0.0, 1.0, 1.0, 0.0, 1.0, 0.0, 1.0, 1.0, 1.0, 1.0, 0.0, 0.0, 0.0, 1.0, 1.0, 0.0, 0.0, 1.0, 1.0, 1.0, 1.0, 0.0, 0.0, 1.0, 0.0, 1.0, 0.0, 0.0, 1.0, 1.0, 1.0, 1.0, 0.0, 1.0, 0.0, 1.0, 0.0, 1.0, 1.0, 1.0, 0.0, 0.0, 0.0, 1.0, 0.0, 0.0, 0.0, 1.0, 0.0, 0.0, 0.0, 0.0, 1.0, 0.0, 0.0, 1.0, 1.0, 1.0, 1.0, 0.0, 1.0, 1.0, 1.0, 1.0, 0.0, 0.0, 1.0, 0.0, 1.0, 1.0, 1.0, 0.0, 1.0, 1.0, 0.0, 0.0, 1.0, 0.0, 1.0, 0.0, 1.0, 1.0, 1.0, 1.0, 1.0, 1.0, 0.0, 1.0, 0.0, 1.0, 0.0, 1.0, 0.0, 0.0, 1.0, 0.0, 1.0, 0.0, 1.0, 0.0, 0.0, 1.0, 1.0, 0.0, 0.0, 1.0, 0.0, 0.0, 0.0, 1.0, 1.0, 0.0, 0.0, 0.0, 0.0, 1.0, 0.0, 0.0, 1.0, 0.0, 0.0, 0.0, 1.0, 0.0, 0.0, 1.0, 1.0, 1.0, 0.0, 1.0, 0.0, 0.0, 0.0, 1.0, 1.0, 0.0, 0.0, 0.0, 1.0, 1.0, 0.0, 0.0, 1.0, 1.0, 0.0, 0.0, 1.0, 0.0, 0.0, 1.0, 1.0, 1.0, 0.0, 1.0, 1.0, 0.0, 0.0, 1.0, 1.0, 1.0, 1.0, 1.0, 1.0, 1.0, 1.0, 0.0, 0.0, 0.0, 1.0, 1.0, 0.0, 0.0, 0.0, 0.0, 0.0, 0.0, 1.0, 1.0, 1.0, 0.0, 0.0, 0.0, 1.0, 0.0, 0.0, 1.0, 1.0, 1.0, 1.0, 0.0, 0.0, 1.0, 0.0, 0.0, 0.0, 1.0, 0.0, 1.0, 0.0, 1.0, 1.0, 1.0, 0.0, 0.0, 1.0, 1.0, 1.0, 1.0, 1.0, 1.0, 1.0, 0.0, 0.0, 1.0, 1.0, 0.0, 0.0, 0.0, 1.0, 1.0, 1.0, 1.0, 0.0, 1.0, 0.0, 1.0, 1.0, 0.0, 0.0, 1.0, 1.0, 1.0, 1.0, 0.0, 0.0, 0.0, 0.0, 0.0, 1.0, 1.0, 0.0, 1.0, 0.0, 0.0, 1.0, 0.0, 1.0, 1.0, 1.0, 0.0, 0.0, 0.0, 1.0, 1.0, 1.0, 1.0, 1.0, 1.0, 1.0, 0.0, 1.0, 1.0, 0.0, 1.0, 1.0, 1.0, 1.0, 0.0, 1.0, 0.0, 1.0, 0.0, 0.0, 1.0, 0.0, 1.0, 1.0, 0.0, 0.0, 0.0, 0.0, 0.0, 1.0, 1.0, 0.0, 1.0, 1.0, 1.0, 1.0, 1.0, 1.0, 1.0, 1.0, 0.0, 0.0, 1.0, 0.0, 0.0, 1.0, 0.0, 0.0, 0.0, 1.0, 0.0, 0.0, 1.0, 0.0, 0.0, 1.0, 1.0, 0.0, 1.0, 1.0, 1.0, 1.0, 0.0, 1.0, 0.0, 1.0, 0.0, 0.0, 0.0, 1.0, 1.0, 0.0, 1.0, 0.0, 1.0, 0.0, 0.0, 1.0, 1.0, 0.0, 1.0, 0.0, 1.0, 0.0, 1.0, 0.0, 1.0, 0.0, 0.0, 0.0, 0.0, 1.0, 0.0, 0.0, 1.0, 0.0, 0.0, 0.0, 1.0, 1.0, 0.0, 1.0, 0.0, 0.0, 0.0, 1.0, 0.0, 1.0, 0.0, 1.0, 0.0, 1.0, 0.0, 1.0, 0.0, 1.0, 1.0, 0.0, 1.0, 1.0, 1.0, 1.0, 0.0, 1.0, 0.0, 1.0, 0.0, 1.0, 1.0, 1.0, 1.0, 0.0, 1.0, 1.0, 0.0, 0.0, 0.0, 1.0, 1.0, 1.0, 0.0, 0.0, 0.0, 1.0, 1.0, 0.0, 0.0, 1.0, 1.0, 0.0, 0.0, 0.0, 1.0, 0.0, 0.0, 1.0, 1.0, 0.0, 0.0, 0.0, 1.0, 1.0, 1.0, 1.0, 0.0, 0.0, 0.0, 0.0, 1.0, 0.0, 0.0, 1.0, 1.0, 0.0, 0.0, 0.0, 1.0, 0.0, 1.0, 1.0, 0.0, 0.0, 1.0, 0.0, 0.0, 0.0, 1.0, 1.0, 0.0, 1.0, 0.0, 1.0, 1.0, 0.0, 0.0, 1.0, 0.0, 0.0, 1.0, 1.0, 0.0, 0.0, 1.0, 0.0, 0.0, 0.0, 1.0, 0.0, 0.0, 0.0, 0.0, 1.0, 0.0, 1.0, 1.0, 1.0, 1.0, 1.0, 0.0, 0.0, 0.0, 0.0, 1.0, 0.0, 0.0, 1.0, 1.0, 1.0, 1.0, 0.0, 0.0, 1.0, 1.0, 0.0, 1.0, 0.0, 0.0, 1.0, 0.0, 0.0, 0.0, 0.0, 0.0, 0.0, 0.0, 0.0, 1.0, 1.0, 1.0, 0.0, 0.0, 0.0, 0.0, 1.0, 0.0, 0.0, 0.0, 1.0, 0.0, 0.0, 1.0, 1.0, 0.0, 0.0, 1.0, 0.0, 1.0, 0.0, 1.0, 0.0, 1.0, 1.0, 0.0, 0.0, 1.0, 0.0, 1.0, 1.0, 0.0, 1.0, 0.0, 0.0, 0.0, 0.0, 1.0, 1.0, 1.0, 1.0, 1.0, 0.0, 1.0, 1.0, 0.0, 0.0, 0.0, 1.0, 0.0, 0.0, 0.0, 1.0, 0.0, 1.0, 0.0, 1.0, 0.0, 0.0, 0.0, 0.0, 1.0, 0.0, 0.0, 0.0, 1.0, 0.0, 1.0, 1.0, 0.0, 1.0, 0.0, 0.0, 1.0, 0.0, 0.0, 1.0, 0.0, 0.0, 1.0, 1.0, 1.0, 1.0, 1.0, 0.0, 0.0, 1.0, 0.0, 0.0, 1.0, 0.0, 0.0, 0.0, 0.0, 1.0, 0.0, 0.0, 1.0, 0.0, 0.0, 1.0, 0.0, 0.0, 0.0, 0.0, 0.0, 1.0, 1.0, 0.0, 1.0, 1.0, 0.0, 1.0, 0.0, 0.0, 0.0, 0.0, 0.0, 0.0, 0.0, 1.0, 0.0, 1.0, 1.0, 1.0, 1.0, 1.0, 1.0, 1.0, 0.0, 0.0, 1.0, 0.0, 1.0, 1.0, 1.0, 1.0, 0.0, 0.0, 1.0, 1.0, 0.0, 0.0, 0.0, 0.0, 0.0, 1.0, 1.0, 1.0, 0.0, 0.0, 0.0, 0.0, 0.0, 0.0, 1.0, 1.0, 0.0, 0.0, 1.0, 1.0, 0.0, 0.0, 1.0, 1.0, 1.0, 0.0, 0.0, 1.0, 0.0, 1.0, 0.0, 1.0, 0.0, 1.0, 1.0, 1.0, 0.0, 0.0, 1.0, 1.0, 0.0, 1.0, 1.0, 1.0, 1.0, 0.0, 0.0, 1.0, 0.0, 1.0, 0.0, 1.0, 1.0, 1.0, 0.0, 0.0, 0.0, 1.0, 0.0, 0.0, 1.0, 0.0, 0.0, 1.0, 0.0, 0.0, 0.0, 0.0, 1.0, 1.0, 0.0, 1.0, 0.0, 0.0, 0.0, 1.0, 0.0, 1.0, 0.0, 1.0, 1.0, 1.0, 0.0, 0.0, 1.0, 1.0, 0.0, 1.0, 0.0, 0.0, 1.0, 0.0, 0.0, 1.0, 1.0, 1.0, 1.0, 0.0, 0.0, 1.0, 1.0, 0.0, 1.0, 1.0, 0.0, 0.0, 0.0, 0.0, 1.0, 1.0, 0.0, 1.0, 1.0, 1.0, 1.0, 0.0, 1.0, 0.0, 0.0, 0.0, 0.0, 1.0, 1.0, 0.0, 0.0, 1.0, 0.0, 1.0, 1.0, 1.0, 0.0, 1.0, 0.0, 1.0, 1.0, 1.0, 1.0, 1.0, 0.0, 1.0, 1.0, 0.0, 0.0, 1.0, 1.0, 1.0, 0.0, 0.0, 1.0, 0.0, 0.0, 0.0, 0.0, 0.0, 0.0, 0.0, 1.0, 0.0, 1.0, 1.0, 1.0, 1.0, 0.0, 0.0, 1.0, 0.0, 1.0, 1.0, 1.0, 0.0, 1.0, 0.0, 0.0, 1.0, 0.0, 0.0, 0.0, 0.0, 1.0, 1.0, 0.0, 0.0, 0.0, 1.0, 0.0, 0.0, 0.0, 0.0, 0.0, 0.0, 0.0, 0.0, 0.0, 1.0, 0.0, 1.0, 0.0, 0.0, 1.0, 0.0, 1.0, 1.0, 1.0, 1.0, 0.0, 1.0, 1.0, 0.0, 0.0, 1.0, 0.0, 1.0, 0.0, 0.0, 0.0, 1.0, 0.0, 0.0, 0.0, 1.0, 0.0, 1.0, 1.0, 1.0, 0.0, 1.0, 0.0, 1.0, 0.0, 1.0, 1.0, 1.0, 1.0, 0.0, 0.0, 0.0, 0.0, 0.0, 0.0, 0.0, 1.0, 1.0, 0.0, 0.0, 1.0, 0.0, 1.0, 1.0, 1.0, 0.0, 0.0, 1.0, 0.0, 1.0, 1.0, 0.0, 0.0, 1.0, 0.0, 0.0, 1.0, 1.0, 0.0, 0.0, 1.0, 1.0, 0.0, 1.0, 1.0, 1.0, 0.0, 0.0, 0.0, 1.0, 1.0, 0.0, 1.0, 0.0, 1.0, 0.0, 0.0, 0.0, 1.0, 0.0, 0.0, 0.0, 0.0, 0.0, 0.0, 1.0, 0.0, 0.0, 0.0, 0.0, 1.0, 1.0, 0.0, 0.0, 0.0, 0.0, 1.0, 1.0, 0.0, 1.0, 1.0, 0.0, 1.0, 1.0, 1.0, 1.0, 0.0, 0.0, 1.0, 1.0, 0.0, 0.0, 1.0, 0.0, 0.0, 0.0, 1.0, 1.0, 1.0, 1.0, 0.0, 0.0, 1.0, 0.0, 0.0, 0.0, 0.0, 0.0, 0.0, 0.0, 1.0, 1.0, 1.0, 0.0, 1.0, 1.0, 0.0, 1.0, 0.0, 1.0, 0.0, 1.0, 1.0, 0.0, 0.0, 0.0, 1.0, 0.0, 0.0, 1.0, 0.0, 1.0, 1.0, 0.0, 1.0, 1.0, 1.0, 1.0, 1.0, 1.0, 1.0, 1.0, 1.0, 0.0, 0.0, 1.0, 1.0, 1.0, 0.0, 0.0, 1.0, 0.0, 0.0, 1.0, 1.0, 1.0, 0.0, 1.0, 1.0, 1.0, 0.0, 1.0, 1.0, 0.0, 0.0, 0.0, 1.0, 1.0, 1.0, 0.0, 1.0, 0.0, 0.0, 1.0, 0.0, 0.0, 1.0, 1.0, 0.0, 1.0, 1.0, 1.0, 1.0, 1.0, 1.0, 1.0, 0.0, 1.0, 0.0, 0.0, 1.0, 1.0, 0.0, 1.0, 1.0, 1.0, 0.0, 1.0, 0.0, 0.0, 1.0, 1.0, 1.0, 0.0, 0.0, 1.0, 1.0, 0.0, 1.0, 0.0, 1.0, 1.0, 0.0, 1.0, 1.0, 0.0, 0.0, 1.0, 0.0, 1.0, 1.0, 0.0, 0.0, 0.0, 1.0, 1.0, 0.0, 1.0, 1.0, 1.0, 0.0, 0.0, 1.0, 0.0, 1.0, 1.0, 0.0, 1.0, 0.0, 1.0, 1.0, 1.0, 0.0, 1.0, 0.0, 0.0, 0.0, 1.0, 0.0, 0.0, 1.0, 1.0, 1.0, 1.0, 1.0, 0.0, 1.0, 1.0, 1.0, 1.0, 0.0, 0.0, 1.0, 0.0, 1.0, 0.0, 0.0, 1.0, 0.0, 1.0, 0.0, 0.0, 0.0, 0.0, 1.0, 0.0, 1.0, 0.0, 1.0, 1.0, 1.0, 1.0, 0.0, 0.0, 0.0, 1.0, 1.0, 0.0, 0.0, 0.0, 0.0, 0.0, 0.0, 0.0, 0.0, 0.0, 0.0, 1.0, 0.0, 0.0, 1.0, 1.0, 0.0, 0.0, 1.0, 1.0, 1.0, 0.0, 0.0, 0.0, 0.0, 1.0, 0.0, 1.0, 1.0, 1.0, 0.0, 1.0, 0.0, 1.0, 1.0, 1.0, 0.0, 1.0, 1.0, 0.0, 0.0, 1.0, 1.0, 0.0, 1.0, 0.0, 0.0, 1.0, 0.0, 0.0, 1.0, 1.0, 1.0, 0.0, 0.0, 1.0, 1.0, 1.0, 1.0, 0.0, 0.0, 1.0, 1.0, 1.0, 1.0, 1.0, 1.0, 0.0, 0.0, 0.0, 0.0, 0.0, 1.0, 0.0, 1.0, 1.0, 1.0, 1.0, 1.0, 0.0, 1.0, 0.0, 1.0, 0.0, 0.0, 0.0, 1.0, 1.0, 1.0, 1.0, 0.0, 1.0, 0.0, 0.0, 1.0, 0.0, 1.0, 1.0, 1.0, 1.0, 1.0, 1.0, 0.0, 1.0, 1.0, 0.0, 0.0, 0.0, 1.0, 1.0, 1.0, 0.0, 0.0, 0.0, 1.0, 1.0, 0.0, 0.0, 0.0, 1.0, 0.0, 0.0, 1.0, 1.0, 0.0, 0.0, 1.0, 1.0, 1.0, 1.0, 0.0, 1.0, 0.0, 1.0, 1.0, 1.0, 1.0, 1.0, 1.0, 0.0, 1.0, 0.0, 1.0, 0.0, 1.0, 0.0, 0.0, 0.0, 1.0, 1.0, 1.0, 0.0, 0.0, 1.0, 0.0, 0.0, 1.0, 0.0, 1.0, 1.0, 0.0, 0.0, 0.0, 0.0, 0.0, 1.0, 0.0, 0.0, 0.0, 1.0, 0.0, 0.0, 1.0, 1.0, 0.0, 0.0, 1.0, 1.0, 0.0, 0.0, 1.0, 0.0, 1.0, 1.0, 1.0, 0.0, 0.0, 1.0, 0.0, 1.0, 1.0, 1.0, 1.0, 0.0, 0.0, 0.0, 0.0, 1.0, 0.0, 1.0]","['lNONHSAG000253', 'lNONHSAG000464', 'lNONHSAG000742', 'lNONHSAG000843', 'lNONHSAG002752', 'lNONHSAG003068', 'lNONHSAG003244', 'lNONHSAG003504', 'lNONHSAG003645', 'lNONHSAG004054', 'lNONHSAG004619', 'lNONHSAG005377', 'lNONHSAG005669', 'lNONHSAG005721', 'lNONHSAG006457', 'lNONHSAG006763', 'lNONHSAG006966', 'lNONHSAG007109', 'lNONHSAG007324', 'lNONHSAG008552', 'lNONHSAG008966', 'lNONHSAG009133', 'lNONHSAG009174', 'lNONHSAG009193', 'lNONHSAG009613', 'lNONHSAG009945', 'lNONHSAG010186', 'lNONHSAG011658', 'lNONHSAG011935', 'lNONHSAG012367', 'lNONHSAG012534', 'lNONHSAG012540', 'lNONHSAG013388', 'lNONHSAG013534', 'lNONHSAG013568', 'lNONHSAG013708', 'lNONHSAG013790', 'lNONHSAG013917', 'lNONHSAG013954', 'lNONHSAG017020', 'lNONHSAG017238', 'lNONHSAG017288', 'lNONHSAG017347', 'lNONHSAG017379', 'lNONHSAG017882', 'lNONHSAG018372', 'lNONHSAG018889', 'lNONHSAG018903', 'lNONHSAG019221', 'lNONHSAG019848', 'lNONHSAG020374', 'lNONHSAG020755', 'lNONHSAG020762', 'lNONHSAG021342', 'lNONHSAG021408', 'lNONHSAG021566', 'lNONHSAG021638', 'lNONHSAG022094', 'lNONHSAG022127', 'lNONHSAG022893', 'lNONHSAG023073', 'lNONHSAG023512', 'lNONHSAG023553', 'lNONHSAG023964', 'lNONHSAG024637', 'lNONHSAG024810', 'lNONHSAG026153', 'lNONHSAG026781', 'lNONHSAG027276', 'lNONHSAG028141', 'lNONHSAG028720', 'lNONHSAG029124', 'lNONHSAG029312', 'lNONHSAG029962', 'lNONHSAG029965', 'lNONHSAG030113', 'lNONHSAG031452', 'lNONHSAG032063', 'lNONHSAG032537', 'lNONHSAG032750', 'lNONHSAG033589', 'lNONHSAG033810', 'lNONHSAG034676', 'lNONHSAG034935', 'lNONHSAG035456', 'lNONHSAG036115', 'lNONHSAG036263', 'lNONHSAG036403', 'lNONHSAG036412', 'lNONHSAG036922', 'lNONHSAG037072', 'lNONHSAG037083', 'lNONHSAG037137', 'lNONHSAG037164', 'lNONHSAG038162', 'lNONHSAG038663', 'lNONHSAG039293', 'lNONHSAG039664', 'lNONHSAG040729', 'lNONHSAG040859', 'lNONHSAG040945', 'lNONHSAG042257', 'lNONHSAG043250', 'lNONHSAG043934', 'lNONHSAG045166', 'lNONHSAG046765', 'lNONHSAG046811', 'lNONHSAG047951', 'lNONHSAG048101', 'lNONHSAG048323', 'lNONHSAG048439', 'lNONHSAG052495', 'lNONHSAG052510', 'lNONHSAG052680', 'lNONHSAG054214', 'lNONHSAG056053', 'lNONHSAG056451', 'lNONHSAG058109', 'lNONHSAG058533', 'lNONHSAG071444', 'lNONHSAG073419', 'lNONHSAG079231', 'lNONHSAG084937', 'lNONHSAG091284', 'lNONHSAG091943', 'lNONHSAG096227', 'lNONHSAG099082', 'lNONHSAG110858', 'lENSG00000223783', 'lENSG00000230061', 'lENSG00000232442', 'lENSG00000232500', 'lENSG00000233047', 'lENSG00000234169', 'lENSG00000234546', 'lENSG00000251061', 'lENSG00000254791', 'lENSG00000255427', 'lENSG00000256742', 'lENSG00000256769', 'lENSG00000267395', 'lENSG00000269019', 'lENSG00000278709', 'lAQP4-AS1', 'lCCAT2', 'lGATA3-AS1', 'lTRAM2-AS1', 'lSLC2A1-AS1', 'lAC061992.2', 'lAC137932.5', 'lCTB-60B18.10', 'lRP11-137H2.4', 'lRP11-21J18.1', 'lRP11-276H7.2', 'lRP11-514P8.8', 'lXXbac-B444P24.8', 'lRP5-1063M23.1', 'lNONHSAG000265', 'lNONHSAG000298', 'lNONHSAG000636', 'lNONHSAG001030', 'lNONHSAG001613', 'lNONHSAG004351', 'lNONHSAG005363', 'lNONHSAG005652', 'lNONHSAG005690', 'lNONHSAG005739', 'lNONHSAG005830', 'lNONHSAG005870', 'lNONHSAG005901', 'lNONHSAG006166', 'lNONHSAG006450', 'lNONHSAG006479', 'lNONHSAG006487', 'lNONHSAG006554', 'lNONHSAG006765', 'lNONHSAG006863', 'lNONHSAG007031', 'lNONHSAG007035', 'lNONHSAG007065', 'lNONHSAG007093', 'lNONHSAG007123', 'lNONHSAG007166', 'lNONHSAG007225', 'lNONHSAG007268', 'lNONHSAG007578', 'lENSG00000167920', 'lENSG00000203469', 'lENSG00000204393', 'lENSG00000223641', 'lENSG00000223720', 'lENSG00000223993', 'lENSG00000224031', 'lENSG00000224277', 'lENSG00000224384', 'lENSG00000225537', 'lENSG00000226352', 'lENSG00000226486', 'lENSG00000227076', 'lENSG00000227606', 'lENSG00000228627', 'lENSG00000229502', 'lENSG00000230105', 'lENSG00000230131', 'lENSG00000230233', 'lENSG00000230741', 'lENSG00000230790', 'lENSG00000231272', 'lENSG00000231912', 'lENSG00000232072', 'lENSG00000232335', 'lENSG00000232396', 'lENSG00000232895', 'lENSG00000233070', 'lENSG00000233339', 'lENSG00000233706', 'lENSG00000233960', 'lENSG00000234979', 'lENSG00000235628', 'lENSG00000236022', 'lENSG00000236358', 'lENSG00000237015', 'lENSG00000237919', 'lENSG00000238140', 'lENSG00000239482', 'lENSG00000241383', 'lENSG00000241397', 'lENSG00000241577', 'lENSG00000244701', 'lENSG00000245385', 'lENSG00000248627', 'lENSG00000248969', 'lENSG00000249474', 'lENSG00000249547', 'lENSG00000249806', 'lENSG00000250629', 'lENSG00000251266', 'lENSG00000253134', 'lENSG00000253456', 'lENSG00000253503', 'lENSG00000253507', 'lENSG00000253539', 'lENSG00000253619', 'lENSG00000253645', 'lENSG00000253717', 'lENSG00000253858', 'lENSG00000253875', 'lENSG00000254011', 'lENSG00000254021', 'lENSG00000254141', 'lENSG00000254314', 'lENSG00000254604', 'lENSG00000254626', 'lENSG00000254990', 'lENSG00000255121', 'lENSG00000255366', 'lENSG00000256071', 'lENSG00000256083', 'lENSG00000256972', 'lENSG00000257004', 'lENSG00000257275', 'lENSG00000257997', 'lENSG00000258084', 'lENSG00000258167', 'lENSG00000258313', 'lENSG00000258331', 'lENSG00000258690', 'lENSG00000258784', 'lENSG00000258958', 'lENSG00000259678', 'lENSG00000261261', 'lENSG00000261307', 'lENSG00000261697', 'lENSG00000261723', 'lENSG00000263417', 'lENSG00000264254', 'lENSG00000265987', 'lENSG00000266397', 'lENSG00000266801', 'lENSG00000267378', 'lENSG00000267436', 'lENSG00000267583', 'lENSG00000267638', 'lENSG00000268906', 'lENSG00000269191', 'lENSG00000269802', 'lENSG00000269843', 'lENSG00000270726', 'lENSG00000271314', 'lENSG00000271901', 'lENSG00000272742', 'lENSG00000273360', 'lENSG00000273485', 'lENSG00000278000', 'lENSG00000279751', 'lENSG00000280224', 'lENSG00000280703', 'lENSG00000282950', 'lENSG00000283286', 'lENSG00000285861', 'lENSG00000286002', 'lENSG00000286018', 'lENSG00000286101', 'lENSG00000286584', 'lENSG00000286770', 'lENSG00000286795', 'lENSG00000286887', 'lENSG00000287198', 'lENSG00000287545', 'lENSG00000287556', 'lENSG00000287618', 'lENSG00000230649', 'lENSG00000232056', 'lENSG00000233200', 'lENSG00000254927', 'lENSG00000259123', 'lENSG00000265174', 'lENSG00000269460', 'lENSG00000273138', 'lENSG00000226032', 'lENSG00000271840', 'lENSG00000281408', 'lACA64']","[0.0, 0.0, 0.0, 0.0, 0.0, 1.0, 0.0, 1.0, 1.0, 1.0, 0.0, 0.0, 1.0, 0.0, 0.0, 1.0, 0.0, 1.0, 0.0, 0.0, 0.0, 0.0, 1.0, 1.0, 0.0, 1.0, 1.0, 1.0, 1.0, 0.0, 1.0, 0.0, 1.0, 0.0, 1.0, 0.0, 1.0, 0.0, 1.0, 1.0, 1.0, 1.0, 1.0, 0.0, 1.0, 0.0, 0.0, 0.0, 1.0, 0.0, 1.0, 1.0, 1.0, 1.0, 1.0, 0.0, 0.0, 1.0, 1.0, 0.0, 1.0, 1.0, 0.0, 1.0, 1.0, 0.0, 1.0, 1.0, 0.0, 0.0, 1.0, 0.0, 0.0, 0.0, 0.0, 0.0, 0.0, 1.0, 0.0, 1.0, 0.0, 1.0, 0.0, 0.0, 0.0, 1.0, 1.0, 0.0, 0.0, 0.0, 1.0, 1.0, 1.0, 1.0, 1.0, 0.0, 1.0, 1.0, 0.0, 0.0, 1.0, 1.0, 1.0, 0.0, 0.0, 1.0, 1.0, 0.0, 0.0, 1.0, 1.0, 1.0, 1.0, 1.0, 1.0, 0.0, 0.0, 1.0, 0.0, 1.0, 1.0, 0.0, 1.0, 0.0, 1.0, 0.0, 1.0, 0.0, 0.0, 1.0, 1.0, 0.0, 0.0, 1.0, 0.0, 1.0, 1.0, 1.0, 1.0, 1.0, 1.0, 1.0, 1.0, 0.0, 1.0, 0.0, 1.0, 0.0, 1.0, 1.0, 0.0, 0.0, 0.0, 0.0, 1.0, 1.0, 0.0, 1.0, 0.0, 1.0, 0.0, 0.0, 0.0, 1.0, 1.0, 0.0, 0.0, 0.0, 0.0, 1.0, 0.0, 1.0, 0.0, 1.0, 0.0, 0.0, 1.0, 1.0, 1.0, 0.0, 0.0, 0.0, 0.0, 0.0, 1.0, 0.0, 1.0, 1.0, 0.0, 0.0, 1.0, 1.0, 1.0, 0.0, 0.0, 1.0, 0.0, 0.0, 1.0, 1.0, 1.0, 1.0, 0.0, 0.0, 1.0, 1.0, 1.0, 1.0, 1.0, 1.0, 0.0, 1.0, 1.0, 1.0, 1.0, 0.0, 0.0, 0.0, 0.0, 1.0, 1.0, 1.0, 1.0, 0.0, 0.0, 0.0, 1.0, 1.0, 1.0, 1.0, 1.0, 1.0, 1.0, 0.0, 1.0, 1.0, 0.0, 1.0, 0.0, 1.0, 0.0, 1.0, 1.0, 0.0, 1.0, 0.0, 0.0, 0.0, 0.0, 0.0, 0.0, 1.0, 0.0, 1.0, 0.0, 1.0, 1.0, 1.0, 0.0, 0.0, 0.0, 1.0, 1.0, 1.0, 1.0, 1.0, 0.0, 1.0, 1.0, 1.0, 1.0, 1.0, 1.0, 1.0, 0.0, 0.0, 0.0, 0.0, 1.0, 1.0, 1.0, 0.0, 0.0, 1.0, 1.0, 0.0, 1.0, 1.0, 0.0, 1.0, 0.0, 1.0, 1.0, 0.0, 0.0, 1.0, 0.0, 1.0, 1.0, 0.0, 0.0, 1.0, 0.0, 1.0, 0.0, 0.0, 1.0, 0.0, 1.0, 0.0, 1.0, 1.0, 1.0, 1.0, 0.0, 0.0, 1.0, 0.0, 0.0, 1.0, 1.0, 0.0, 0.0]","[1, 0, 0, 0, 1, 0, 1, 1, 1, 0, 0, 1, 1, 1, 0, 1, 0, 1, 0, 1, 0, 1, 0, 1, 1, 1, 0, 0, 0, 1, 1, 1, 0, 1, 1, 1, 1, 0, 0, 1, 1, 1, 0, 1, 1, 0, 1, 1, 0, 0, 1, 1, 1, 0, 1, 1, 1, 0, 1, 1, 1, 1, 0, 1, 0, 0, 1, 1, 1, 1, 1, 0, 0, 1, 0, 0, 0, 1, 1, 0, 1, 1, 0, 1, 1, 0, 0, 0, 0, 1, 1, 1, 0, 0, 1, 1, 0, 0, 1, 0, 1, 0, 0, 1, 0, 0, 1, 0, 1, 1, 0, 0, 0, 0, 1, 1, 1, 0, 1, 1, 0, 1, 1, 0, 1, 1, 1, 1, 0, 0, 0, 1, 1, 1, 1, 0, 0, 1, 1, 1, 0, 1, 1, 1, 0, 1, 1, 1, 0, 1, 1, 1, 1, 0, 1, 0, 1, 1, 1, 0, 1, 0, 0, 1, 1, 0, 0, 0, 0, 0, 0, 1, 0, 1, 0, 0, 0, 1, 0, 0, 1, 1, 1, 0, 1, 0, 1, 1, 0, 1, 1, 1, 0, 0, 0, 1, 0, 1, 1, 0, 0, 1, 1, 1, 0, 0, 0, 0, 1, 1, 1, 1, 1, 1, 0, 1, 0, 1, 1, 0, 1, 0, 1, 0, 1, 0, 0, 1, 1, 1, 0, 0, 0, 0, 0, 0, 1, 0, 0, 0, 1, 0, 1, 0, 0, 0, 1, 0, 0, 0, 1, 1, 0, 0, 0, 0, 1, 1, 0, 0, 1, 1, 1, 0, 1, 1, 0, 1, 0, 1, 1, 1, 1, 0, 1, 0, 0, 0, 0, 1, 0, 1, 1, 0, 0, 1, 0, 0, 1, 1, 0, 1, 0, 0, 0, 0, 1, 0, 0, 1, 0, 0, 0, 1, 0, 0, 1, 0, 0, 1, 1, 0, 0, 1, 1, 0, 1, 1, 0, 1, 0, 1, 0]","[0.05459123614811395, -0.029663385498802708, -0.20529107930516305, -0.0005601592482296636, 0.09622961176368355, -0.3173160717722457, 0.09461746109021368, 0.19433014903809037, 0.06986502380127496, -0.13633476388396099, -0.048441210742809215, 0.15657724014004976, 0.13671688298528045, 0.264455966989588, -0.21290987472369843, 0.011612458337251386, -0.003167876506348588, 0.15534738638093265, -0.16289704692599544, 0.11987327595994052, -0.2287849396386708, 0.13233623618117213, -0.011242537801124552, 0.13349432133693034, 0.1313119424232056, 0.2939835514946562, -0.13100917545242546, -0.10967068733796098, -0.35155542688666125, 0.11753370913511246, 0.12026808407097817, 0.2842663337128119, -0.0543619199343251, 0.009813007892501335, 0.025272095914759152, 0.008580882221705, 0.12783967637886667, -0.01714480512891009, -0.13044624502289076, 0.13488046608556664, 0.19711387086493665, 0.22544320839908422, -0.19222862925834222, 0.14303205902246247, 0.3312597496341915, -0.036878550021275214, 0.10339905965593948, 0.35418234181227, -0.09738041245131762, -0.12025786099539354, 0.07864516750050327, 0.01785040474101257, 0.29064895178082856, -0.05678895134119416, 0.2591891138119468, 0.2178429990784611, 0.26472713966014644, -0.1737430112053911, 0.07109255728563574, 0.010772212001684156, 0.142732864200876, 0.4770505369056554, -0.014395967450193947, 0.5470509435742443, -0.12386743107471326, -0.05251016263745961, 0.36507124004109776, 0.18780687316546646, 0.13936784659916163, 0.04555431578493446, 0.2519320720269331, -0.03181836214023087, -0.17068652816805746, 0.025661346469472324, -0.1255057328359815, -0.056933274445525595, -0.4625718761236513, 0.13880867757514997, 0.12442050842954905, -0.16774449890698478, 0.26964942479968207, 0.10598386710251367, -0.058287392647303815, 0.07532369050018523, 0.3078175294050631, -0.07386299801014645, -0.32502467353099435, -0.04149284423021876, -0.2470986752159277, 0.008945873308261187, 0.15013439713667437, 0.18360012690524136, -0.026045458105623365, -0.011331725043936924, 0.006186004752934682, 0.03576864730198287, -0.007294671263596453, -0.16908877958801655, 0.48420292116756264, -0.3186912038731851, 0.08864633705836872, -0.1464934104886016, -0.06930636468463797, 0.06106763963835532, -0.03518941733736264, -0.016949710311403632, 0.09385420216176249, -0.3744419358624523, 0.06720095815417898, 0.3578229747116108, -0.020725226422242227, -0.08244219707475048, -0.21775198488421738, -0.0898729080949881, 0.17945872721178907, 0.3037964112744575, 0.0061559153170815395, -0.22908739150813667, 0.10174833997382854, 0.1496958658818432, -0.1827187210075792, 0.14947436372445927, 0.07695170226192366, -0.14776088758536937, 0.025083820621067676, 0.358488729469234, 0.06203040819960498, 0.14089462201115416, -0.1353644943949977, -0.0741305905337864, -0.6654382591480619, 0.055697344809346905, 0.11500940089102513, 0.1445846793896301, 0.12018033247696386, -0.0891689910796945, -0.17395098157717365, 0.048322480226182296, 0.1548359938191492, 0.06577386475762131, -0.5530407997987001, 0.07805277005922945, 0.5286184971377097, 0.17440402958526596, -0.08962861744913014, 0.16641574635587836, 0.32214717551689737, 0.022891020438987997, -0.23943758121744346, 0.06906399135956603, 0.01532832054086447, 0.1564485204842409, 0.3982138245258497, -0.0034906771357111066, 0.12499705780589315, -0.13409500540761848, 0.08134505775659412, 0.2998093230966152, 0.020232550580844222, -0.15827774425996283, 0.03590688122785507, -0.45394165467916886, -0.11028180668532067, 0.0960660157755086, 0.17750160406435106, -0.04706341256896246, -0.09939065327710744, -0.2965717891499782, -0.06071372830775773, -0.01850477275280832, -0.04389567193620608, 0.013529934024618828, -0.15790324705480502, 0.1886121153523483, -0.34645632256362086, -0.05833514294384373, -0.39031341138613024, 0.09526057757204603, -0.05789733835298244, -0.17433358794779147, 0.07520071247180765, 0.09575521932843606, 0.0246600803633516, -0.10689654572956969, 0.060923031525424054, -0.003736326317816119, 0.4459002442981312, 0.20973607946475353, -0.032492057380671124, 0.07634869066583966, 0.15719777022418419, 0.061802775241728, -0.6042588041821009, -0.0181145812010442, -0.15000904106379737, 0.09363324093432118, -0.17455840349095447, 0.2524931428026502, 0.08472668800452715, -0.365478301076357, -0.12136307974476496, 0.10548904076606219, 0.08422715808870435, 0.34276961773857123, -0.08095947523247454, -0.07373737231318672, -0.3238821326784496, -0.19377646973948154, 0.058085767402342, 0.11099691617337831, 0.015104883001131941, 0.05401451791180384, 0.05270746792111253, 0.031708078322371935, -0.1022552227312506, 0.04185285079288831, -0.2206909208840216, 0.15565988183006246, 0.25145564362420564, -0.15284281718671872, 0.15120912675866655, -0.02188466929981986, 0.020843570829160274, -0.14757574544507684, 0.0026886006277734853, -0.12056917673759387, -0.03382640037203616, 0.13731781229806933, 0.11308561635095343, 0.30277192632005273, -0.16347933561347788, -0.09484554019136554, -0.13792914890741131, -0.3229949333065612, -0.03562402908552437, -0.07888409311008965, 0.029113875193263528, -0.005167837404734865, -0.09234500657151729, -0.033724492678642914, 0.11572790420545437, -0.18582456711609546, 0.021999899232207187, -0.13247330650070027, -0.4801615929423296, -0.10896629397535379, 0.27896606512976624, -0.18157448934778025, -0.3789498419427229, -0.6802042861388624, 0.03952888305426433, 0.4863482124139306, -0.13644219698845889, -0.24357380873431717, -0.13664838820734532, -0.10226232122255469, 0.07562739019140813, 0.002534683981154362, -0.13218976398020638, -0.027454378117739264, 0.005265547834603257, 0.12189986647389545, 0.025137155286720503, -0.03947943106303137, 0.1413651874921868, 0.05557896028558246, -0.07240050457245034, 0.20140399193782804, -0.04803648295528867, 0.01623671799980214, 0.3936352269733156, 0.016324458803645914, 0.12012346934724788, -0.1280536830233892, 0.013119202701685484, -0.25916441933749185, -0.059040328701256695, -0.1393040742513268, -0.08783413397088219, 0.10173150336994502, -0.19482975922479256, 0.20918611599391318, 0.04133690670953455, -0.1571398130717377, -0.24889088204787307, 0.19257113460493008, -0.0392805537202488, -0.06981760960964217, 0.2645193126906033, 0.13944543872149423, -0.028757036767417088, 0.025916109194285386, -0.37961066449279707, -0.11952671874895665, -0.1138522635110995, -0.2917928233314154, 0.03902933899897326, -0.12191798715636609, -0.06688273487556345, 0.17853053776333566, -0.008155965153519074, -0.07145880807323374, -0.0034829183473348846, 0.10983798368449021, -0.20389282591857133, -0.022840038696504916, 0.009603508629063728, -0.020726602629489943, -0.13339064783044813, 0.16641859593337321, 0.14382643745144214, -0.290473098474984, -0.002391414536218772, 0.5392624213511745, 0.020184354238165614, -0.24771260136421597, 0.06581337590722319, 0.05875623742970787, -0.10725094131308205, 0.11650426805425623, -0.05103154647673486, 0.37476374906629245, -0.10526569720760187]"
6,"['lNONHSAG000008', 'lNONHSAG000047', 'lNONHSAG000069', 'lNONHSAG000130', 'lNONHSAG000158', 'lNONHSAG000241', 'lNONHSAG000253', 'lNONHSAG000310', 'lNONHSAG000311', 'lNONHSAG000374', 'lNONHSAG000381', 'lNONHSAG000464', 'lNONHSAG000484', 'lNONHSAG000579', 'lNONHSAG000584', 'lNONHSAG000603', 'lNONHSAG000625', 'lNONHSAG000742', 'lNONHSAG000769', 'lNONHSAG000840', 'lNONHSAG000843', 'lNONHSAG000863', 'lNONHSAG000884', 'lNONHSAG000918', 'lNONHSAG000938', 'lNONHSAG000967', 'lNONHSAG001142', 'lNONHSAG001172', 'lNONHSAG001238', 'lNONHSAG001247', 'lNONHSAG001259', 'lNONHSAG001278', 'lNONHSAG001284', 'lNONHSAG001360', 'lNONHSAG001448', 'lNONHSAG001499', 'lNONHSAG001513', 'lNONHSAG001696', 'lNONHSAG001724', 'lNONHSAG001773', 'lNONHSAG001837', 'lNONHSAG001941', 'lNONHSAG001993', 'lNONHSAG002056', 'lNONHSAG002058', 'lNONHSAG002086', 'lNONHSAG002134', 'lNONHSAG002135', 'lNONHSAG002359', 'lNONHSAG002376', 'lNONHSAG002378', 'lNONHSAG002454', 'lNONHSAG002490', 'lNONHSAG002549', 'lNONHSAG002617', 'lNONHSAG002701', 'lNONHSAG002719', 'lNONHSAG002731', 'lNONHSAG002752', 'lNONHSAG002859', 'lNONHSAG002883', 'lNONHSAG002978', 'lNONHSAG003053', 'lNONHSAG003056', 'lNONHSAG003068', 'lNONHSAG003074', 'lNONHSAG003077', 'lNONHSAG003119', 'lNONHSAG003134', 'lNONHSAG003156', 'lNONHSAG003198', 'lNONHSAG003244', 'lNONHSAG003260', 'lNONHSAG003269', 'lNONHSAG003303', 'lNONHSAG003374', 'lNONHSAG003504', 'lNONHSAG003505', 'lNONHSAG003512', 'lNONHSAG003645', 'lNONHSAG003820', 'lNONHSAG003874', 'lNONHSAG003884', 'lNONHSAG003886', 'lNONHSAG003911', 'lNONHSAG003912', 'lNONHSAG003938', 'lNONHSAG003957', 'lNONHSAG003976', 'lNONHSAG004013', 'lNONHSAG004026', 'lNONHSAG004054', 'lNONHSAG004095', 'lNONHSAG004247', 'lNONHSAG004303', 'lNONHSAG004305', 'lNONHSAG004373', 'lNONHSAG004619', 'lNONHSAG004673', 'lNONHSAG004674', 'lNONHSAG004714', 'lNONHSAG004743', 'lNONHSAG004779', 'lNONHSAG004868', 'lNONHSAG005084', 'lNONHSAG005153', 'lNONHSAG005339', 'lNONHSAG005377', 'lNONHSAG005403', 'lNONHSAG005482', 'lNONHSAG005669', 'lNONHSAG005699', 'lNONHSAG005711', 'lNONHSAG005721', 'lNONHSAG005728', 'lNONHSAG005732', 'lNONHSAG005742', 'lNONHSAG005780', 'lNONHSAG005838', 'lNONHSAG005866', 'lNONHSAG005920', 'lNONHSAG006007', 'lNONHSAG006049', 'lNONHSAG006050', 'lNONHSAG006071', 'lNONHSAG006163', 'lNONHSAG006204', 'lNONHSAG006238', 'lNONHSAG006301', 'lNONHSAG006341', 'lNONHSAG006362', 'lNONHSAG006454', 'lNONHSAG006457', 'lNONHSAG006474', 'lNONHSAG006477', 'lNONHSAG006633', 'lNONHSAG006678', 'lNONHSAG006692', 'lNONHSAG006735', 'lNONHSAG006756', 'lNONHSAG006763', 'lNONHSAG006772', 'lNONHSAG006865', 'lNONHSAG006945', 'lNONHSAG006966', 'lNONHSAG007109', 'lNONHSAG007295', 'lNONHSAG007324', 'lNONHSAG007430', 'lNONHSAG007431', 'lNONHSAG007434', 'lNONHSAG007455', 'lNONHSAG007463', 'lNONHSAG007487', 'lNONHSAG007538', 'lNONHSAG007602', 'lNONHSAG007631', 'lNONHSAG007708', 'lNONHSAG007715', 'lNONHSAG007868', 'lNONHSAG007961', 'lNONHSAG007983', 'lNONHSAG007984', 'lNONHSAG008015', 'lNONHSAG008037', 'lNONHSAG008056', 'lNONHSAG008167', 'lNONHSAG008199', 'lNONHSAG008220', 'lNONHSAG008517', 'lNONHSAG008540', 'lNONHSAG008552', 'lNONHSAG008589', 'lNONHSAG008654', 'lNONHSAG008670', 'lNONHSAG008675', 'lNONHSAG008726', 'lNONHSAG008728', 'lNONHSAG008759', 'lNONHSAG008859', 'lNONHSAG008937', 'lNONHSAG008952', 'lNONHSAG008966', 'lNONHSAG009021', 'lNONHSAG009039', 'lNONHSAG009059', 'lNONHSAG009062', 'lNONHSAG009124', 'lNONHSAG009130', 'lNONHSAG009133', 'lNONHSAG009134', 'lNONHSAG009174', 'lNONHSAG009180', 'lNONHSAG009193', 'lNONHSAG009228', 'lNONHSAG009544', 'lNONHSAG009546', 'lNONHSAG009613', 'lNONHSAG009636', 'lNONHSAG009728', 'lNONHSAG009747', 'lNONHSAG009757', 'lNONHSAG009782', 'lNONHSAG009913', 'lNONHSAG009938', 'lNONHSAG009945', 'lNONHSAG009950', 'lNONHSAG009968', 'lNONHSAG009989', 'lNONHSAG010021', 'lNONHSAG010117', 'lNONHSAG010179', 'lNONHSAG010184', 'lNONHSAG010186', 'lNONHSAG010189', 'lNONHSAG010190', 'lNONHSAG010193', 'lNONHSAG010194', 'lNONHSAG010200', 'lNONHSAG010348', 'lNONHSAG010352', 'lNONHSAG010405', 'lNONHSAG010416', 'lNONHSAG010543', 'lNONHSAG010657', 'lNONHSAG010658', 'lNONHSAG010716', 'lNONHSAG010798', 'lNONHSAG010940', 'lNONHSAG010986', 'lNONHSAG010989', 'lNONHSAG011028', 'lNONHSAG011070', 'lNONHSAG011084', 'lNONHSAG011086', 'lNONHSAG011090', 'lNONHSAG011121', 'lNONHSAG011125', 'lNONHSAG011211', 'lNONHSAG011264', 'lNONHSAG011337', 'lNONHSAG011343', 'lNONHSAG011375', 'lNONHSAG011439', 'lNONHSAG011446', 'lNONHSAG011524', 'lNONHSAG011576', 'lNONHSAG011633', 'lNONHSAG011658', 'lNONHSAG011790', 'lNONHSAG011870', 'lNONHSAG011935', 'lNONHSAG012025', 'lNONHSAG012076', 'lNONHSAG012077', 'lNONHSAG012297', 'lNONHSAG012303', 'lNONHSAG012339', 'lNONHSAG012367', 'lNONHSAG012375', 'lNONHSAG012423', 'lNONHSAG012476', 'lNONHSAG012505', 'lNONHSAG012534', 'lNONHSAG012540', 'lNONHSAG012549', 'lNONHSAG012555', 'lNONHSAG012594', 'lNONHSAG012614', 'lNONHSAG012751', 'lNONHSAG013005', 'lNONHSAG013060', 'lNONHSAG013095', 'lNONHSAG013098', 'lNONHSAG013109', 'lNONHSAG013388', 'lNONHSAG013431', 'lNONHSAG013475', 'lNONHSAG013515', 'lNONHSAG013534', 'lNONHSAG013568', 'lNONHSAG013708', 'lNONHSAG013730', 'lNONHSAG013790', 'lNONHSAG013809', 'lNONHSAG013917', 'lNONHSAG013940', 'lNONHSAG013942', 'lNONHSAG013944', 'lNONHSAG013946', 'lNONHSAG013954', 'lNONHSAG013992', 'lNONHSAG014098', 'lNONHSAG014112', 'lNONHSAG014130', 'lNONHSAG014267', 'lNONHSAG014289', 'lNONHSAG014362', 'lNONHSAG014372', 'lNONHSAG014373', 'lNONHSAG014381', 'lNONHSAG014502', 'lNONHSAG014546', 'lNONHSAG014562', 'lNONHSAG014591', 'lNONHSAG014672', 'lNONHSAG014730', 'lNONHSAG014890', 'lNONHSAG014891', 'lNONHSAG014914', 'lNONHSAG015163', 'lNONHSAG015215', 'lNONHSAG015234', 'lNONHSAG015352', 'lNONHSAG015417', 'lNONHSAG015454', 'lNONHSAG015461', 'lNONHSAG015505', 'lNONHSAG015623', 'lNONHSAG015692', 'lNONHSAG015723', 'lNONHSAG015788', 'lNONHSAG015961', 'lNONHSAG016021', 'lNONHSAG016068', 'lNONHSAG016118', 'lNONHSAG016199', 'lNONHSAG016307', 'lNONHSAG016395', 'lNONHSAG016403', 'lNONHSAG016486', 'lNONHSAG016576', 'lNONHSAG016611', 'lNONHSAG016618', 'lNONHSAG016623', 'lNONHSAG016733', 'lNONHSAG016741', 'lNONHSAG016749', 'lNONHSAG016822', 'lNONHSAG016893', 'lNONHSAG017020', 'lNONHSAG017060', 'lNONHSAG017238', 'lNONHSAG017254', 'lNONHSAG017282', 'lNONHSAG017288', 'lNONHSAG017344', 'lNONHSAG017347', 'lNONHSAG017349', 'lNONHSAG017376', 'lNONHSAG017377', 'lNONHSAG017379', 'lNONHSAG017417', 'lNONHSAG017486', 'lNONHSAG017504', 'lNONHSAG017666', 'lNONHSAG017767', 'lNONHSAG017783', 'lNONHSAG017882', 'lNONHSAG017890', 'lNONHSAG017899', 'lNONHSAG018053', 'lNONHSAG018058', 'lNONHSAG018110', 'lNONHSAG018203', 'lNONHSAG018236', 'lNONHSAG018313', 'lNONHSAG018322', 'lNONHSAG018326', 'lNONHSAG018341', 'lNONHSAG018344', 'lNONHSAG018372', 'lNONHSAG018374', 'lNONHSAG018414', 'lNONHSAG018415', 'lNONHSAG018417', 'lNONHSAG018420', 'lNONHSAG018461', 'lNONHSAG018530', 'lNONHSAG018586', 'lNONHSAG018621', 'lNONHSAG018635', 'lNONHSAG018659', 'lNONHSAG018707', 'lNONHSAG018709', 'lNONHSAG018829', 'lNONHSAG018889', 'lNONHSAG018893', 'lNONHSAG018903', 'lNONHSAG018980', 'lNONHSAG019012', 'lNONHSAG019014', 'lNONHSAG019021', 'lNONHSAG019023', 'lNONHSAG019031', 'lNONHSAG019049', 'lNONHSAG019051', 'lNONHSAG019079', 'lNONHSAG019090', 'lNONHSAG019115', 'lNONHSAG019134', 'lNONHSAG019158', 'lNONHSAG019221', 'lNONHSAG019270', 'lNONHSAG019332', 'lNONHSAG019439', 'lNONHSAG019493', 'lNONHSAG019569', 'lNONHSAG019613', 'lNONHSAG019667', 'lNONHSAG019711', 'lNONHSAG019767', 'lNONHSAG019813', 'lNONHSAG019814', 'lNONHSAG019848', 'lNONHSAG019852', 'lNONHSAG019878', 'lNONHSAG019898', 'lNONHSAG019967', 'lNONHSAG020053', 'lNONHSAG020066', 'lNONHSAG020075', 'lNONHSAG020091', 'lNONHSAG020107', 'lNONHSAG020153', 'lNONHSAG020155', 'lNONHSAG020218', 'lNONHSAG020223', 'lNONHSAG020252', 'lNONHSAG020259', 'lNONHSAG020260', 'lNONHSAG020274', 'lNONHSAG020277', 'lNONHSAG020278', 'lNONHSAG020281', 'lNONHSAG020298', 'lNONHSAG020304', 'lNONHSAG020312', 'lNONHSAG020321', 'lNONHSAG020325', 'lNONHSAG020339', 'lNONHSAG020361', 'lNONHSAG020367', 'lNONHSAG020372', 'lNONHSAG020374', 'lNONHSAG020382', 'lNONHSAG020403', 'lNONHSAG020474', 'lNONHSAG020476', 'lNONHSAG020600', 'lNONHSAG020616', 'lNONHSAG020729', 'lNONHSAG020731', 'lNONHSAG020755', 'lNONHSAG020759', 'lNONHSAG020760', 'lNONHSAG020762', 'lNONHSAG020771', 'lNONHSAG020957', 'lNONHSAG020990', 'lNONHSAG021042', 'lNONHSAG021072', 'lNONHSAG021307', 'lNONHSAG021309', 'lNONHSAG021315', 'lNONHSAG021335', 'lNONHSAG021342', 'lNONHSAG021347', 'lNONHSAG021370', 'lNONHSAG021390', 'lNONHSAG021400', 'lNONHSAG021408', 'lNONHSAG021410', 'lNONHSAG021431', 'lNONHSAG021432', 'lNONHSAG021433', 'lNONHSAG021471', 'lNONHSAG021557', 'lNONHSAG021566', 'lNONHSAG021567', 'lNONHSAG021584', 'lNONHSAG021638', 'lNONHSAG021641', 'lNONHSAG021698', 'lNONHSAG021760', 'lNONHSAG021780', 'lNONHSAG021846', 'lNONHSAG021874', 'lNONHSAG021878', 'lNONHSAG021882', 'lNONHSAG021893', 'lNONHSAG021909', 'lNONHSAG021976', 'lNONHSAG021981', 'lNONHSAG022009', 'lNONHSAG022030', 'lNONHSAG022078', 'lNONHSAG022088', 'lNONHSAG022094', 'lNONHSAG022103', 'lNONHSAG022110', 'lNONHSAG022125', 'lNONHSAG022127', 'lNONHSAG022162', 'lNONHSAG022311', 'lNONHSAG022327', 'lNONHSAG022335', 'lNONHSAG022339', 'lNONHSAG022378', 'lNONHSAG022495', 'lNONHSAG022510', 'lNONHSAG022551', 'lNONHSAG022579', 'lNONHSAG022595', 'lNONHSAG022597', 'lNONHSAG022655', 'lNONHSAG022690', 'lNONHSAG022743', 'lNONHSAG022750', 'lNONHSAG022845', 'lNONHSAG022851', 'lNONHSAG022888', 'lNONHSAG022893', 'lNONHSAG022972', 'lNONHSAG022980', 'lNONHSAG023003', 'lNONHSAG023049', 'lNONHSAG023051', 'lNONHSAG023073', 'lNONHSAG023375', 'lNONHSAG023387', 'lNONHSAG023494', 'lNONHSAG023512', 'lNONHSAG023553', 'lNONHSAG023579', 'lNONHSAG023607', 'lNONHSAG023614', 'lNONHSAG023630', 'lNONHSAG023633', 'lNONHSAG023635', 'lNONHSAG023661', 'lNONHSAG023668', 'lNONHSAG023740', 'lNONHSAG023837', 'lNONHSAG023864', 'lNONHSAG023885', 'lNONHSAG023888', 'lNONHSAG023930', 'lNONHSAG023964', 'lNONHSAG024117', 'lNONHSAG024141', 'lNONHSAG024146', 'lNONHSAG024171', 'lNONHSAG024224', 'lNONHSAG024244', 'lNONHSAG024332', 'lNONHSAG024340', 'lNONHSAG024341', 'lNONHSAG024354', 'lNONHSAG024362', 'lNONHSAG024364', 'lNONHSAG024381', 'lNONHSAG024391', 'lNONHSAG024393', 'lNONHSAG024395', 'lNONHSAG024428', 'lNONHSAG024540', 'lNONHSAG024637', 'lNONHSAG024668', 'lNONHSAG024671', 'lNONHSAG024676', 'lNONHSAG024681', 'lNONHSAG024809', 'lNONHSAG024810', 'lNONHSAG024818', 'lNONHSAG024826', 'lNONHSAG024903', 'lNONHSAG024905', 'lNONHSAG024908', 'lNONHSAG024913', 'lNONHSAG024921', 'lNONHSAG024923', 'lNONHSAG024925', 'lNONHSAG024979', 'lNONHSAG025011', 'lNONHSAG025135', 'lNONHSAG025137', 'lNONHSAG025157', 'lNONHSAG025185', 'lNONHSAG025319', 'lNONHSAG025352', 'lNONHSAG025483', 'lNONHSAG025485', 'lNONHSAG025609', 'lNONHSAG025712', 'lNONHSAG025743', 'lNONHSAG025744', 'lNONHSAG025864', 'lNONHSAG025865', 'lNONHSAG025867', 'lNONHSAG025907', 'lNONHSAG025934', 'lNONHSAG025939', 'lNONHSAG025964', 'lNONHSAG025997', 'lNONHSAG026053', 'lNONHSAG026089', 'lNONHSAG026091', 'lNONHSAG026103', 'lNONHSAG026153', 'lNONHSAG026176', 'lNONHSAG026274', 'lNONHSAG026364', 'lNONHSAG026386', 'lNONHSAG026575', 'lNONHSAG026599', 'lNONHSAG026631', 'lNONHSAG026661', 'lNONHSAG026720', 'lNONHSAG026721', 'lNONHSAG026737', 'lNONHSAG026743', 'lNONHSAG026781', 'lNONHSAG026852', 'lNONHSAG026854', 'lNONHSAG026856', 'lNONHSAG027017', 'lNONHSAG027075', 'lNONHSAG027110', 'lNONHSAG027276', 'lNONHSAG027278', 'lNONHSAG027374', 'lNONHSAG027421', 'lNONHSAG027482', 'lNONHSAG027598', 'lNONHSAG027618', 'lNONHSAG027675', 'lNONHSAG027692', 'lNONHSAG027694', 'lNONHSAG027709', 'lNONHSAG027837', 'lNONHSAG027874', 'lNONHSAG028045', 'lNONHSAG028083', 'lNONHSAG028093', 'lNONHSAG028112', 'lNONHSAG028141', 'lNONHSAG028142', 'lNONHSAG028159', 'lNONHSAG028403', 'lNONHSAG028713', 'lNONHSAG028720', 'lNONHSAG028820', 'lNONHSAG028857', 'lNONHSAG028870', 'lNONHSAG028913', 'lNONHSAG028948', 'lNONHSAG028996', 'lNONHSAG029033', 'lNONHSAG029080', 'lNONHSAG029124', 'lNONHSAG029267', 'lNONHSAG029312', 'lNONHSAG029336', 'lNONHSAG029377', 'lNONHSAG029467', 'lNONHSAG029830', 'lNONHSAG029873', 'lNONHSAG029880', 'lNONHSAG029933', 'lNONHSAG029956', 'lNONHSAG029957', 'lNONHSAG029958', 'lNONHSAG029959', 'lNONHSAG029960', 'lNONHSAG029961', 'lNONHSAG029962', 'lNONHSAG029964', 'lNONHSAG029965', 'lNONHSAG030074', 'lNONHSAG030113', 'lNONHSAG030129', 'lNONHSAG030244', 'lNONHSAG030258', 'lNONHSAG030278', 'lNONHSAG030279', 'lNONHSAG030304', 'lNONHSAG030333', 'lNONHSAG030410', 'lNONHSAG030440', 'lNONHSAG030487', 'lNONHSAG030516', 'lNONHSAG030525', 'lNONHSAG030582', 'lNONHSAG030583', 'lNONHSAG030738', 'lNONHSAG030739', 'lNONHSAG031025', 'lNONHSAG031035', 'lNONHSAG031123', 'lNONHSAG031261', 'lNONHSAG031385', 'lNONHSAG031425', 'lNONHSAG031452', 'lNONHSAG031453', 'lNONHSAG031481', 'lNONHSAG031563', 'lNONHSAG031565', 'lNONHSAG031581', 'lNONHSAG031584', 'lNONHSAG031636', 'lNONHSAG031696', 'lNONHSAG031853', 'lNONHSAG031900', 'lNONHSAG031913', 'lNONHSAG031991', 'lNONHSAG032063', 'lNONHSAG032126', 'lNONHSAG032247', 'lNONHSAG032267', 'lNONHSAG032297', 'lNONHSAG032302', 'lNONHSAG032309', 'lNONHSAG032312', 'lNONHSAG032537', 'lNONHSAG032560', 'lNONHSAG032664', 'lNONHSAG032682', 'lNONHSAG032724', 'lNONHSAG032735', 'lNONHSAG032737', 'lNONHSAG032748', 'lNONHSAG032750', 'lNONHSAG033027', 'lNONHSAG033061', 'lNONHSAG033100', 'lNONHSAG033105', 'lNONHSAG033121', 'lNONHSAG033168', 'lNONHSAG033170', 'lNONHSAG033216', 'lNONHSAG033224', 'lNONHSAG033254', 'lNONHSAG033263', 'lNONHSAG033266', 'lNONHSAG033298', 'lNONHSAG033328', 'lNONHSAG033342', 'lNONHSAG033352', 'lNONHSAG033368', 'lNONHSAG033386', 'lNONHSAG033390', 'lNONHSAG033435', 'lNONHSAG033459', 'lNONHSAG033471', 'lNONHSAG033480', 'lNONHSAG033528', 'lNONHSAG033589', 'lNONHSAG033611', 'lNONHSAG033645', 'lNONHSAG033691', 'lNONHSAG033716', 'lNONHSAG033735', 'lNONHSAG033748', 'lNONHSAG033810', 'lNONHSAG033862', 'lNONHSAG033896', 'lNONHSAG033898', 'lNONHSAG033899', 'lNONHSAG033937', 'lNONHSAG034006', 'lNONHSAG034014', 'lNONHSAG034021', 'lNONHSAG034032', 'lNONHSAG034217', 'lNONHSAG034417', 'lNONHSAG034418', 'lNONHSAG034492', 'lNONHSAG034508', 'lNONHSAG034527', 'lNONHSAG034676', 'lNONHSAG034678', 'lNONHSAG034801', 'lNONHSAG034845', 'lNONHSAG034846', 'lNONHSAG034935', 'lNONHSAG034973', 'lNONHSAG035096', 'lNONHSAG035103', 'lNONHSAG035262', 'lNONHSAG035287', 'lNONHSAG035382', 'lNONHSAG035456', 'lNONHSAG035531', 'lNONHSAG035568', 'lNONHSAG035806', 'lNONHSAG035914', 'lNONHSAG035916', 'lNONHSAG035919', 'lNONHSAG035923', 'lNONHSAG036047', 'lNONHSAG036054', 'lNONHSAG036115', 'lNONHSAG036120', 'lNONHSAG036263', 'lNONHSAG036273', 'lNONHSAG036403', 'lNONHSAG036407', 'lNONHSAG036412', 'lNONHSAG036413', 'lNONHSAG036667', 'lNONHSAG036718', 'lNONHSAG036783', 'lNONHSAG036866', 'lNONHSAG036922', 'lNONHSAG036926', 'lNONHSAG037025', 'lNONHSAG037061', 'lNONHSAG037072', 'lNONHSAG037073', 'lNONHSAG037080', 'lNONHSAG037082', 'lNONHSAG037083', 'lNONHSAG037096', 'lNONHSAG037137', 'lNONHSAG037146', 'lNONHSAG037164', 'lNONHSAG037241', 'lNONHSAG037348', 'lNONHSAG037559', 'lNONHSAG037891', 'lNONHSAG037946', 'lNONHSAG038001', 'lNONHSAG038024', 'lNONHSAG038060', 'lNONHSAG038091', 'lNONHSAG038162', 'lNONHSAG038343', 'lNONHSAG038397', 'lNONHSAG038502', 'lNONHSAG038530', 'lNONHSAG038561', 'lNONHSAG038578', 'lNONHSAG038663', 'lNONHSAG038675', 'lNONHSAG038676', 'lNONHSAG038836', 'lNONHSAG039037', 'lNONHSAG039038', 'lNONHSAG039147', 'lNONHSAG039293', 'lNONHSAG039295', 'lNONHSAG039319', 'lNONHSAG039617', 'lNONHSAG039620', 'lNONHSAG039634', 'lNONHSAG039637', 'lNONHSAG039654', 'lNONHSAG039664', 'lNONHSAG039749', 'lNONHSAG039872', 'lNONHSAG039951', 'lNONHSAG040179', 'lNONHSAG040188', 'lNONHSAG040226', 'lNONHSAG040241', 'lNONHSAG040269', 'lNONHSAG040320', 'lNONHSAG040329', 'lNONHSAG040408', 'lNONHSAG040444', 'lNONHSAG040481', 'lNONHSAG040542', 'lNONHSAG040560', 'lNONHSAG040601', 'lNONHSAG040692', 'lNONHSAG040700', 'lNONHSAG040729', 'lNONHSAG040804', 'lNONHSAG040859', 'lNONHSAG040870', 'lNONHSAG040909', 'lNONHSAG040945', 'lNONHSAG040969', 'lNONHSAG040976', 'lNONHSAG041002', 'lNONHSAG041017', 'lNONHSAG041023', 'lNONHSAG041241', 'lNONHSAG041480', 'lNONHSAG041529', 'lNONHSAG041592', 'lNONHSAG041707', 'lNONHSAG041716', 'lNONHSAG041758', 'lNONHSAG041844', 'lNONHSAG041966', 'lNONHSAG041981', 'lNONHSAG042033', 'lNONHSAG042050', 'lNONHSAG042062', 'lNONHSAG042080', 'lNONHSAG042132', 'lNONHSAG042138', 'lNONHSAG042218', 'lNONHSAG042257', 'lNONHSAG042270', 'lNONHSAG042306', 'lNONHSAG042370', 'lNONHSAG042433', 'lNONHSAG042476', 'lNONHSAG042491', 'lNONHSAG042500', 'lNONHSAG042722', 'lNONHSAG042724', 'lNONHSAG042836', 'lNONHSAG042855', 'lNONHSAG042957', 'lNONHSAG042966', 'lNONHSAG042970', 'lNONHSAG042991', 'lNONHSAG043138', 'lNONHSAG043159', 'lNONHSAG043229', 'lNONHSAG043250', 'lNONHSAG043303', 'lNONHSAG043433', 'lNONHSAG043550', 'lNONHSAG043592', 'lNONHSAG043625', 'lNONHSAG043657', 'lNONHSAG043770', 'lNONHSAG043851', 'lNONHSAG043934', 'lNONHSAG044022', 'lNONHSAG044041', 'lNONHSAG044064', 'lNONHSAG044283', 'lNONHSAG044350', 'lNONHSAG044429', 'lNONHSAG044533', 'lNONHSAG044624', 'lNONHSAG044709', 'lNONHSAG044751', 'lNONHSAG044791', 'lNONHSAG045131', 'lNONHSAG045160', 'lNONHSAG045163', 'lNONHSAG045166', 'lNONHSAG045306', 'lNONHSAG045383', 'lNONHSAG045430', 'lNONHSAG046730', 'lNONHSAG046765', 'lNONHSAG046781', 'lNONHSAG046811', 'lNONHSAG046839', 'lNONHSAG046953', 'lNONHSAG047182', 'lNONHSAG047191', 'lNONHSAG047197', 'lNONHSAG047260', 'lNONHSAG047319', 'lNONHSAG047433', 'lNONHSAG047463', 'lNONHSAG047469', 'lNONHSAG047471', 'lNONHSAG047543', 'lNONHSAG047544', 'lNONHSAG047547', 'lNONHSAG047619', 'lNONHSAG047620', 'lNONHSAG047725', 'lNONHSAG047792', 'lNONHSAG047796', 'lNONHSAG047830', 'lNONHSAG047840', 'lNONHSAG047842', 'lNONHSAG047851', 'lNONHSAG047951', 'lNONHSAG047973', 'lNONHSAG048057', 'lNONHSAG048101', 'lNONHSAG048114', 'lNONHSAG048189', 'lNONHSAG048191', 'lNONHSAG048201', 'lNONHSAG048228', 'lNONHSAG048231', 'lNONHSAG048270', 'lNONHSAG048302', 'lNONHSAG048323', 'lNONHSAG048354', 'lNONHSAG048439', 'lNONHSAG048464', 'lNONHSAG048598', 'lNONHSAG048602', 'lNONHSAG048603', 'lNONHSAG048610', 'lNONHSAG048623', 'lNONHSAG048624', 'lNONHSAG048626', 'lNONHSAG048641', 'lNONHSAG048682', 'lNONHSAG048781', 'lNONHSAG048817', 'lNONHSAG049050', 'lNONHSAG049051', 'lNONHSAG049119', 'lNONHSAG049129', 'lNONHSAG049157', 'lNONHSAG049185', 'lNONHSAG049191', 'lNONHSAG049288', 'lNONHSAG049356', 'lNONHSAG049421', 'lNONHSAG049507', 'lNONHSAG049626', 'lNONHSAG049655', 'lNONHSAG049754', 'lNONHSAG049801', 'lNONHSAG049901', 'lNONHSAG050073', 'lNONHSAG050167', 'lNONHSAG050168', 'lNONHSAG050272', 'lNONHSAG050273', 'lNONHSAG050284', 'lNONHSAG050423', 'lNONHSAG050445', 'lNONHSAG050493', 'lNONHSAG050518', 'lNONHSAG050670', 'lNONHSAG050769', 'lNONHSAG050786', 'lNONHSAG050815', 'lNONHSAG050929', 'lNONHSAG050985', 'lNONHSAG051010', 'lNONHSAG051015', 'lNONHSAG051166', 'lNONHSAG051196', 'lNONHSAG051245', 'lNONHSAG051250', 'lNONHSAG051255', 'lNONHSAG051259', 'lNONHSAG051260', 'lNONHSAG051263', 'lNONHSAG051266', 'lNONHSAG051291', 'lNONHSAG051448', 'lNONHSAG051454', 'lNONHSAG051523', 'lNONHSAG051542', 'lNONHSAG051567', 'lNONHSAG051568', 'lNONHSAG051770', 'lNONHSAG051898', 'lNONHSAG051958', 'lNONHSAG052046', 'lNONHSAG052119', 'lNONHSAG052149', 'lNONHSAG052151', 'lNONHSAG052179', 'lNONHSAG052454', 'lNONHSAG052491', 'lNONHSAG052492', 'lNONHSAG052495', 'lNONHSAG052510', 'lNONHSAG052511', 'lNONHSAG052609', 'lNONHSAG052680', 'lNONHSAG052686', 'lNONHSAG052709', 'lNONHSAG052726', 'lNONHSAG052925', 'lNONHSAG052929', 'lNONHSAG052931', 'lNONHSAG052933', 'lNONHSAG053007', 'lNONHSAG053014', 'lNONHSAG053028', 'lNONHSAG053033', 'lNONHSAG053082', 'lNONHSAG053108', 'lNONHSAG053162', 'lNONHSAG053228', 'lNONHSAG053419', 'lNONHSAG053456', 'lNONHSAG053499', 'lNONHSAG053500', 'lNONHSAG053502', 'lNONHSAG053546', 'lNONHSAG053547', 'lNONHSAG053590', 'lNONHSAG053602', 'lNONHSAG053626', 'lNONHSAG053631', 'lNONHSAG053651', 'lNONHSAG053716', 'lNONHSAG053719', 'lNONHSAG053748', 'lNONHSAG053796', 'lNONHSAG053802', 'lNONHSAG053842', 'lNONHSAG054024', 'lNONHSAG054038', 'lNONHSAG054212', 'lNONHSAG054213', 'lNONHSAG054214', 'lNONHSAG054215', 'lNONHSAG054216', 'lNONHSAG054301', 'lNONHSAG054360', 'lNONHSAG054432', 'lNONHSAG054699', 'lNONHSAG054716', 'lNONHSAG054717', 'lNONHSAG054718', 'lNONHSAG054780', 'lNONHSAG054791', 'lNONHSAG054807', 'lNONHSAG054832', 'lNONHSAG055008', 'lNONHSAG055092', 'lNONHSAG055258', 'lNONHSAG055418', 'lNONHSAG055450', 'lNONHSAG055546', 'lNONHSAG055558', 'lNONHSAG055565', 'lNONHSAG055577', 'lNONHSAG055582', 'lNONHSAG056025', 'lNONHSAG056029', 'lNONHSAG056053', 'lNONHSAG056451', 'lNONHSAG056733', 'lNONHSAG056746', 'lNONHSAG056868', 'lNONHSAG056875', 'lNONHSAG057260', 'lNONHSAG058006', 'lNONHSAG058109', 'lNONHSAG058112', 'lNONHSAG058118', 'lNONHSAG058128', 'lNONHSAG058533', 'lNONHSAG059768', 'lNONHSAG060586', 'lNONHSAG061096', 'lNONHSAG061404', 'lNONHSAG061492', 'lNONHSAG063700', 'lNONHSAG064962', 'lNONHSAG065252', 'lNONHSAG068402', 'lNONHSAG068639', 'lNONHSAG069030', 'lNONHSAG069147', 'lNONHSAG069876', 'lNONHSAG070257', 'lNONHSAG071444', 'lNONHSAG072176', 'lNONHSAG072945', 'lNONHSAG073025', 'lNONHSAG073380', 'lNONHSAG073406', 'lNONHSAG073419', 'lNONHSAG073786', 'lNONHSAG074052', 'lNONHSAG074661', 'lNONHSAG075363', 'lNONHSAG077475', 'lNONHSAG077527', 'lNONHSAG077551', 'lNONHSAG079231', 'lNONHSAG080772', 'lNONHSAG081227', 'lNONHSAG081583', 'lNONHSAG081993', 'lNONHSAG082891', 'lNONHSAG083209', 'lNONHSAG083289', 'lNONHSAG083615', 'lNONHSAG083859', 'lNONHSAG083883', 'lNONHSAG083894', 'lNONHSAG084701', 'lNONHSAG084832', 'lNONHSAG084937', 'lNONHSAG085975', 'lNONHSAG088562', 'lNONHSAG089857', 'lNONHSAG091284', 'lNONHSAG091452', 'lNONHSAG091943', 'lNONHSAG092907', 'lNONHSAG093064', 'lNONHSAG093078', 'lNONHSAG093517', 'lNONHSAG094075', 'lNONHSAG094129', 'lNONHSAG094269', 'lNONHSAG096130', 'lNONHSAG096227', 'lNONHSAG096230', 'lNONHSAG097344', 'lNONHSAG097347', 'lNONHSAG098653', 'lNONHSAG099082', 'lNONHSAG099120', 'lNONHSAG099126', 'lNONHSAG099742', 'lNONHSAG099774', 'lNONHSAG101229', 'lNONHSAG102572', 'lNONHSAG102979', 'lNONHSAG103259', 'lNONHSAG103457', 'lNONHSAG103817', 'lNONHSAG110420', 'lNONHSAG110858', 'lNONHSAG111667', 'lNONHSAG112396', 'lNONHSAG113761', 'lNONHSAG114445', 'lENSG00000103472', 'lENSG00000163364', 'lENSG00000171889', 'lENSG00000175061', 'lENSG00000177410', 'lENSG00000179406', 'lENSG00000189295', 'lENSG00000198221', 'lENSG00000198468', 'lENSG00000203497', 'lENSG00000205611', 'lENSG00000223764', 'lENSG00000223783', 'lENSG00000224057', 'lENSG00000224078', 'lENSG00000224614', 'lENSG00000225470', 'lENSG00000225855', 'lENSG00000226137', 'lENSG00000227082', 'lENSG00000227256', 'lENSG00000227963', 'lENSG00000228022', 'lENSG00000228526', 'lENSG00000229335', 'lENSG00000229388', 'lENSG00000230046', 'lENSG00000230061', 'lENSG00000230257', 'lENSG00000230313', 'lENSG00000230400', 'lENSG00000230866', 'lENSG00000231019', 'lENSG00000231437', 'lENSG00000231473', 'lENSG00000231663', 'lENSG00000232265', 'lENSG00000232442', 'lENSG00000232500', 'lENSG00000233047', 'lENSG00000233387', 'lENSG00000233532', 'lENSG00000233590', 'lENSG00000234169', 'lENSG00000234222', 'lENSG00000234455', 'lENSG00000234546', 'lENSG00000234625', 'lENSG00000235385', 'lENSG00000235535', 'lENSG00000236535', 'lENSG00000237167', 'lENSG00000237396', 'lENSG00000237880', 'lENSG00000241388', 'lENSG00000242207', 'lENSG00000243479', 'lENSG00000244124', 'lENSG00000245067', 'lENSG00000245146', 'lENSG00000245614', 'lENSG00000246560', 'lENSG00000247095', 'lENSG00000247373', 'lENSG00000247400', 'lENSG00000249532', 'lENSG00000249786', 'lENSG00000249835', 'lENSG00000249993', 'lENSG00000250635', 'lENSG00000251003', 'lENSG00000251061', 'lENSG00000253315', 'lENSG00000254418', 'lENSG00000254480', 'lENSG00000254508', 'lENSG00000254635', 'lENSG00000254791', 'lENSG00000255427', 'lENSG00000255553', 'lENSG00000256742', 'lENSG00000256769', 'lENSG00000257084', 'lENSG00000257557', 'lENSG00000258197', 'lENSG00000258912', 'lENSG00000259289', 'lENSG00000259424', 'lENSG00000260219', 'lENSG00000260280', 'lENSG00000260924', 'lENSG00000260969', 'lENSG00000261423', 'lENSG00000261780', 'lENSG00000263718', 'lENSG00000264672', 'lENSG00000265374', 'lENSG00000266402', 'lENSG00000266970', 'lENSG00000267296', 'lENSG00000267321', 'lENSG00000267395', 'lENSG00000267413', 'lENSG00000267440', 'lENSG00000267858', 'lENSG00000269019', 'lENSG00000269911', 'lENSG00000269939', 'lENSG00000270084', 'lENSG00000270344', 'lENSG00000270959', 'lENSG00000274372', 'lENSG00000278709', 'lENSG00000278970', 'lENSG00000279296', 'lENSG00000281189', 'lENSG00000284070', 'lENSG00000285644', 'lENSG00000286004', 'lENSG00000286737', 'lENSG00000288080', 'lENSG00000224167', 'lENSG00000224739', 'lA1BG-AS1', 'lADAMTS9-AS2', 'lANKRD62P1-PARP4P3', 'lAQP4-AS1', 'lASMTL-AS1', 'lBANCR', 'lCCAT2', 'lCDKN2B-AS1', 'lCRNDE', 'lDGKK', 'lDLX6-AS1', 'lEGOT', 'lFEZF1-AS1', 'lGATA3-AS1', 'lGHET1', 'lHEIH', 'lHOTAIRM1', 'lHOXA-AS3', 'lINHBA-AS1', 'lJPX', 'lJRK', 'lKCTD21-AS1', 'lKTN1-AS1', 'lLAMTOR5-AS1', 'lLBX2-AS1', 'lLINC00173', 'lLINC00174', 'lLINC00240', 'lLINC00333', 'lLINC00472', 'lLPP-AS2', 'lMCM3AP-AS1', 'lMEG3', 'lMIR181A1HG', 'lMIR31HG', 'lMYLK-AS1', 'lPANDAR', 'lPCGEM1', 'lPVT1', 'lRMST', 'lSNHG15', 'lSNHG16', 'lSNX29P2', 'lTPTEP1', 'lTRAM2-AS1', 'lZFAS1', 'lZNF286B', 'lLINC00461', 'lLINC00514', 'lSLC2A1-AS1', 'lSRP14-AS1', 'lAC007009.1', 'lPWAR6', 'lAC004840.8', 'lAC061992.2', 'lAC103564.7', 'lAC137932.5', 'lAL928742.12', 'lCTB-60B18.10', 'lCTB-91J4.1', 'lCTC-338M12.2', 'lCTD-2165H16.4', 'lCTD-2195B23.3', 'lCTD-2540L5.5', 'lKB-7G2.8', 'lLA16c-321D4.2', 'lLA16c-380H5.3', 'lLL22NC03-23C6.13', 'lRP1-283E3.8', 'lRP11-100F15.1', 'lRP11-104E19.1', 'lRP11-108M9.3', 'lRP11-123O10.4', 'lRP11-137H2.4', 'lRP11-197N18.2', 'lRP11-21J18.1', 'lRP11-227H15.4', 'lRP11-243J18.2', 'lRP11-24P14.1', 'lRP11-264B17.3', 'lRP11-276H7.2', 'lRP11-2C24.4', 'lRP11-305P14.1', 'lRP11-439K3.1', 'lRP11-49K24.4', 'lRP11-514P8.8', 'lRP11-550C4.6', 'lRP4-756H11.3', 'lRP5-1061H20.4', 'lRP5-1074L1.1', 'lRP5-1160K1.8', 'lXXbac-B444P24.8', 'lXXbac-BPG300A18.13', 'lAC018766.4', 'lCTD-2231H16.1', 'lHNRNPU-AS1', 'lRP11-672A2.1', 'lRP5-1063M23.1', 'lRP11-495P10.8', 'lCTA-250D10.23', 'lRP4-610C12.4', 'lLINC00035', 'lRP11-408H20.2', 'lNONHSAG000157', 'lNONHSAG000265', 'lNONHSAG000297', 'lNONHSAG000298', 'lNONHSAG000623', 'lNONHSAG000636', 'lNONHSAG000677', 'lNONHSAG000896', 'lNONHSAG000969', 'lNONHSAG000994', 'lNONHSAG001008', 'lNONHSAG001014', 'lNONHSAG001028', 'lNONHSAG001030', 'lNONHSAG001033', 'lNONHSAG001147', 'lNONHSAG001171', 'lNONHSAG001207', 'lNONHSAG001240', 'lNONHSAG001258', 'lNONHSAG001419', 'lNONHSAG001435', 'lNONHSAG001613', 'lNONHSAG002403', 'lNONHSAG002487', 'lNONHSAG002726', 'lNONHSAG002790', 'lNONHSAG002816', 'lNONHSAG003227', 'lNONHSAG003308', 'lNONHSAG003418', 'lNONHSAG003459', 'lNONHSAG003810', 'lNONHSAG003881', 'lNONHSAG004227', 'lNONHSAG004351', 'lNONHSAG004475', 'lNONHSAG004507', 'lNONHSAG004638', 'lNONHSAG005249', 'lNONHSAG005363', 'lNONHSAG005473', 'lNONHSAG005652', 'lNONHSAG005679', 'lNONHSAG005690', 'lNONHSAG005717', 'lNONHSAG005725', 'lNONHSAG005727', 'lNONHSAG005739', 'lNONHSAG005740', 'lNONHSAG005746', 'lNONHSAG005747', 'lNONHSAG005760', 'lNONHSAG005761', 'lNONHSAG005789', 'lNONHSAG005797', 'lNONHSAG005809', 'lNONHSAG005821', 'lNONHSAG005830', 'lNONHSAG005842', 'lNONHSAG005847', 'lNONHSAG005851', 'lNONHSAG005852', 'lNONHSAG005853', 'lNONHSAG005855', 'lNONHSAG005856', 'lNONHSAG005857', 'lNONHSAG005859', 'lNONHSAG005862', 'lNONHSAG005870', 'lNONHSAG005885', 'lNONHSAG005901', 'lNONHSAG005915', 'lNONHSAG005935', 'lNONHSAG005936', 'lNONHSAG005939', 'lNONHSAG005985', 'lNONHSAG005986', 'lNONHSAG006012', 'lNONHSAG006022', 'lNONHSAG006078', 'lNONHSAG006086', 'lNONHSAG006091', 'lNONHSAG006097', 'lNONHSAG006103', 'lNONHSAG006160', 'lNONHSAG006166', 'lNONHSAG006183', 'lNONHSAG006186', 'lNONHSAG006188', 'lNONHSAG006221', 'lNONHSAG006240', 'lNONHSAG006274', 'lNONHSAG006290', 'lNONHSAG006293', 'lNONHSAG006300', 'lNONHSAG006314', 'lNONHSAG006324', 'lNONHSAG006376', 'lNONHSAG006377', 'lNONHSAG006382', 'lNONHSAG006388', 'lNONHSAG006395', 'lNONHSAG006399', 'lNONHSAG006405', 'lNONHSAG006407', 'lNONHSAG006412', 'lNONHSAG006415', 'lNONHSAG006434', 'lNONHSAG006440', 'lNONHSAG006450', 'lNONHSAG006459', 'lNONHSAG006479', 'lNONHSAG006487', 'lNONHSAG006493', 'lNONHSAG006507', 'lNONHSAG006527', 'lNONHSAG006536', 'lNONHSAG006551', 'lNONHSAG006554', 'lNONHSAG006557', 'lNONHSAG006573', 'lNONHSAG006576', 'lNONHSAG006579', 'lNONHSAG006581', 'lNONHSAG006586', 'lNONHSAG006591', 'lNONHSAG006602', 'lNONHSAG006646', 'lNONHSAG006653', 'lNONHSAG006716', 'lNONHSAG006748', 'lNONHSAG006750', 'lNONHSAG006765', 'lNONHSAG006779', 'lNONHSAG006808', 'lNONHSAG006830', 'lNONHSAG006832', 'lNONHSAG006837', 'lNONHSAG006855', 'lNONHSAG006863', 'lNONHSAG006883', 'lNONHSAG006889', 'lNONHSAG006894', 'lNONHSAG006909', 'lNONHSAG006915', 'lNONHSAG006922', 'lNONHSAG006967', 'lNONHSAG006970', 'lNONHSAG006976', 'lNONHSAG007000', 'lNONHSAG007008', 'lNONHSAG007020', 'lNONHSAG007023', 'lNONHSAG007029', 'lNONHSAG007031', 'lNONHSAG007035', 'lNONHSAG007063', 'lNONHSAG007065', 'lNONHSAG007087', 'lNONHSAG007093', 'lNONHSAG007103', 'lNONHSAG007118', 'lNONHSAG007123', 'lNONHSAG007129', 'lNONHSAG007139', 'lNONHSAG007155', 'lNONHSAG007166', 'lNONHSAG007172', 'lNONHSAG007222', 'lNONHSAG007224', 'lNONHSAG007225', 'lNONHSAG007242', 'lNONHSAG007259', 'lNONHSAG007268', 'lNONHSAG007298', 'lNONHSAG007414', 'lNONHSAG007419', 'lNONHSAG007429', 'lNONHSAG007458', 'lNONHSAG007488', 'lNONHSAG007531', 'lNONHSAG007533', 'lNONHSAG007543', 'lNONHSAG007544', 'lNONHSAG007563', 'lNONHSAG007574', 'lNONHSAG007578', 'lNONHSAG007587', 'lNONHSAG007599', 'lNONHSAG007621', 'lNONHSAG007632', 'lNONHSAG007638', 'lNONHSAG007730', 'lNONHSAG007932', 'lENSG00000083622', 'lENSG00000105501', 'lENSG00000122043', 'lENSG00000149443', 'lENSG00000167920', 'lENSG00000177596', 'lENSG00000178248', 'lENSG00000197644', 'lENSG00000197880', 'lENSG00000198054', 'lENSG00000203307', 'lENSG00000203434', 'lENSG00000203469', 'lENSG00000203472', 'lENSG00000203605', 'lENSG00000203864', 'lENSG00000204393', 'lENSG00000204464', 'lENSG00000205018', 'lENSG00000205452', 'lENSG00000205500', 'lENSG00000212856', 'lENSG00000219410', 'lENSG00000221845', 'lENSG00000222000', 'lENSG00000222032', 'lENSG00000222044', 'lENSG00000223374', 'lENSG00000223381', 'lENSG00000223400', 'lENSG00000223537', 'lENSG00000223563', 'lENSG00000223598', 'lENSG00000223634', 'lENSG00000223641', 'lENSG00000223643', 'lENSG00000223647', 'lENSG00000223720', 'lENSG00000223727', 'lENSG00000223786', 'lENSG00000223809', 'lENSG00000223831', 'lENSG00000223870', 'lENSG00000223881', 'lENSG00000223966', 'lENSG00000223993', 'lENSG00000224031', 'lENSG00000224075', 'lENSG00000224087', 'lENSG00000224095', 'lENSG00000224220', 'lENSG00000224277', 'lENSG00000224330', 'lENSG00000224384', 'lENSG00000224500', 'lENSG00000224535', 'lENSG00000224541', 'lENSG00000224549', 'lENSG00000224595', 'lENSG00000224645', 'lENSG00000224655', 'lENSG00000224794', 'lENSG00000224821', 'lENSG00000224844', 'lENSG00000224857', 'lENSG00000224922', 'lENSG00000224972', 'lENSG00000225012', 'lENSG00000225050', 'lENSG00000225129', 'lENSG00000225146', 'lENSG00000225325', 'lENSG00000225334', 'lENSG00000225457', 'lENSG00000225537', 'lENSG00000225570', 'lENSG00000225588', 'lENSG00000225647', 'lENSG00000225750', 'lENSG00000225751', 'lENSG00000225761', 'lENSG00000225886', 'lENSG00000225919', 'lENSG00000225929', 'lENSG00000226047', 'lENSG00000226089', 'lENSG00000226143', 'lENSG00000226193', 'lENSG00000226194', 'lENSG00000226238', 'lENSG00000226323', 'lENSG00000226337', 'lENSG00000226352', 'lENSG00000226398', 'lENSG00000226442', 'lENSG00000226454', 'lENSG00000226486', 'lENSG00000226508', 'lENSG00000226522', 'lENSG00000226542', 'lENSG00000226566', 'lENSG00000226576', 'lENSG00000226601', 'lENSG00000226647', 'lENSG00000226699', 'lENSG00000226770', 'lENSG00000226813', 'lENSG00000226883', 'lENSG00000226925', 'lENSG00000226956', 'lENSG00000227075', 'lENSG00000227076', 'lENSG00000227125', 'lENSG00000227131', 'lENSG00000227181', 'lENSG00000227197', 'lENSG00000227330', 'lENSG00000227360', 'lENSG00000227459', 'lENSG00000227482', 'lENSG00000227496', 'lENSG00000227509', 'lENSG00000227512', 'lENSG00000227606', 'lENSG00000227611', 'lENSG00000227680', 'lENSG00000227716', 'lENSG00000227718', 'lENSG00000227769', 'lENSG00000227930', 'lENSG00000227958', 'lENSG00000227960', 'lENSG00000228028', 'lENSG00000228082', 'lENSG00000228170', 'lENSG00000228215', 'lENSG00000228231', 'lENSG00000228261', 'lENSG00000228272', 'lENSG00000228351', 'lENSG00000228372', 'lENSG00000228470', 'lENSG00000228485', 'lENSG00000228548', 'lENSG00000228627', 'lENSG00000228826', 'lENSG00000228852', 'lENSG00000228939', 'lENSG00000228950', 'lENSG00000229152', 'lENSG00000229162', 'lENSG00000229167', 'lENSG00000229190', 'lENSG00000229224', 'lENSG00000229297', 'lENSG00000229331', 'lENSG00000229345', 'lENSG00000229370', 'lENSG00000229379', 'lENSG00000229444', 'lENSG00000229457', 'lENSG00000229487', 'lENSG00000229502', 'lENSG00000229528', 'lENSG00000229679', 'lENSG00000229688', 'lENSG00000229848', 'lENSG00000229953', 'lENSG00000229999', 'lENSG00000230010', 'lENSG00000230105', 'lENSG00000230109', 'lENSG00000230121', 'lENSG00000230131', 'lENSG00000230153', 'lENSG00000230155', 'lENSG00000230190', 'lENSG00000230197', 'lENSG00000230212', 'lENSG00000230233', 'lENSG00000230234', 'lENSG00000230323', 'lENSG00000230432', 'lENSG00000230483', 'lENSG00000230499', 'lENSG00000230599', 'lENSG00000230668', 'lENSG00000230735', 'lENSG00000230741', 'lENSG00000230759', 'lENSG00000230790', 'lENSG00000230794', 'lENSG00000230826', 'lENSG00000230830', 'lENSG00000230912', 'lENSG00000230918', 'lENSG00000230972', 'lENSG00000231081', 'lENSG00000231082', 'lENSG00000231092', 'lENSG00000231102', 'lENSG00000231114', 'lENSG00000231143', 'lENSG00000231253', 'lENSG00000231272', 'lENSG00000231407', 'lENSG00000231413', 'lENSG00000231440', 'lENSG00000231496', 'lENSG00000231539', 'lENSG00000231597', 'lENSG00000231678', 'lENSG00000231681', 'lENSG00000231724', 'lENSG00000231760', 'lENSG00000231781', 'lENSG00000231912', 'lENSG00000231914', 'lENSG00000231937', 'lENSG00000231953', 'lENSG00000231964', 'lENSG00000232031', 'lENSG00000232058', 'lENSG00000232072', 'lENSG00000232086', 'lENSG00000232120', 'lENSG00000232192', 'lENSG00000232197', 'lENSG00000232252', 'lENSG00000232286', 'lENSG00000232310', 'lENSG00000232328', 'lENSG00000232335', 'lENSG00000232359', 'lENSG00000232396', 'lENSG00000232451', 'lENSG00000232464', 'lENSG00000232465', 'lENSG00000232564', 'lENSG00000232596', 'lENSG00000232604', 'lENSG00000232710', 'lENSG00000232719', 'lENSG00000232746', 'lENSG00000232806', 'lENSG00000232893', 'lENSG00000232895', 'lENSG00000232930', 'lENSG00000232939', 'lENSG00000233070', 'lENSG00000233079', 'lENSG00000233179', 'lENSG00000233219', 'lENSG00000233222', 'lENSG00000233339', 'lENSG00000233407', 'lENSG00000233472', 'lENSG00000233479', 'lENSG00000233534', 'lENSG00000233574', 'lENSG00000233581', 'lENSG00000233613', 'lENSG00000233625', 'lENSG00000233656', 'lENSG00000233665', 'lENSG00000233689', 'lENSG00000233706', 'lENSG00000233851', 'lENSG00000233891', 'lENSG00000233960', 'lENSG00000233969', 'lENSG00000233985', 'lENSG00000234021', 'lENSG00000234055', 'lENSG00000234117', 'lENSG00000234149', 'lENSG00000234160', 'lENSG00000234172', 'lENSG00000234318', 'lENSG00000234504', 'lENSG00000234567', 'lENSG00000234622', 'lENSG00000234626', 'lENSG00000234653', 'lENSG00000234690', 'lENSG00000234693', 'lENSG00000234714', 'lENSG00000234756', 'lENSG00000234860', 'lENSG00000234900', 'lENSG00000234953', 'lENSG00000234961', 'lENSG00000234979', 'lENSG00000235011', 'lENSG00000235035', 'lENSG00000235050', 'lENSG00000235086', 'lENSG00000235122', 'lENSG00000235168', 'lENSG00000235262', 'lENSG00000235435', 'lENSG00000235494', 'lENSG00000235503', 'lENSG00000235533', 'lENSG00000235628', 'lENSG00000235635', 'lENSG00000235669', 'lENSG00000235786', 'lENSG00000235813', 'lENSG00000236022', 'lENSG00000236109', 'lENSG00000236242', 'lENSG00000236272', 'lENSG00000236324', 'lENSG00000236326', 'lENSG00000236358', 'lENSG00000236414', 'lENSG00000236452', 'lENSG00000236463', 'lENSG00000236498', 'lENSG00000236559', 'lENSG00000236648', 'lENSG00000236662', 'lENSG00000236723', 'lENSG00000236744', 'lENSG00000236758', 'lENSG00000236800', 'lENSG00000236828', 'lENSG00000236854', 'lENSG00000236921', 'lENSG00000236951', 'lENSG00000236953', 'lENSG00000236975', 'lENSG00000237015', 'lENSG00000237058', 'lENSG00000237073', 'lENSG00000237200', 'lENSG00000237293', 'lENSG00000237312', 'lENSG00000237324', 'lENSG00000237331', 'lENSG00000237337', 'lENSG00000237435', 'lENSG00000237463', 'lENSG00000237477', 'lENSG00000237481', 'lENSG00000237494', 'lENSG00000237520', 'lENSG00000237571', 'lENSG00000237576', 'lENSG00000237581', 'lENSG00000237670', 'lENSG00000237734', 'lENSG00000237756', 'lENSG00000237768', 'lENSG00000237802', 'lENSG00000237919', 'lENSG00000237921', 'lENSG00000237937', 'lENSG00000237993', 'lENSG00000238131', 'lENSG00000238140', 'lENSG00000238185', 'lENSG00000238282', 'lENSG00000238291', 'lENSG00000239314', 'lENSG00000239415', 'lENSG00000239482', 'lENSG00000239593', 'lENSG00000240354', 'lENSG00000240573', 'lENSG00000240868', 'lENSG00000241383', 'lENSG00000241397', 'lENSG00000241577', 'lENSG00000241593', 'lENSG00000241985', 'lENSG00000242012', 'lENSG00000242072', 'lENSG00000242339', 'lENSG00000242391', 'lENSG00000242545', 'lENSG00000242568', 'lENSG00000242618', 'lENSG00000242795', 'lENSG00000242861', 'lENSG00000243149', 'lENSG00000243273', 'lENSG00000243368', 'lENSG00000243797', 'lENSG00000243903', 'lENSG00000243961', 'lENSG00000244278', 'lENSG00000244327', 'lENSG00000244461', 'lENSG00000244701', 'lENSG00000245148', 'lENSG00000245385', 'lENSG00000247867', 'lENSG00000247925', 'lENSG00000248125', 'lENSG00000248145', 'lENSG00000248172', 'lENSG00000248245', 'lENSG00000248358', 'lENSG00000248373', 'lENSG00000248393', 'lENSG00000248397', 'lENSG00000248416', 'lENSG00000248457', 'lENSG00000248490', 'lENSG00000248599', 'lENSG00000248627', 'lENSG00000248789', 'lENSG00000248802', 'lENSG00000248925', 'lENSG00000248935', 'lENSG00000248969', 'lENSG00000248975', 'lENSG00000248984', 'lENSG00000249066', 'lENSG00000249071', 'lENSG00000249099', 'lENSG00000249111', 'lENSG00000249114', 'lENSG00000249297', 'lENSG00000249334', 'lENSG00000249382', 'lENSG00000249409', 'lENSG00000249419', 'lENSG00000249426', 'lENSG00000249441', 'lENSG00000249451', 'lENSG00000249474', 'lENSG00000249547', 'lENSG00000249605', 'lENSG00000249613', 'lENSG00000249697', 'lENSG00000249706', 'lENSG00000249742', 'lENSG00000249782', 'lENSG00000249806', 'lENSG00000249830', 'lENSG00000249865', 'lENSG00000249892', 'lENSG00000250062', 'lENSG00000250092', 'lENSG00000250186', 'lENSG00000250195', 'lENSG00000250242', 'lENSG00000250524', 'lENSG00000250541', 'lENSG00000250626', 'lENSG00000250629', 'lENSG00000250646', 'lENSG00000250657', 'lENSG00000250665', 'lENSG00000250698', 'lENSG00000250761', 'lENSG00000250820', 'lENSG00000250865', 'lENSG00000250866', 'lENSG00000250877', 'lENSG00000250910', 'lENSG00000250929', 'lENSG00000250949', 'lENSG00000250950', 'lENSG00000250955', 'lENSG00000250993', 'lENSG00000251059', 'lENSG00000251072', 'lENSG00000251088', 'lENSG00000251185', 'lENSG00000251194', 'lENSG00000251256', 'lENSG00000251266', 'lENSG00000251281', 'lENSG00000251283', 'lENSG00000251412', 'lENSG00000251414', 'lENSG00000251438', 'lENSG00000251688', 'lENSG00000253134', 'lENSG00000253142', 'lENSG00000253147', 'lENSG00000253167', 'lENSG00000253171', 'lENSG00000253189', 'lENSG00000253282', 'lENSG00000253397', 'lENSG00000253449', 'lENSG00000253456', 'lENSG00000253503', 'lENSG00000253507', 'lENSG00000253526', 'lENSG00000253530', 'lENSG00000253539', 'lENSG00000253577', 'lENSG00000253616', 'lENSG00000253619', 'lENSG00000253627', 'lENSG00000253643', 'lENSG00000253645', 'lENSG00000253660', 'lENSG00000253665', 'lENSG00000253717', 'lENSG00000253722', 'lENSG00000253754', 'lENSG00000253782', 'lENSG00000253851', 'lENSG00000253858', 'lENSG00000253865', 'lENSG00000253871', 'lENSG00000253875', 'lENSG00000253880', 'lENSG00000253927', 'lENSG00000253947', 'lENSG00000253976', 'lENSG00000254011', 'lENSG00000254021', 'lENSG00000254026', 'lENSG00000254031', 'lENSG00000254033', 'lENSG00000254035', 'lENSG00000254043', 'lENSG00000254084', 'lENSG00000254094', 'lENSG00000254123', 'lENSG00000254141', 'lENSG00000254171', 'lENSG00000254177', 'lENSG00000254239', 'lENSG00000254242', 'lENSG00000254263', 'lENSG00000254314', 'lENSG00000254325', 'lENSG00000254330', 'lENSG00000254347', 'lENSG00000254350', 'lENSG00000254380', 'lENSG00000254428', 'lENSG00000254429', 'lENSG00000254456', 'lENSG00000254516', 'lENSG00000254559', 'lENSG00000254563', 'lENSG00000254574', 'lENSG00000254592', 'lENSG00000254604', 'lENSG00000254626', 'lENSG00000254689', 'lENSG00000254787', 'lENSG00000254829', 'lENSG00000254842', 'lENSG00000254846', 'lENSG00000254847', 'lENSG00000254864', 'lENSG00000254879', 'lENSG00000254913', 'lENSG00000254921', 'lENSG00000254972', 'lENSG00000254983', 'lENSG00000254990', 'lENSG00000255027', 'lENSG00000255039', 'lENSG00000255041', 'lENSG00000255084', 'lENSG00000255114', 'lENSG00000255121', 'lENSG00000255159', 'lENSG00000255167', 'lENSG00000255241', 'lENSG00000255247', 'lENSG00000255252', 'lENSG00000255271', 'lENSG00000255300', 'lENSG00000255343', 'lENSG00000255357', 'lENSG00000255366', 'lENSG00000255375', 'lENSG00000255388', 'lENSG00000255390', 'lENSG00000255443', 'lENSG00000255462', 'lENSG00000255482', 'lENSG00000255487', 'lENSG00000255496', 'lENSG00000255498', 'lENSG00000255506', 'lENSG00000255523', 'lENSG00000255528', 'lENSG00000255539', 'lENSG00000255555', 'lENSG00000255565', 'lENSG00000255572', 'lENSG00000255580', 'lENSG00000255808', 'lENSG00000255839', 'lENSG00000255893', 'lENSG00000255949', 'lENSG00000256007', 'lENSG00000256071', 'lENSG00000256072', 'lENSG00000256083', 'lENSG00000256209', 'lENSG00000256226', 'lENSG00000256234', 'lENSG00000256292', 'lENSG00000256364', 'lENSG00000256448', 'lENSG00000256452', 'lENSG00000256482', 'lENSG00000256484', 'lENSG00000256568', 'lENSG00000256582', 'lENSG00000256670', 'lENSG00000256733', 'lENSG00000256897', 'lENSG00000256972', 'lENSG00000257004', 'lENSG00000257022', 'lENSG00000257096', 'lENSG00000257105', 'lENSG00000257137', 'lENSG00000257165', 'lENSG00000257235', 'lENSG00000257261', 'lENSG00000257264', 'lENSG00000257275', 'lENSG00000257342', 'lENSG00000257381', 'lENSG00000257407', 'lENSG00000257470', 'lENSG00000257488', 'lENSG00000257494', 'lENSG00000257500', 'lENSG00000257514', 'lENSG00000257527', 'lENSG00000257541', 'lENSG00000257587', 'lENSG00000257634', 'lENSG00000257653', 'lENSG00000257682', 'lENSG00000257732', 'lENSG00000257750', 'lENSG00000257764', 'lENSG00000257787', 'lENSG00000257860', 'lENSG00000257904', 'lENSG00000257925', 'lENSG00000257997', 'lENSG00000258007', 'lENSG00000258044', 'lENSG00000258084', 'lENSG00000258108', 'lENSG00000258167', 'lENSG00000258185', 'lENSG00000258210', 'lENSG00000258220', 'lENSG00000258234', 'lENSG00000258272', 'lENSG00000258292', 'lENSG00000258308', 'lENSG00000258312', 'lENSG00000258313', 'lENSG00000258323', 'lENSG00000258331', 'lENSG00000258378', 'lENSG00000258379', 'lENSG00000258390', 'lENSG00000258394', 'lENSG00000258425', 'lENSG00000258451', 'lENSG00000258460', 'lENSG00000258515', 'lENSG00000258516', 'lENSG00000258520', 'lENSG00000258610', 'lENSG00000258657', 'lENSG00000258670', 'lENSG00000258690', 'lENSG00000258695', 'lENSG00000258698', 'lENSG00000258742', 'lENSG00000258745', 'lENSG00000258784', 'lENSG00000258800', 'lENSG00000258824', 'lENSG00000258826', 'lENSG00000258829', 'lENSG00000258850', 'lENSG00000258869', 'lENSG00000258892', 'lENSG00000258904', 'lENSG00000258908', 'lENSG00000258944', 'lENSG00000258958', 'lENSG00000259007', 'lENSG00000259026', 'lENSG00000259187', 'lENSG00000259188', 'lENSG00000259194', 'lENSG00000259202', 'lENSG00000259211', 'lENSG00000259223', 'lENSG00000259250', 'lENSG00000259256', 'lENSG00000259265', 'lENSG00000259290', 'lENSG00000259294', 'lENSG00000259307', 'lENSG00000259342', 'lENSG00000259351', 'lENSG00000259352', 'lENSG00000259360', 'lENSG00000259385', 'lENSG00000259432', 'lENSG00000259532', 'lENSG00000259544', 'lENSG00000259595', 'lENSG00000259631', 'lENSG00000259636', 'lENSG00000259649', 'lENSG00000259659', 'lENSG00000259678', 'lENSG00000259757', 'lENSG00000259759', 'lENSG00000259767', 'lENSG00000259805', 'lENSG00000259935', 'lENSG00000259945', 'lENSG00000259955', 'lENSG00000259967', 'lENSG00000260003', 'lENSG00000260022', 'lENSG00000260058', 'lENSG00000260158', 'lENSG00000260186', 'lENSG00000260190', 'lENSG00000260237', 'lENSG00000260246', 'lENSG00000260304', 'lENSG00000260454', 'lENSG00000260476', 'lENSG00000260586', 'lENSG00000260605', 'lENSG00000260626', 'lENSG00000260659', 'lENSG00000260720', 'lENSG00000260741', 'lENSG00000260773', 'lENSG00000260798', 'lENSG00000260884', 'lENSG00000260911', 'lENSG00000260934', 'lENSG00000260970', 'lENSG00000260986', 'lENSG00000260999', 'lENSG00000261014', 'lENSG00000261036', 'lENSG00000261065', 'lENSG00000261066', 'lENSG00000261070', 'lENSG00000261243', 'lENSG00000261248', 'lENSG00000261261', 'lENSG00000261266', 'lENSG00000261307', 'lENSG00000261332', 'lENSG00000261379', 'lENSG00000261432', 'lENSG00000261475', 'lENSG00000261507', 'lENSG00000261523', 'lENSG00000261552', 'lENSG00000261569', 'lENSG00000261671', 'lENSG00000261697', 'lENSG00000261723', 'lENSG00000261729', 'lENSG00000261761', 'lENSG00000261838', 'lENSG00000261864', 'lENSG00000262151', 'lENSG00000262298', 'lENSG00000262434', 'lENSG00000262533', 'lENSG00000262652', 'lENSG00000262777', 'lENSG00000262815', 'lENSG00000263080', 'lENSG00000263257', 'lENSG00000263300', 'lENSG00000263321', 'lENSG00000263335', 'lENSG00000263417', 'lENSG00000263466', 'lENSG00000263585', 'lENSG00000263594', 'lENSG00000263618', 'lENSG00000263684', 'lENSG00000263709', 'lENSG00000263765', 'lENSG00000263847', 'lENSG00000263873', 'lENSG00000263952', 'lENSG00000263982', 'lENSG00000263986', 'lENSG00000264016', 'lENSG00000264023', 'lENSG00000264066', 'lENSG00000264107', 'lENSG00000264151', 'lENSG00000264254', 'lENSG00000264486', 'lENSG00000264513', 'lENSG00000264520', 'lENSG00000264558', 'lENSG00000264577', 'lENSG00000264595', 'lENSG00000264622', 'lENSG00000264734', 'lENSG00000264769', 'lENSG00000264825', 'lENSG00000264924', 'lENSG00000265125', 'lENSG00000265168', 'lENSG00000265265', 'lENSG00000265334', 'lENSG00000265359', 'lENSG00000265400', 'lENSG00000265443', 'lENSG00000265474', 'lENSG00000265554', 'lENSG00000265643', 'lENSG00000265728', 'lENSG00000265739', 'lENSG00000265743', 'lENSG00000265791', 'lENSG00000265840', 'lENSG00000265844', 'lENSG00000265845', 'lENSG00000265980', 'lENSG00000265987', 'lENSG00000265994', 'lENSG00000266102', 'lENSG00000266153', 'lENSG00000266311', 'lENSG00000266341', 'lENSG00000266368', 'lENSG00000266397', 'lENSG00000266535', 'lENSG00000266538', 'lENSG00000266541', 'lENSG00000266651', 'lENSG00000266696', 'lENSG00000266801', 'lENSG00000266839', 'lENSG00000266844', 'lENSG00000266877', 'lENSG00000266936', 'lENSG00000266985', 'lENSG00000266993', 'lENSG00000267000', 'lENSG00000267028', 'lENSG00000267057', 'lENSG00000267063', 'lENSG00000267225', 'lENSG00000267234', 'lENSG00000267255', 'lENSG00000267263', 'lENSG00000267274', 'lENSG00000267320', 'lENSG00000267341', 'lENSG00000267354', 'lENSG00000267364', 'lENSG00000267378', 'lENSG00000267387', 'lENSG00000267436', 'lENSG00000267437', 'lENSG00000267501', 'lENSG00000267543', 'lENSG00000267583', 'lENSG00000267593', 'lENSG00000267615', 'lENSG00000267617', 'lENSG00000267633', 'lENSG00000267638', 'lENSG00000267665', 'lENSG00000267711', 'lENSG00000267791', 'lENSG00000267838', 'lENSG00000267922', 'lENSG00000267980', 'lENSG00000268015', 'lENSG00000268049', 'lENSG00000268051', 'lENSG00000268069', 'lENSG00000268078', 'lENSG00000268203', 'lENSG00000268240', 'lENSG00000268289', 'lENSG00000268292', 'lENSG00000268296', 'lENSG00000268520', 'lENSG00000268605', 'lENSG00000268734', 'lENSG00000268743', 'lENSG00000268798', 'lENSG00000268833', 'lENSG00000268906', 'lENSG00000268981', 'lENSG00000269044', 'lENSG00000269085', 'lENSG00000269145', 'lENSG00000269191', 'lENSG00000269292', 'lENSG00000269321', 'lENSG00000269350', 'lENSG00000269495', 'lENSG00000269504', 'lENSG00000269578', 'lENSG00000269656', 'lENSG00000269802', 'lENSG00000269843', 'lENSG00000269867', 'lENSG00000269901', 'lENSG00000269950', 'lENSG00000269987', 'lENSG00000270082', 'lENSG00000270094', 'lENSG00000270108', 'lENSG00000270380', 'lENSG00000270726', 'lENSG00000270996', 'lENSG00000271032', 'lENSG00000271314', 'lENSG00000271579', 'lENSG00000271717', 'lENSG00000271763', 'lENSG00000271787', 'lENSG00000271833', 'lENSG00000271901', 'lENSG00000271936', 'lENSG00000271945', 'lENSG00000272027', 'lENSG00000272072', 'lENSG00000272149', 'lENSG00000272159', 'lENSG00000272338', 'lENSG00000272510', 'lENSG00000272540', 'lENSG00000272642', 'lENSG00000272661', 'lENSG00000272742', 'lENSG00000272810', 'lENSG00000272814', 'lENSG00000272995', 'lENSG00000273035', 'lENSG00000273110', 'lENSG00000273198', 'lENSG00000273226', 'lENSG00000273257', 'lENSG00000273271', 'lENSG00000273360', 'lENSG00000273449', 'lENSG00000273461', 'lENSG00000273485', 'lENSG00000273550', 'lENSG00000273568', 'lENSG00000273877', 'lENSG00000273919', 'lENSG00000274177', 'lENSG00000274227', 'lENSG00000274561', 'lENSG00000274624', 'lENSG00000274678', 'lENSG00000274737', 'lENSG00000274863', 'lENSG00000274893', 'lENSG00000275173', 'lENSG00000275345', 'lENSG00000275356', 'lENSG00000275401', 'lENSG00000275484', 'lENSG00000275576', 'lENSG00000275638', 'lENSG00000275871', 'lENSG00000275963', 'lENSG00000276054', 'lENSG00000276107', 'lENSG00000276266', 'lENSG00000276488', 'lENSG00000276527', 'lENSG00000276533', 'lENSG00000276668', 'lENSG00000276997', 'lENSG00000277173', 'lENSG00000277332', 'lENSG00000277639', 'lENSG00000278000', 'lENSG00000278013', 'lENSG00000278202', 'lENSG00000278351', 'lENSG00000278630', 'lENSG00000278766', 'lENSG00000278944', 'lENSG00000279088', 'lENSG00000279240', 'lENSG00000279484', 'lENSG00000279501', 'lENSG00000279623', 'lENSG00000279687', 'lENSG00000279751', 'lENSG00000279920', 'lENSG00000280206', 'lENSG00000280224', 'lENSG00000280455', 'lENSG00000280580', 'lENSG00000280703', 'lENSG00000280870', 'lENSG00000281021', 'lENSG00000281831', 'lENSG00000282478', 'lENSG00000282828', 'lENSG00000282950', 'lENSG00000283083', 'lENSG00000283286', 'lENSG00000283347', 'lENSG00000283457', 'lENSG00000283631', 'lENSG00000283766', 'lENSG00000283973', 'lENSG00000284376', 'lENSG00000284418', 'lENSG00000284500', 'lENSG00000284513', 'lENSG00000284699', 'lENSG00000284846', 'lENSG00000284994', 'lENSG00000285012', 'lENSG00000285117', 'lENSG00000285325', 'lENSG00000285354', 'lENSG00000285473', 'lENSG00000285518', 'lENSG00000285524', 'lENSG00000285550', 'lENSG00000285551', 'lENSG00000285619', 'lENSG00000285621', 'lENSG00000285654', 'lENSG00000285699', 'lENSG00000285709', 'lENSG00000285857', 'lENSG00000285861', 'lENSG00000285889', 'lENSG00000285954', 'lENSG00000285998', 'lENSG00000286002', 'lENSG00000286010', 'lENSG00000286018', 'lENSG00000286020', 'lENSG00000286050', 'lENSG00000286076', 'lENSG00000286089', 'lENSG00000286093', 'lENSG00000286101', 'lENSG00000286168', 'lENSG00000286188', 'lENSG00000286194', 'lENSG00000286197', 'lENSG00000286206', 'lENSG00000286244', 'lENSG00000286276', 'lENSG00000286303', 'lENSG00000286331', 'lENSG00000286333', 'lENSG00000286338', 'lENSG00000286357', 'lENSG00000286419', 'lENSG00000286430', 'lENSG00000286436', 'lENSG00000286453', 'lENSG00000286461', 'lENSG00000286474', 'lENSG00000286515', 'lENSG00000286565', 'lENSG00000286578', 'lENSG00000286584', 'lENSG00000286588', 'lENSG00000286598', 'lENSG00000286617', 'lENSG00000286639', 'lENSG00000286645', 'lENSG00000286670', 'lENSG00000286689', 'lENSG00000286690', 'lENSG00000286698', 'lENSG00000286715', 'lENSG00000286716', 'lENSG00000286722', 'lENSG00000286735', 'lENSG00000286738', 'lENSG00000286751', 'lENSG00000286759', 'lENSG00000286767', 'lENSG00000286770', 'lENSG00000286776', 'lENSG00000286781', 'lENSG00000286795', 'lENSG00000286803', 'lENSG00000286822', 'lENSG00000286838', 'lENSG00000286850', 'lENSG00000286887', 'lENSG00000286908', 'lENSG00000286963', 'lENSG00000287006', 'lENSG00000287020', 'lENSG00000287028', 'lENSG00000287030', 'lENSG00000287066', 'lENSG00000287094', 'lENSG00000287107', 'lENSG00000287108', 'lENSG00000287128', 'lENSG00000287155', 'lENSG00000287159', 'lENSG00000287191', 'lENSG00000287198', 'lENSG00000287202', 'lENSG00000287213', 'lENSG00000287236', 'lENSG00000287270', 'lENSG00000287285', 'lENSG00000287321', 'lENSG00000287335', 'lENSG00000287358', 'lENSG00000287359', 'lENSG00000287366', 'lENSG00000287367', 'lENSG00000287381', 'lENSG00000287423', 'lENSG00000287441', 'lENSG00000287451', 'lENSG00000287456', 'lENSG00000287462', 'lENSG00000287501', 'lENSG00000287511', 'lENSG00000287517', 'lENSG00000287518', 'lENSG00000287545', 'lENSG00000287550', 'lENSG00000287556', 'lENSG00000287587', 'lENSG00000287618', 'lENSG00000287660', 'lENSG00000287684', 'lENSG00000287687', 'lENSG00000287691', 'lENSG00000287704', 'lENSG00000211683', 'lENSG00000214955', 'lENSG00000223379', 'lENSG00000224884', 'lENSG00000225393', 'lENSG00000228538', 'lENSG00000229454', 'lENSG00000229458', 'lENSG00000230600', 'lENSG00000230649', 'lENSG00000231212', 'lENSG00000231616', 'lENSG00000232056', 'lENSG00000232636', 'lENSG00000233200', 'lENSG00000233987', 'lENSG00000234083', 'lENSG00000234810', 'lENSG00000234998', 'lENSG00000235337', 'lENSG00000235795', 'lENSG00000236453', 'lENSG00000239801', 'lENSG00000241792', 'lENSG00000242375', 'lENSG00000244620', 'lENSG00000247810', 'lENSG00000248359', 'lENSG00000248991', 'lENSG00000249159', 'lENSG00000250481', 'lENSG00000250567', 'lENSG00000250670', 'lENSG00000250686', 'lENSG00000250777', 'lENSG00000250948', 'lENSG00000251506', 'lENSG00000251654', 'lENSG00000253766', 'lENSG00000254306', 'lENSG00000254927', 'lENSG00000255279', 'lENSG00000255325', 'lENSG00000256686', 'lENSG00000257603', 'lENSG00000257715', 'lENSG00000257962', 'lENSG00000258088', 'lENSG00000258196', 'lENSG00000258386', 'lENSG00000258949', 'lENSG00000259123', 'lENSG00000259209', 'lENSG00000259222', 'lENSG00000259244', 'lENSG00000259255', 'lENSG00000259306', 'lENSG00000259407', 'lENSG00000260983', 'lENSG00000261193', 'lENSG00000261470', 'lENSG00000261775', 'lENSG00000264660', 'lENSG00000265174', 'lENSG00000266893', 'lENSG00000267081', 'lENSG00000267521', 'lENSG00000267581', 'lENSG00000269391', 'lENSG00000269460', 'lENSG00000272369', 'lENSG00000273138', 'lENSG00000273403', 'lENSG00000275232', 'lENSG00000279672', 'lENSG00000282887', 'lENSG00000286164', 'lENSG00000226032', 'lENSG00000235736', 'lENSG00000251613', 'lENSG00000263316', 'lENSG00000258631', 'lENSG00000260141', 'lENSG00000279472', 'lENSG00000272934', 'lENSG00000265556', 'lENSG00000271840', 'lENSG00000253701', 'lENSG00000281408', 'lENSG00000268166', 'lALG13-AS1', 'lDSCR8', 'lMIR145', 'lMIR24-2', 'lMIR3179-2', 'lACA64', 'lCDKN2B-AS']","[1.0, 1.0, 0.0, 1.0, 1.0, 1.0, 0.0, 1.0, 1.0, 1.0, 1.0, 0.0, 1.0, 0.0, 0.0, 1.0, 0.0, 0.0, 1.0, 1.0, 0.0, 0.0, 1.0, 0.0, 1.0, 0.0, 1.0, 0.0, 1.0, 0.0, 0.0, 0.0, 0.0, 0.0, 1.0, 0.0, 0.0, 1.0, 1.0, 0.0, 1.0, 1.0, 0.0, 1.0, 1.0, 1.0, 0.0, 1.0, 1.0, 0.0, 1.0, 0.0, 0.0, 1.0, 1.0, 1.0, 0.0, 0.0, 0.0, 1.0, 1.0, 1.0, 1.0, 1.0, 1.0, 0.0, 0.0, 1.0, 1.0, 0.0, 1.0, 0.0, 1.0, 1.0, 0.0, 0.0, 1.0, 0.0, 1.0, 1.0, 1.0, 0.0, 1.0, 1.0, 0.0, 1.0, 0.0, 0.0, 0.0, 0.0, 0.0, 1.0, 0.0, 1.0, 1.0, 0.0, 0.0, 0.0, 1.0, 1.0, 0.0, 1.0, 0.0, 1.0, 0.0, 1.0, 1.0, 0.0, 0.0, 0.0, 1.0, 1.0, 0.0, 0.0, 1.0, 1.0, 0.0, 0.0, 1.0, 1.0, 0.0, 1.0, 0.0, 0.0, 0.0, 1.0, 0.0, 0.0, 0.0, 1.0, 0.0, 1.0, 0.0, 0.0, 1.0, 1.0, 1.0, 1.0, 1.0, 1.0, 1.0, 0.0, 0.0, 0.0, 0.0, 1.0, 1.0, 0.0, 0.0, 1.0, 1.0, 1.0, 1.0, 0.0, 1.0, 0.0, 1.0, 0.0, 0.0, 1.0, 0.0, 1.0, 1.0, 1.0, 0.0, 0.0, 0.0, 0.0, 1.0, 1.0, 0.0, 0.0, 0.0, 0.0, 0.0, 0.0, 0.0, 0.0, 1.0, 0.0, 0.0, 1.0, 0.0, 0.0, 0.0, 1.0, 1.0, 0.0, 1.0, 0.0, 0.0, 1.0, 1.0, 1.0, 1.0, 0.0, 1.0, 0.0, 0.0, 0.0, 0.0, 1.0, 1.0, 0.0, 0.0, 1.0, 1.0, 1.0, 1.0, 1.0, 0.0, 0.0, 1.0, 1.0, 0.0, 1.0, 1.0, 0.0, 1.0, 1.0, 0.0, 1.0, 1.0, 0.0, 0.0, 0.0, 1.0, 1.0, 0.0, 1.0, 0.0, 0.0, 0.0, 1.0, 0.0, 1.0, 1.0, 0.0, 1.0, 0.0, 0.0, 0.0, 1.0, 1.0, 0.0, 1.0, 0.0, 0.0, 1.0, 0.0, 1.0, 1.0, 0.0, 0.0, 1.0, 1.0, 1.0, 0.0, 0.0, 1.0, 0.0, 0.0, 1.0, 1.0, 0.0, 1.0, 1.0, 0.0, 1.0, 0.0, 1.0, 0.0, 0.0, 1.0, 0.0, 1.0, 0.0, 1.0, 1.0, 0.0, 1.0, 0.0, 1.0, 1.0, 1.0, 0.0, 1.0, 1.0, 1.0, 0.0, 1.0, 0.0, 1.0, 1.0, 0.0, 0.0, 0.0, 1.0, 1.0, 1.0, 0.0, 0.0, 0.0, 0.0, 1.0, 1.0, 0.0, 0.0, 1.0, 1.0, 0.0, 1.0, 0.0, 1.0, 1.0, 1.0, 0.0, 1.0, 0.0, 0.0, 0.0, 0.0, 1.0, 1.0, 1.0, 1.0, 0.0, 1.0, 1.0, 0.0, 1.0, 0.0, 1.0, 0.0, 1.0, 0.0, 1.0, 1.0, 0.0, 0.0, 1.0, 1.0, 1.0, 0.0, 1.0, 1.0, 1.0, 1.0, 0.0, 0.0, 0.0, 0.0, 0.0, 1.0, 0.0, 1.0, 0.0, 0.0, 1.0, 1.0, 1.0, 0.0, 0.0, 0.0, 0.0, 1.0, 0.0, 1.0, 1.0, 0.0, 1.0, 0.0, 0.0, 1.0, 0.0, 0.0, 0.0, 1.0, 1.0, 0.0, 1.0, 0.0, 1.0, 0.0, 0.0, 1.0, 0.0, 0.0, 0.0, 0.0, 0.0, 0.0, 0.0, 1.0, 0.0, 0.0, 0.0, 1.0, 1.0, 0.0, 1.0, 0.0, 1.0, 1.0, 1.0, 0.0, 1.0, 0.0, 0.0, 0.0, 1.0, 0.0, 1.0, 0.0, 0.0, 1.0, 1.0, 0.0, 1.0, 0.0, 1.0, 1.0, 1.0, 1.0, 0.0, 0.0, 0.0, 1.0, 1.0, 1.0, 0.0, 1.0, 1.0, 0.0, 0.0, 1.0, 0.0, 0.0, 1.0, 1.0, 0.0, 1.0, 0.0, 0.0, 1.0, 1.0, 0.0, 1.0, 0.0, 1.0, 1.0, 1.0, 1.0, 1.0, 1.0, 1.0, 1.0, 1.0, 1.0, 1.0, 0.0, 1.0, 1.0, 1.0, 0.0, 0.0, 1.0, 1.0, 1.0, 0.0, 1.0, 1.0, 0.0, 1.0, 0.0, 1.0, 1.0, 1.0, 0.0, 1.0, 0.0, 0.0, 0.0, 0.0, 1.0, 1.0, 1.0, 1.0, 1.0, 0.0, 1.0, 1.0, 0.0, 1.0, 0.0, 1.0, 1.0, 1.0, 1.0, 1.0, 1.0, 1.0, 1.0, 0.0, 0.0, 0.0, 1.0, 1.0, 1.0, 1.0, 1.0, 1.0, 1.0, 1.0, 0.0, 0.0, 0.0, 0.0, 1.0, 0.0, 0.0, 1.0, 0.0, 0.0, 1.0, 0.0, 1.0, 0.0, 1.0, 1.0, 0.0, 1.0, 1.0, 0.0, 1.0, 1.0, 1.0, 0.0, 1.0, 0.0, 1.0, 0.0, 1.0, 0.0, 0.0, 0.0, 0.0, 0.0, 1.0, 0.0, 0.0, 1.0, 0.0, 0.0, 0.0, 0.0, 1.0, 0.0, 1.0, 0.0, 0.0, 0.0, 1.0, 1.0, 1.0, 0.0, 1.0, 1.0, 0.0, 1.0, 1.0, 1.0, 1.0, 0.0, 1.0, 0.0, 0.0, 1.0, 0.0, 0.0, 0.0, 0.0, 1.0, 0.0, 1.0, 1.0, 0.0, 1.0, 0.0, 0.0, 1.0, 1.0, 1.0, 1.0, 1.0, 1.0, 1.0, 0.0, 1.0, 1.0, 0.0, 1.0, 0.0, 1.0, 1.0, 0.0, 1.0, 1.0, 1.0, 1.0, 0.0, 1.0, 0.0, 1.0, 1.0, 0.0, 0.0, 1.0, 1.0, 1.0, 1.0, 0.0, 1.0, 0.0, 0.0, 1.0, 1.0, 0.0, 0.0, 0.0, 1.0, 1.0, 0.0, 1.0, 1.0, 0.0, 1.0, 0.0, 0.0, 0.0, 1.0, 1.0, 1.0, 0.0, 0.0, 1.0, 0.0, 0.0, 0.0, 0.0, 1.0, 1.0, 0.0, 0.0, 0.0, 0.0, 1.0, 1.0, 0.0, 0.0, 0.0, 1.0, 0.0, 0.0, 1.0, 0.0, 0.0, 1.0, 1.0, 1.0, 1.0, 1.0, 0.0, 0.0, 0.0, 0.0, 0.0, 0.0, 0.0, 1.0, 0.0, 0.0, 0.0, 1.0, 1.0, 0.0, 0.0, 0.0, 0.0, 0.0, 0.0, 1.0, 0.0, 1.0, 0.0, 0.0, 1.0, 1.0, 0.0, 0.0, 1.0, 1.0, 0.0, 0.0, 1.0, 1.0, 0.0, 0.0, 1.0, 0.0, 1.0, 0.0, 1.0, 0.0, 0.0, 0.0, 1.0, 1.0, 1.0, 0.0, 0.0, 0.0, 1.0, 0.0, 0.0, 0.0, 1.0, 1.0, 0.0, 1.0, 0.0, 0.0, 1.0, 0.0, 0.0, 1.0, 0.0, 1.0, 1.0, 1.0, 1.0, 1.0, 0.0, 0.0, 0.0, 1.0, 0.0, 0.0, 1.0, 0.0, 1.0, 0.0, 1.0, 1.0, 0.0, 0.0, 0.0, 0.0, 1.0, 0.0, 0.0, 0.0, 1.0, 1.0, 1.0, 1.0, 0.0, 1.0, 0.0, 1.0, 0.0, 0.0, 0.0, 1.0, 1.0, 0.0, 1.0, 0.0, 0.0, 0.0, 0.0, 1.0, 1.0, 0.0, 1.0, 0.0, 1.0, 0.0, 0.0, 1.0, 1.0, 0.0, 0.0, 1.0, 0.0, 1.0, 1.0, 1.0, 1.0, 0.0, 0.0, 0.0, 1.0, 0.0, 1.0, 1.0, 0.0, 0.0, 0.0, 0.0, 0.0, 1.0, 1.0, 1.0, 0.0, 1.0, 0.0, 1.0, 1.0, 0.0, 1.0, 0.0, 1.0, 1.0, 1.0, 0.0, 1.0, 1.0, 0.0, 1.0, 1.0, 0.0, 1.0, 1.0, 0.0, 0.0, 1.0, 0.0, 0.0, 0.0, 0.0, 0.0, 1.0, 0.0, 0.0, 0.0, 0.0, 1.0, 1.0, 1.0, 1.0, 0.0, 0.0, 0.0, 0.0, 1.0, 1.0, 1.0, 1.0, 0.0, 0.0, 1.0, 0.0, 0.0, 1.0, 0.0, 0.0, 1.0, 1.0, 1.0, 1.0, 0.0, 0.0, 0.0, 0.0, 0.0, 1.0, 0.0, 0.0, 0.0, 1.0, 1.0, 1.0, 1.0, 0.0, 0.0, 1.0, 0.0, 1.0, 1.0, 1.0, 1.0, 0.0, 0.0, 1.0, 0.0, 1.0, 0.0, 0.0, 1.0, 1.0, 1.0, 1.0, 0.0, 0.0, 1.0, 1.0, 1.0, 0.0, 0.0, 0.0, 0.0, 1.0, 1.0, 1.0, 1.0, 1.0, 1.0, 0.0, 1.0, 0.0, 1.0, 0.0, 0.0, 1.0, 1.0, 1.0, 0.0, 1.0, 1.0, 0.0, 0.0, 1.0, 0.0, 0.0, 1.0, 0.0, 1.0, 1.0, 0.0, 1.0, 1.0, 0.0, 0.0, 0.0, 1.0, 1.0, 0.0, 0.0, 0.0, 0.0, 1.0, 1.0, 1.0, 0.0, 1.0, 1.0, 0.0, 0.0, 1.0, 1.0, 0.0, 1.0, 1.0, 1.0, 0.0, 1.0, 1.0, 0.0, 0.0, 0.0, 0.0, 0.0, 1.0, 1.0, 1.0, 0.0, 1.0, 1.0, 0.0, 0.0, 0.0, 0.0, 0.0, 0.0, 1.0, 1.0, 1.0, 0.0, 1.0, 0.0, 1.0, 0.0, 1.0, 0.0, 1.0, 1.0, 1.0, 1.0, 0.0, 1.0, 0.0, 0.0, 0.0, 1.0, 1.0, 0.0, 1.0, 1.0, 0.0, 1.0, 0.0, 0.0, 0.0, 0.0, 0.0, 1.0, 1.0, 0.0, 0.0, 1.0, 1.0, 1.0, 1.0, 1.0, 1.0, 0.0, 1.0, 1.0, 0.0, 0.0, 1.0, 0.0, 0.0, 1.0, 0.0, 0.0, 0.0, 0.0, 1.0, 0.0, 0.0, 0.0, 0.0, 1.0, 0.0, 0.0, 1.0, 1.0, 0.0, 1.0, 1.0, 1.0, 0.0, 1.0, 1.0, 0.0, 0.0, 1.0, 1.0, 1.0, 0.0, 0.0, 1.0, 0.0, 1.0, 0.0, 1.0, 1.0, 0.0, 0.0, 1.0, 0.0, 0.0, 0.0, 1.0, 0.0, 1.0, 0.0, 0.0, 0.0, 0.0, 1.0, 1.0, 1.0, 0.0, 0.0, 1.0, 0.0, 1.0, 1.0, 0.0, 0.0, 1.0, 1.0, 0.0, 0.0, 0.0, 1.0, 0.0, 0.0, 0.0, 0.0, 0.0, 1.0, 1.0, 0.0, 1.0, 1.0, 1.0, 1.0, 0.0, 0.0, 0.0, 0.0, 0.0, 0.0, 0.0, 0.0, 1.0, 1.0, 1.0, 0.0, 1.0, 0.0, 0.0, 0.0, 0.0, 0.0, 0.0, 0.0, 1.0, 0.0, 0.0, 0.0, 0.0, 0.0, 1.0, 0.0, 0.0, 1.0, 1.0, 0.0, 1.0, 1.0, 0.0, 0.0, 0.0, 0.0, 1.0, 0.0, 0.0, 0.0, 1.0, 0.0, 1.0, 0.0, 0.0, 1.0, 1.0, 1.0, 0.0, 1.0, 1.0, 1.0, 0.0, 0.0, 0.0, 1.0, 1.0, 1.0, 1.0, 1.0, 1.0, 0.0, 1.0, 0.0, 0.0, 0.0, 0.0, 1.0, 0.0, 1.0, 1.0, 1.0, 0.0, 1.0, 1.0, 1.0, 1.0, 1.0, 0.0, 0.0, 1.0, 0.0, 1.0, 1.0, 0.0, 0.0, 0.0, 0.0, 0.0, 1.0, 1.0, 1.0, 0.0, 1.0, 0.0, 1.0, 1.0, 1.0, 0.0, 1.0, 0.0, 1.0, 1.0, 0.0, 0.0, 0.0, 1.0, 1.0, 0.0, 0.0, 0.0, 1.0, 0.0, 0.0, 1.0, 1.0, 0.0, 0.0, 0.0, 1.0, 0.0, 0.0, 0.0, 1.0, 0.0, 0.0, 0.0, 0.0, 1.0, 0.0, 1.0, 1.0, 1.0, 1.0, 1.0, 0.0, 1.0, 0.0, 0.0, 1.0, 0.0, 1.0, 1.0, 0.0, 0.0, 0.0, 0.0, 0.0, 1.0, 0.0, 0.0, 1.0, 0.0, 0.0, 1.0, 1.0, 1.0, 1.0, 1.0, 1.0, 0.0, 1.0, 0.0, 1.0, 1.0, 0.0, 1.0, 0.0, 0.0, 0.0, 1.0, 1.0, 1.0, 1.0, 1.0, 1.0, 0.0, 1.0, 0.0, 1.0, 1.0, 0.0, 1.0, 0.0, 1.0, 1.0, 0.0, 1.0, 1.0, 1.0, 1.0, 1.0, 1.0, 1.0, 1.0, 1.0, 1.0, 0.0, 1.0, 1.0, 1.0, 1.0, 0.0, 0.0, 0.0, 0.0, 1.0, 1.0, 0.0, 0.0, 0.0, 0.0, 0.0, 1.0, 0.0, 1.0, 0.0, 1.0, 1.0, 1.0, 0.0, 0.0, 1.0, 1.0, 0.0, 0.0, 1.0, 1.0, 0.0, 0.0, 1.0, 1.0, 0.0, 1.0, 0.0, 0.0, 1.0, 0.0, 0.0, 1.0, 0.0, 1.0, 0.0, 1.0, 1.0, 1.0, 0.0, 1.0, 0.0, 0.0, 0.0, 0.0, 1.0, 1.0, 1.0, 0.0, 1.0, 1.0, 0.0, 0.0, 1.0, 1.0, 1.0, 1.0, 0.0, 0.0, 0.0, 0.0, 1.0, 0.0, 1.0, 0.0, 1.0, 1.0, 1.0, 1.0, 0.0, 0.0, 1.0, 1.0, 1.0, 1.0, 1.0, 1.0, 1.0, 0.0, 0.0, 0.0, 1.0, 1.0, 0.0, 1.0, 1.0, 1.0, 1.0, 0.0, 1.0, 0.0, 1.0, 0.0, 1.0, 1.0, 1.0, 1.0, 0.0, 0.0, 0.0, 1.0, 0.0, 1.0, 0.0, 1.0, 0.0, 0.0, 0.0, 0.0, 0.0, 0.0, 0.0, 0.0, 0.0, 1.0, 1.0, 1.0, 1.0, 0.0, 1.0, 1.0, 1.0, 0.0, 1.0, 0.0, 1.0, 1.0, 0.0, 0.0, 1.0, 0.0, 0.0, 1.0, 0.0, 1.0, 0.0, 0.0, 0.0, 1.0, 0.0, 0.0, 1.0, 1.0, 0.0, 0.0, 0.0, 0.0, 1.0, 0.0, 0.0, 0.0, 0.0, 1.0, 1.0, 1.0, 0.0, 0.0, 0.0, 1.0, 0.0, 1.0, 1.0, 0.0, 1.0, 1.0, 0.0, 1.0, 0.0, 0.0, 1.0, 0.0, 1.0, 0.0, 1.0, 0.0, 1.0, 1.0, 0.0, 1.0, 1.0, 1.0, 0.0, 0.0, 0.0, 1.0, 1.0, 0.0, 0.0, 1.0, 1.0, 1.0, 0.0, 0.0, 0.0, 0.0, 1.0, 1.0, 0.0, 1.0, 1.0, 0.0, 1.0, 0.0, 0.0, 1.0, 0.0, 1.0, 0.0, 0.0, 0.0, 0.0, 1.0, 0.0, 1.0, 0.0, 0.0, 1.0, 0.0, 1.0, 0.0, 1.0, 1.0, 1.0, 0.0, 0.0, 0.0, 0.0, 0.0, 1.0, 0.0, 0.0, 1.0, 1.0, 1.0, 1.0, 0.0, 1.0, 1.0, 0.0, 1.0, 0.0, 1.0, 1.0, 1.0, 1.0, 0.0, 1.0, 1.0, 0.0, 0.0, 0.0, 1.0, 0.0, 0.0, 0.0, 1.0, 1.0, 1.0, 1.0, 0.0, 0.0, 1.0, 0.0, 0.0, 0.0, 1.0, 0.0, 1.0, 1.0, 1.0, 0.0, 1.0, 0.0, 1.0, 1.0, 0.0, 1.0, 1.0, 0.0, 0.0, 0.0, 1.0, 0.0, 0.0, 0.0, 1.0, 0.0, 0.0, 1.0, 1.0, 0.0, 0.0, 0.0, 0.0, 1.0, 0.0, 0.0, 0.0, 1.0, 1.0, 0.0, 1.0, 0.0, 1.0, 0.0, 1.0, 1.0, 1.0, 0.0, 1.0, 0.0, 1.0, 1.0, 1.0, 1.0, 1.0, 0.0, 0.0, 0.0, 1.0, 0.0, 0.0, 1.0, 1.0, 1.0, 1.0, 1.0, 1.0, 0.0, 1.0, 0.0, 1.0, 1.0, 1.0, 0.0, 0.0, 1.0, 0.0, 0.0, 1.0, 1.0, 0.0, 1.0, 1.0, 0.0, 0.0, 0.0, 1.0, 0.0, 0.0, 0.0, 1.0, 1.0, 0.0, 0.0, 0.0, 0.0, 0.0, 0.0, 1.0, 0.0, 0.0, 0.0, 0.0, 1.0, 1.0, 0.0, 0.0, 1.0, 1.0, 1.0, 0.0, 1.0, 1.0, 1.0, 0.0, 0.0, 0.0, 1.0, 0.0, 1.0, 0.0, 0.0, 0.0, 0.0, 1.0, 1.0, 0.0, 0.0, 1.0, 1.0, 0.0, 0.0, 0.0, 0.0, 1.0, 1.0, 1.0, 0.0, 1.0, 0.0, 1.0, 1.0, 1.0, 1.0, 1.0, 1.0, 1.0, 1.0, 0.0, 0.0, 0.0, 1.0, 1.0, 0.0, 0.0, 0.0, 0.0, 0.0, 1.0, 0.0, 1.0, 1.0, 0.0, 0.0, 0.0, 0.0, 1.0, 0.0, 1.0, 1.0, 1.0, 1.0, 0.0, 0.0, 1.0, 0.0, 0.0, 1.0, 1.0, 0.0, 1.0, 0.0, 1.0, 1.0, 1.0, 0.0, 1.0, 1.0, 1.0, 1.0, 1.0, 1.0, 0.0, 0.0, 1.0, 1.0, 0.0, 1.0, 1.0, 1.0, 1.0, 0.0, 1.0, 1.0, 0.0, 0.0, 1.0, 1.0, 1.0, 0.0, 0.0, 1.0, 0.0, 1.0, 1.0, 0.0, 1.0, 0.0, 0.0, 1.0, 0.0, 1.0, 1.0, 0.0, 0.0, 0.0, 1.0, 1.0, 1.0, 1.0, 1.0, 0.0, 1.0, 1.0, 1.0, 1.0, 1.0, 0.0, 0.0, 1.0, 0.0, 0.0, 1.0, 0.0, 0.0, 1.0, 1.0, 0.0, 1.0, 1.0, 0.0, 0.0, 0.0, 0.0, 0.0, 1.0, 1.0, 1.0, 1.0, 0.0, 1.0, 1.0, 1.0, 1.0, 1.0, 1.0, 1.0, 1.0, 0.0, 0.0, 1.0, 1.0, 0.0, 0.0, 1.0, 0.0, 0.0, 1.0, 0.0, 0.0, 1.0, 0.0, 1.0, 1.0, 1.0, 0.0, 1.0, 1.0, 1.0, 1.0, 1.0, 0.0, 1.0, 0.0, 1.0, 0.0, 0.0, 0.0, 1.0, 0.0, 1.0, 1.0, 1.0, 0.0, 1.0, 0.0, 0.0, 1.0, 1.0, 0.0, 1.0, 0.0, 1.0, 1.0, 0.0, 1.0, 1.0, 1.0, 0.0, 0.0, 0.0, 1.0, 0.0, 0.0, 1.0, 0.0, 0.0, 0.0, 1.0, 1.0, 0.0, 1.0, 0.0, 0.0, 0.0, 0.0, 0.0, 0.0, 1.0, 0.0, 1.0, 0.0, 1.0, 0.0, 1.0, 1.0, 1.0, 0.0, 1.0, 1.0, 1.0, 1.0, 0.0, 1.0, 0.0, 1.0, 0.0, 1.0, 1.0, 0.0, 1.0, 1.0, 0.0, 1.0, 0.0, 0.0, 0.0, 1.0, 1.0, 1.0, 0.0, 0.0, 0.0, 1.0, 1.0, 0.0, 1.0, 1.0, 0.0, 0.0, 1.0, 0.0, 1.0, 1.0, 1.0, 0.0, 0.0, 0.0, 1.0, 1.0, 1.0, 1.0, 0.0, 0.0, 0.0, 0.0, 1.0, 0.0, 0.0, 1.0, 1.0, 1.0, 0.0, 0.0, 0.0, 1.0, 0.0, 1.0, 1.0, 0.0, 1.0, 0.0, 0.0, 0.0, 1.0, 1.0, 0.0, 1.0, 0.0, 1.0, 0.0, 0.0, 1.0, 1.0, 0.0, 0.0, 1.0, 1.0, 0.0, 0.0, 0.0, 1.0, 0.0, 0.0, 0.0, 0.0, 1.0, 0.0, 0.0, 0.0, 1.0, 1.0, 0.0, 1.0, 0.0, 1.0, 1.0, 1.0, 1.0, 1.0, 0.0, 0.0, 0.0, 0.0, 0.0, 0.0, 1.0, 1.0, 1.0, 1.0, 0.0, 0.0, 1.0, 1.0, 1.0, 0.0, 1.0, 0.0, 0.0, 0.0, 0.0, 0.0, 0.0, 0.0, 0.0, 0.0, 0.0, 1.0, 0.0, 1.0, 0.0, 0.0, 1.0, 0.0, 1.0, 0.0, 0.0, 0.0, 0.0, 1.0, 1.0, 0.0, 0.0, 1.0, 0.0, 1.0, 0.0, 1.0, 0.0, 1.0, 1.0, 0.0, 1.0, 0.0, 0.0, 1.0, 0.0, 1.0, 1.0, 0.0, 1.0, 0.0, 0.0, 0.0, 0.0, 1.0, 1.0, 1.0, 1.0, 1.0, 1.0, 0.0, 1.0, 1.0, 0.0, 0.0, 1.0, 0.0, 0.0, 1.0, 0.0, 0.0, 0.0, 0.0, 0.0, 0.0, 1.0, 0.0, 0.0, 0.0, 1.0, 0.0, 0.0, 1.0, 1.0, 0.0, 1.0, 0.0, 0.0, 1.0, 1.0, 0.0, 0.0, 1.0, 0.0, 0.0, 1.0, 1.0, 0.0, 1.0, 0.0, 1.0, 1.0, 1.0, 0.0, 0.0, 1.0, 1.0, 0.0, 0.0, 0.0, 1.0, 1.0, 0.0, 0.0, 0.0, 1.0, 0.0, 0.0, 0.0, 0.0, 1.0, 0.0, 0.0, 1.0, 0.0, 0.0, 0.0, 0.0, 0.0, 0.0, 0.0, 1.0, 1.0, 0.0, 0.0, 1.0, 1.0, 1.0, 0.0, 0.0, 0.0, 0.0, 0.0, 0.0, 0.0, 0.0, 1.0, 0.0, 1.0, 1.0, 1.0, 1.0, 1.0, 1.0, 1.0, 0.0, 1.0, 1.0, 1.0, 1.0, 0.0, 0.0, 1.0, 1.0, 0.0, 0.0, 0.0, 1.0, 1.0, 1.0, 1.0, 0.0, 0.0, 0.0, 0.0, 0.0, 0.0, 1.0, 1.0, 0.0, 0.0, 1.0, 0.0, 0.0, 1.0, 1.0, 1.0, 1.0, 0.0, 0.0, 0.0, 1.0, 0.0, 1.0, 0.0, 1.0, 1.0, 1.0, 0.0, 0.0, 1.0, 1.0, 0.0, 1.0, 1.0, 1.0, 1.0, 1.0, 0.0, 1.0, 0.0, 1.0, 0.0, 1.0, 1.0, 1.0, 1.0, 0.0, 0.0, 0.0, 1.0, 0.0, 0.0, 1.0, 0.0, 0.0, 0.0, 0.0, 1.0, 0.0, 0.0, 0.0, 0.0, 1.0, 0.0, 1.0, 0.0, 0.0, 0.0, 1.0, 0.0, 1.0, 0.0, 1.0, 1.0, 1.0, 0.0, 0.0, 1.0, 1.0, 0.0, 1.0, 0.0, 0.0, 1.0, 0.0, 1.0, 0.0, 1.0, 1.0, 1.0, 1.0, 1.0, 1.0, 0.0, 0.0, 1.0, 1.0, 0.0, 1.0, 1.0, 1.0, 1.0, 0.0, 0.0, 0.0, 0.0, 1.0, 1.0, 0.0, 1.0, 1.0, 1.0, 1.0, 0.0, 1.0, 0.0, 0.0, 0.0, 0.0, 0.0, 1.0, 1.0, 1.0, 0.0, 0.0, 1.0, 0.0, 1.0, 1.0, 1.0, 0.0, 1.0, 1.0, 0.0, 1.0, 1.0, 1.0, 1.0, 1.0, 0.0, 1.0, 1.0, 0.0, 1.0, 1.0, 1.0, 0.0, 0.0, 1.0, 0.0, 0.0, 0.0, 0.0, 0.0, 0.0, 1.0, 0.0, 1.0, 1.0, 1.0, 1.0, 1.0, 0.0, 1.0, 0.0, 1.0, 1.0, 1.0, 0.0, 0.0, 0.0, 1.0, 0.0, 0.0, 0.0, 0.0, 1.0, 1.0, 0.0, 0.0, 0.0, 1.0, 0.0, 0.0, 0.0, 0.0, 0.0, 0.0, 0.0, 0.0, 1.0, 0.0, 1.0, 0.0, 0.0, 1.0, 0.0, 1.0, 1.0, 1.0, 1.0, 1.0, 1.0, 0.0, 1.0, 1.0, 0.0, 0.0, 1.0, 0.0, 1.0, 0.0, 1.0, 1.0, 0.0, 0.0, 1.0, 0.0, 1.0, 1.0, 1.0, 0.0, 1.0, 1.0, 1.0, 1.0, 1.0, 0.0, 0.0, 0.0, 0.0, 0.0, 0.0, 0.0, 0.0, 1.0, 1.0, 0.0, 1.0, 0.0, 1.0, 1.0, 1.0, 0.0, 0.0, 1.0, 0.0, 1.0, 0.0, 0.0, 1.0, 0.0, 1.0, 1.0, 0.0, 0.0, 1.0, 1.0, 0.0, 1.0, 1.0, 1.0, 0.0, 0.0, 1.0, 1.0, 0.0, 1.0, 0.0, 0.0, 0.0, 0.0, 1.0, 0.0, 0.0, 0.0, 0.0, 0.0, 0.0, 1.0, 0.0, 0.0, 0.0, 0.0, 1.0, 0.0, 1.0, 0.0, 0.0, 0.0, 0.0, 1.0, 1.0, 1.0, 0.0, 1.0, 0.0, 1.0, 1.0, 1.0, 1.0, 0.0, 1.0, 1.0, 0.0, 0.0, 1.0, 0.0, 0.0, 1.0, 1.0, 1.0, 1.0, 1.0, 1.0, 0.0, 1.0, 0.0, 0.0, 0.0, 0.0, 0.0, 0.0, 0.0, 0.0, 0.0, 1.0, 1.0, 1.0, 0.0, 1.0, 1.0, 0.0, 1.0, 1.0, 0.0, 1.0, 1.0, 0.0, 0.0, 0.0, 1.0, 0.0, 0.0, 1.0, 1.0, 1.0, 1.0, 0.0, 1.0, 1.0, 1.0, 1.0, 1.0, 1.0, 1.0, 1.0, 1.0, 0.0, 1.0, 1.0, 1.0, 1.0, 0.0, 0.0, 1.0, 0.0, 0.0, 1.0, 1.0, 1.0, 0.0, 1.0, 1.0, 1.0, 0.0, 1.0, 1.0, 1.0, 0.0, 0.0, 1.0, 1.0, 1.0, 0.0, 1.0, 0.0, 1.0, 0.0, 0.0, 0.0, 1.0, 0.0, 1.0, 1.0, 1.0, 1.0, 1.0, 1.0, 1.0, 0.0, 1.0, 1.0, 0.0, 1.0, 0.0, 1.0, 1.0, 1.0, 0.0, 1.0, 0.0, 0.0, 1.0, 1.0, 1.0, 0.0, 0.0, 1.0, 1.0, 0.0, 1.0, 0.0, 1.0, 1.0, 0.0, 1.0, 1.0, 0.0, 0.0, 1.0, 0.0, 1.0, 1.0, 0.0, 0.0, 0.0, 1.0, 1.0, 0.0, 1.0, 1.0, 1.0, 0.0, 0.0, 1.0, 0.0, 1.0, 0.0, 1.0, 0.0, 1.0, 1.0, 0.0, 0.0, 1.0, 1.0, 0.0, 1.0, 0.0, 1.0, 0.0, 1.0, 0.0, 0.0, 1.0, 1.0, 1.0, 1.0, 0.0, 1.0, 1.0, 1.0, 0.0, 0.0, 1.0, 1.0, 0.0, 0.0, 0.0, 1.0, 0.0, 0.0, 0.0, 0.0, 1.0, 0.0, 1.0, 0.0, 1.0, 0.0, 1.0, 1.0, 0.0, 0.0, 0.0, 1.0, 0.0, 1.0, 1.0, 0.0, 0.0, 0.0, 0.0, 0.0, 0.0, 0.0, 0.0, 0.0, 0.0, 1.0, 0.0, 0.0, 1.0, 1.0, 0.0, 0.0, 1.0, 1.0, 0.0, 0.0, 0.0, 0.0, 1.0, 1.0, 1.0, 1.0, 1.0, 0.0, 1.0, 0.0, 1.0, 1.0, 1.0, 0.0, 1.0, 1.0, 0.0, 0.0, 1.0, 0.0, 1.0, 0.0, 0.0, 0.0, 0.0, 1.0, 0.0, 1.0, 1.0, 1.0, 0.0, 0.0, 1.0, 1.0, 1.0, 0.0, 0.0, 1.0, 1.0, 1.0, 1.0, 1.0, 1.0, 0.0, 0.0, 0.0, 0.0, 0.0, 0.0, 1.0, 0.0, 1.0, 1.0, 1.0, 1.0, 1.0, 0.0, 1.0, 0.0, 1.0, 0.0, 0.0, 0.0, 1.0, 1.0, 1.0, 1.0, 1.0, 0.0, 1.0, 1.0, 0.0, 1.0, 0.0, 1.0, 1.0, 1.0, 1.0, 1.0, 0.0, 1.0, 0.0, 0.0, 1.0, 0.0, 1.0, 0.0, 0.0, 1.0, 1.0, 1.0, 1.0, 0.0, 0.0, 0.0, 1.0, 0.0, 0.0, 1.0, 1.0, 0.0, 0.0, 1.0, 1.0, 1.0, 1.0, 0.0, 1.0, 0.0, 1.0, 1.0, 1.0, 1.0, 1.0, 1.0, 0.0, 0.0, 1.0, 0.0, 0.0, 1.0, 0.0, 0.0, 0.0, 1.0, 1.0, 1.0, 0.0, 0.0, 0.0, 1.0, 0.0, 1.0, 0.0, 1.0, 0.0, 0.0, 0.0, 0.0, 1.0, 1.0, 0.0, 0.0, 0.0, 1.0, 0.0, 0.0, 0.0, 1.0, 0.0, 1.0, 0.0, 0.0, 1.0, 1.0, 0.0, 1.0, 1.0, 1.0, 0.0, 1.0, 0.0, 1.0, 1.0, 0.0, 1.0, 1.0, 0.0, 0.0, 0.0, 0.0, 0.0, 0.0]","['lNONHSAG000059', 'lNONHSAG000195', 'lNONHSAG000498', 'lNONHSAG001375', 'lNONHSAG001468', 'lNONHSAG002343', 'lNONHSAG002669', 'lNONHSAG003900', 'lNONHSAG006054', 'lNONHSAG006212', 'lNONHSAG006526', 'lNONHSAG007384', 'lNONHSAG007692', 'lNONHSAG008354', 'lNONHSAG008615', 'lNONHSAG008693', 'lNONHSAG009755', 'lNONHSAG010792', 'lNONHSAG011057', 'lNONHSAG011230', 'lNONHSAG011518', 'lNONHSAG011854', 'lNONHSAG012099', 'lNONHSAG012617', 'lNONHSAG012791', 'lNONHSAG013912', 'lNONHSAG014332', 'lNONHSAG014496', 'lNONHSAG014679', 'lNONHSAG015044', 'lNONHSAG015591', 'lNONHSAG015787', 'lNONHSAG016487', 'lNONHSAG016771', 'lNONHSAG017232', 'lNONHSAG017567', 'lNONHSAG018054', 'lNONHSAG018180', 'lNONHSAG018416', 'lNONHSAG018656', 'lNONHSAG018711', 'lNONHSAG019003', 'lNONHSAG019370', 'lNONHSAG019670', 'lNONHSAG020068', 'lNONHSAG020273', 'lNONHSAG020307', 'lNONHSAG020869', 'lNONHSAG021820', 'lNONHSAG022058', 'lNONHSAG022328', 'lNONHSAG022806', 'lNONHSAG022836', 'lNONHSAG022965', 'lNONHSAG022982', 'lNONHSAG023175', 'lNONHSAG023237', 'lNONHSAG023392', 'lNONHSAG023598', 'lNONHSAG024282', 'lNONHSAG024361', 'lNONHSAG024542', 'lNONHSAG024741', 'lNONHSAG026205', 'lNONHSAG026794', 'lNONHSAG027323', 'lNONHSAG027342', 'lNONHSAG027682', 'lNONHSAG027876', 'lNONHSAG028817', 'lNONHSAG028918', 'lNONHSAG029668', 'lNONHSAG029792', 'lNONHSAG029985', 'lNONHSAG030742', 'lNONHSAG031456', 'lNONHSAG033107', 'lNONHSAG033334', 'lNONHSAG033348', 'lNONHSAG033940', 'lNONHSAG034316', 'lNONHSAG036255', 'lNONHSAG036612', 'lNONHSAG036615', 'lNONHSAG037420', 'lNONHSAG037827', 'lNONHSAG037936', 'lNONHSAG038344', 'lNONHSAG038682', 'lNONHSAG039669', 'lNONHSAG040544', 'lNONHSAG040958', 'lNONHSAG041250', 'lNONHSAG041256', 'lNONHSAG041257', 'lNONHSAG041528', 'lNONHSAG041670', 'lNONHSAG041883', 'lNONHSAG041938', 'lNONHSAG042307', 'lNONHSAG044406', 'lNONHSAG044666', 'lNONHSAG046722', 'lNONHSAG047507', 'lNONHSAG047974', 'lNONHSAG048695', 'lNONHSAG049037', 'lNONHSAG049303', 'lNONHSAG050104', 'lNONHSAG050345', 'lNONHSAG050725', 'lNONHSAG051484', 'lNONHSAG051514', 'lNONHSAG051517', 'lNONHSAG051603', 'lNONHSAG052082', 'lNONHSAG052097', 'lNONHSAG052459', 'lNONHSAG052853', 'lNONHSAG052908', 'lNONHSAG052943', 'lNONHSAG055088', 'lNONHSAG055151', 'lNONHSAG055350', 'lNONHSAG057043', 'lNONHSAG057222', 'lNONHSAG058967', 'lNONHSAG064784', 'lNONHSAG065364', 'lNONHSAG066253', 'lNONHSAG069277', 'lNONHSAG091116', 'lNONHSAG096627', 'lNONHSAG101725', 'lNONHSAG104186', 'lENSG00000179523', 'lENSG00000225506', 'lENSG00000226115', 'lENSG00000229267', 'lENSG00000232415', 'lENSG00000235724', 'lENSG00000236240', 'lENSG00000236671', 'lENSG00000247498', 'lENSG00000255363', 'lENSG00000255850', 'lENSG00000260455', 'lENSG00000261183', 'lENSG00000272769', 'lGATA6-AS1', 'lRHPN1-AS1', 'lTEN1-CDK3', 'lVCAN-AS1', 'lZNF503-AS2', 'lAC135048.13', 'lAC137723.5', 'lAP001058.3', 'lRP11-467J12.4', 'lRP11-54O7.3', 'lRP11-680A11.5', 'lRP4-790G17.7', 'lRP11-429J17.8', 'lNONHSAG002619', 'lNONHSAG004893', 'lNONHSAG005522', 'lNONHSAG005769', 'lNONHSAG005867', 'lNONHSAG006187', 'lNONHSAG006206', 'lNONHSAG006220', 'lNONHSAG006235', 'lNONHSAG006279', 'lNONHSAG006555', 'lNONHSAG006669', 'lNONHSAG006897', 'lNONHSAG007203', 'lNONHSAG007278', 'lNONHSAG007286', 'lNONHSAG007507', 'lNONHSAG007554', 'lENSG00000175746', 'lENSG00000198671', 'lENSG00000203565', 'lENSG00000223387', 'lENSG00000224885', 'lENSG00000225218', 'lENSG00000225378', 'lENSG00000225798', 'lENSG00000226133', 'lENSG00000226562', 'lENSG00000226957', 'lENSG00000227409', 'lENSG00000227549', 'lENSG00000227579', 'lENSG00000227863', 'lENSG00000227893', 'lENSG00000228108', 'lENSG00000228136', 'lENSG00000228383', 'lENSG00000228596', 'lENSG00000228804', 'lENSG00000229283', 'lENSG00000229498', 'lENSG00000229531', 'lENSG00000229673', 'lENSG00000229851', 'lENSG00000230065', 'lENSG00000231492', 'lENSG00000231772', 'lENSG00000232363', 'lENSG00000232964', 'lENSG00000233178', 'lENSG00000233330', 'lENSG00000233953', 'lENSG00000234191', 'lENSG00000235059', 'lENSG00000235637', 'lENSG00000236031', 'lENSG00000236065', 'lENSG00000236267', 'lENSG00000236366', 'lENSG00000237373', 'lENSG00000237687', 'lENSG00000241666', 'lENSG00000243230', 'lENSG00000246541', 'lENSG00000248148', 'lENSG00000248482', 'lENSG00000248576', 'lENSG00000248758', 'lENSG00000248995', 'lENSG00000249753', 'lENSG00000250791', 'lENSG00000250855', 'lENSG00000250917', 'lENSG00000250945', 'lENSG00000253356', 'lENSG00000253834', 'lENSG00000254207', 'lENSG00000254526', 'lENSG00000254620', 'lENSG00000254627', 'lENSG00000254739', 'lENSG00000254775', 'lENSG00000254928', 'lENSG00000254930', 'lENSG00000255227', 'lENSG00000255327', 'lENSG00000255478', 'lENSG00000256314', 'lENSG00000257265', 'lENSG00000257271', 'lENSG00000259268', 'lENSG00000259503', 'lENSG00000259798', 'lENSG00000260017', 'lENSG00000260814', 'lENSG00000261633', 'lENSG00000261663', 'lENSG00000261695', 'lENSG00000261731', 'lENSG00000262692', 'lENSG00000262810', 'lENSG00000263237', 'lENSG00000263797', 'lENSG00000264116', 'lENSG00000264269', 'lENSG00000264546', 'lENSG00000265205', 'lENSG00000265625', 'lENSG00000265800', 'lENSG00000266981', 'lENSG00000267177', 'lENSG00000267286', 'lENSG00000267510', 'lENSG00000268191', 'lENSG00000268912', 'lENSG00000269621', 'lENSG00000269729', 'lENSG00000269826', 'lENSG00000270871', 'lENSG00000271218', 'lENSG00000271983', 'lENSG00000272575', 'lENSG00000272866', 'lENSG00000273275', 'lENSG00000273493', 'lENSG00000273838', 'lENSG00000277675', 'lENSG00000280881', 'lENSG00000283375', 'lENSG00000283436', 'lENSG00000283573', 'lENSG00000284608', 'lENSG00000285040', 'lENSG00000285409', 'lENSG00000285780', 'lENSG00000286242', 'lENSG00000286441', 'lENSG00000286581', 'lENSG00000286740', 'lENSG00000286820', 'lENSG00000286843', 'lENSG00000287005', 'lENSG00000287551', 'lENSG00000287664', 'lENSG00000223795', 'lENSG00000225836', 'lENSG00000228255', 'lENSG00000229628', 'lENSG00000229964', 'lENSG00000255644', 'lENSG00000259274', 'lENSG00000260511', 'lENSG00000261445', 'lENSG00000272304', 'lENSG00000273486', 'lENSG00000274902', 'lENSG00000278514', 'lENSG00000271870', 'lDGUOK-AS1', 'lMIR3654', 'lC3orf65']","[0.0, 0.0, 1.0, 1.0, 0.0, 0.0, 1.0, 0.0, 1.0, 0.0, 0.0, 0.0, 0.0, 1.0, 1.0, 0.0, 0.0, 1.0, 0.0, 1.0, 0.0, 1.0, 0.0, 1.0, 1.0, 1.0, 1.0, 1.0, 0.0, 1.0, 1.0, 0.0, 0.0, 1.0, 1.0, 1.0, 1.0, 0.0, 1.0, 0.0, 1.0, 0.0, 0.0, 1.0, 0.0, 0.0, 0.0, 0.0, 1.0, 0.0, 0.0, 1.0, 1.0, 1.0, 1.0, 0.0, 0.0, 1.0, 0.0, 1.0, 1.0, 1.0, 0.0, 0.0, 1.0, 1.0, 1.0, 1.0, 1.0, 1.0, 1.0, 0.0, 0.0, 0.0, 1.0, 1.0, 0.0, 0.0, 1.0, 1.0, 0.0, 0.0, 1.0, 0.0, 1.0, 0.0, 1.0, 0.0, 0.0, 1.0, 0.0, 0.0, 0.0, 1.0, 0.0, 0.0, 0.0, 0.0, 1.0, 1.0, 1.0, 1.0, 1.0, 1.0, 1.0, 0.0, 0.0, 0.0, 0.0, 1.0, 1.0, 0.0, 0.0, 0.0, 1.0, 0.0, 0.0, 1.0, 0.0, 0.0, 0.0, 1.0, 0.0, 0.0, 1.0, 0.0, 1.0, 0.0, 1.0, 0.0, 0.0, 0.0, 1.0, 0.0, 0.0, 0.0, 0.0, 0.0, 1.0, 0.0, 0.0, 1.0, 1.0, 0.0, 1.0, 0.0, 1.0, 1.0, 1.0, 0.0, 0.0, 0.0, 0.0, 1.0, 1.0, 1.0, 0.0, 1.0, 1.0, 1.0, 0.0, 0.0, 0.0, 0.0, 1.0, 1.0, 0.0, 0.0, 1.0, 0.0, 0.0, 1.0, 1.0, 1.0, 1.0, 1.0, 1.0, 0.0, 0.0, 1.0, 0.0, 1.0, 0.0, 1.0, 1.0, 1.0, 0.0, 1.0, 0.0, 0.0, 0.0, 0.0, 1.0, 1.0, 0.0, 0.0, 0.0, 1.0, 1.0, 0.0, 0.0, 1.0, 1.0, 1.0, 1.0, 0.0, 1.0, 0.0, 0.0, 0.0, 0.0, 0.0, 1.0, 1.0, 0.0, 1.0, 0.0, 0.0, 1.0, 0.0, 0.0, 0.0, 1.0, 0.0, 1.0, 1.0, 1.0, 1.0, 1.0, 0.0, 1.0, 1.0, 0.0, 0.0, 1.0, 1.0, 1.0, 0.0, 0.0, 1.0, 0.0, 0.0, 0.0, 1.0, 0.0, 0.0, 0.0, 1.0, 1.0, 0.0, 1.0, 0.0, 0.0, 0.0, 0.0, 1.0, 0.0, 0.0, 0.0, 1.0, 0.0, 0.0, 0.0, 1.0, 0.0, 1.0, 0.0, 0.0, 0.0, 1.0, 0.0, 1.0, 0.0, 0.0, 0.0, 0.0, 0.0, 1.0, 0.0, 0.0, 1.0, 0.0, 0.0, 0.0, 1.0, 1.0, 0.0, 1.0, 0.0, 1.0, 1.0, 0.0, 1.0, 1.0, 0.0, 1.0, 1.0, 0.0, 1.0, 0.0, 1.0, 0.0, 1.0, 1.0, 0.0, 0.0, 1.0, 1.0, 0.0, 1.0, 1.0, 1.0, 0.0, 1.0, 0.0, 0.0, 1.0, 0.0, 1.0, 0.0, 1.0, 1.0, 1.0]","[1, 1, 1, 1, 0, 1, 0, 1, 0, 0, 1, 0, 1, 1, 1, 1, 0, 1, 0, 0, 1, 0, 0, 1, 1, 0, 1, 1, 0, 1, 0, 1, 0, 0, 1, 0, 0, 1, 0, 0, 1, 1, 0, 1, 1, 1, 0, 0, 1, 1, 1, 0, 1, 1, 1, 0, 0, 1, 0, 1, 1, 0, 0, 1, 1, 0, 0, 1, 1, 1, 1, 0, 1, 0, 1, 0, 0, 0, 0, 0, 0, 1, 1, 0, 1, 0, 1, 1, 0, 0, 0, 1, 1, 1, 0, 1, 0, 1, 0, 1, 1, 0, 0, 0, 1, 1, 0, 1, 0, 1, 0, 0, 1, 0, 0, 0, 1, 0, 0, 1, 0, 1, 0, 0, 0, 0, 1, 1, 0, 0, 0, 0, 1, 1, 1, 0, 0, 0, 1, 0, 0, 0, 1, 1, 1, 1, 1, 1, 0, 1, 0, 1, 0, 0, 1, 1, 1, 1, 0, 0, 0, 1, 0, 0, 0, 0, 1, 0, 0, 1, 0, 0, 0, 1, 0, 0, 0, 1, 0, 0, 1, 1, 0, 1, 1, 0, 1, 0, 1, 0, 0, 0, 0, 1, 0, 0, 1, 0, 1, 0, 0, 1, 1, 1, 0, 0, 1, 1, 0, 0, 0, 1, 0, 0, 1, 1, 0, 0, 1, 1, 0, 0, 1, 1, 1, 1, 0, 1, 0, 0, 1, 1, 0, 1, 1, 0, 1, 0, 1, 0, 0, 1, 0, 1, 1, 1, 0, 0, 0, 0, 1, 1, 0, 1, 0, 1, 1, 0, 1, 1, 0, 0, 1, 1, 1, 0, 1, 1, 0, 0, 0, 0, 1, 1, 1, 1, 1, 0, 1, 0, 1, 1, 1, 1, 1, 1, 0, 1, 0, 0, 1, 1, 1, 0, 1, 1, 0, 1, 1, 0, 0, 0, 1, 0, 0, 1, 1, 0, 1, 1, 1, 0, 0, 0, 1, 0, 0, 1, 1, 0, 0, 0, 0]","[0.044552039973151825, 0.2803796194011352, 0.2000843293711143, 0.24507524532374836, -0.15357130733497693, 0.05776276665210256, -0.006955126356073205, 0.17286495643605226, -0.01646603559386639, -0.10818707006336625, 0.05672632225913743, -0.007003544165895104, 0.06846379267839486, 0.11751872720294676, 0.03516723283526124, 0.222159991901139, -0.31532717047371017, 0.088740877876885, -0.0454138224222187, -0.021349444771884496, 0.09329874605039423, -0.19694883084284376, -0.4016594736073045, 0.15552595530657287, 0.4159999747547807, -0.20879357166924484, 0.11545337290250979, 0.6916338812510623, -0.0065229478373907135, 0.24642580607471531, -0.010072414263539553, 0.008034472950589677, -0.048284494172214476, -0.09639791752953686, 0.024840220139492164, -0.1515268330490911, -0.17719387195404268, 0.062136889759865976, -0.11642612922563478, -0.17346903237884925, 0.000324916090466143, 0.37535519383425386, -0.24208985504184133, 0.19144679217876304, 0.04725107573688492, 0.19342123621816798, -0.11358401095763293, -0.02181618695306442, 0.12726166687655782, 0.14252033939379105, 0.17579074909381331, -0.07389823662999762, 0.06242652636687618, 0.12691566588471348, 0.1325498119339792, -0.05090091845184963, -0.11738107065727243, 0.10997461977788836, -0.06953169278629856, 0.04031527847135896, 0.020981854703787217, -0.08553503761783032, -0.2657535957669155, 0.3114187867179248, 0.10207654077707007, -0.027027597605092435, -0.25070086168519934, 0.5143515960326748, 0.032841789169956837, 0.0536333332761294, 0.028213923010102615, -0.11519385978939622, 0.15301213106059164, -0.15119936782350463, 0.10522818785141252, -0.14424161133613866, -0.2916053396405647, -0.06842049637877379, -0.060138191588459566, -0.10254328940987945, -0.019685945756716006, 0.03239235497201198, 0.17817537797223482, -0.11029159026747637, 0.1900295428682992, -0.15152567177435516, 0.12754128916886964, 0.2008801639868536, -0.22802078621344135, -0.0903445943279837, -0.5956294122345072, 0.31216850342306435, 0.06449546021245611, 0.20215660900397348, -0.02938679676893985, 0.041189362739276536, -0.025018237262603993, 0.06941907099028066, -0.03486175779356904, 0.17261426911913658, 0.115180324470193, -0.03590732485822068, -0.014002597823039142, -0.045941896061127085, 0.05380930879658807, 0.07706945752350913, -0.07805302626165433, 0.07677282850093414, -0.05078006633359555, 0.03218016514722555, -0.0488894158472406, -0.09946592082304262, 0.5396391865146559, -0.01495431516012724, -0.2624603014605804, -0.09117803563323212, 0.04936035920065729, -0.3125929733819244, -0.3756445246760438, 0.167395924948067, -0.09355724162079104, 0.033017954738162825, -0.14769394676974867, -0.14372002477384216, -0.1270937242582515, -0.007964217796495365, 0.17143138472034858, 0.20547613882361082, -0.037426372865506874, -0.20558753598679358, -0.4887535674038541, -0.0462951880209963, 0.3448880178663867, 0.12830748068977504, 0.09144453343884118, -0.06700899653032932, -0.0799311420774198, -0.2875245688777013, 0.1980336126056863, -0.021962606349726688, -0.06484511826080785, -0.5231223597240295, 0.24694350623113648, 0.24042214027858533, 0.18989890226436268, 0.3412507843775976, 0.2264521241598838, 0.12900779185897582, -0.2773111156036987, 0.019635438798633498, -0.15726063536210289, 0.17709363292562186, -0.3235378116422205, -0.2514387420923083, 0.021017251601994413, 0.029515253032103228, 0.03854849297818452, 0.10610046618751712, -0.09108956971870752, -0.36809040977664464, -0.11492708150900954, 0.08118359653261598, -0.03475557726907619, -0.2867078157259848, -0.4786919393615121, -0.034516724412794186, 0.0989256432306731, -0.3084940387139983, -0.08483264464076212, 0.03641622842979553, -0.05303680501974606, -0.13309991868095095, -0.6051523973447908, 0.03836800034134269, -0.10645007666459749, -0.003921280094111079, -0.06401472826169252, 0.03275707428065511, -0.4511153567683963, -0.42941918790723, 0.033986476143980315, 0.15311348019519722, -0.3636259591697777, 0.05978378730923195, 0.11575854503933103, -0.042759344162963675, 0.09710809991940872, -0.012293301058224682, 0.05855449417991343, -0.05815730894140492, -0.1577129359739211, -0.06981231623196082, -0.059118697311563384, 0.11617649808207231, -0.19701615227307157, -0.1086348818575762, 0.11640173661581565, -0.16966317163655598, 0.023508200310593086, -0.058995067286222724, -0.12569335086403166, 0.08683091085272965, 0.08404596002181686, 0.0022357672515727067, -0.06807897588259992, -0.18487536551877115, 0.12053537694085348, 0.01917966173179808, -0.3767098451036932, -0.053416672267526, -0.3863950397572373, 0.20496581152687332, -0.21343721582458786, -0.03603748702372789, 0.0937440742242801, 0.05118594541232957, -0.13382319414541266, -0.13764265154060906, 0.0703199227805329, 0.20694503669487174, -0.09362873426919771, -0.11857667523924098, 0.15770998616943865, 0.025678672312132722, 0.10225957969127686, 0.09928512478900098, -0.03220416646895918, 0.15061723837711893, -0.08113359934674014, -0.02696887072251064, 0.08665905669196095, 0.2835023989651586, -0.02939051854192476, 0.08056400510035244, 0.23324764697981726, -0.1288669453202762, 0.15437783917729986, -0.40242150608577676, 0.29994625122780816, -0.1240667025504103, -0.07475278252888407, 0.05643085209486243, -0.04621218085968737, 0.0328108648778378, 0.02630898068602905, 0.043736101246382386, -0.20061547797460522, -0.10548126988068196, -0.3440451490384917, -0.1753495211675271, 0.009896628189473677, 0.12246172809458278, -0.07705119774629976, 0.33610321113307995, -0.18375269882048295, 0.17745187475212942, 0.046805277243838095, -0.15438687363887604, 0.0913949926231532, 0.07310059462163432, -0.3536097213113476, -0.2577913849494293, 0.12084371458957177, 0.18848837041681543, 0.0023074047376154816, -0.04077610854225577, 0.07152521874220996, 0.03202070814034519, -0.09957702097925081, -0.025643726470583328, -0.1348001806289001, -0.06865505688078466, 0.021228718512054545, 0.139701868970191, 0.08126114898087655, 0.2947917201863457, 0.20547565258159706, -0.06267876746593126, 0.17380844102901394, -0.006678120707892976, 0.35596184010999155, 0.28129379458730464, 0.1074751729543375, 0.13263990369552614, 0.20463605781028837, 0.17466599047495412, -0.46217331957315677, 0.2142719440319767, -0.28584676436419043, -0.13817016742911248, 0.34322183348856905, 0.17621861366966352, 0.17996658468828075, -0.1725824446159021, 0.0402767596586, 0.2500379494170111, -0.11647775789363957, 0.047411700365437515, 0.13334548288782822, -0.10968059884758263, -0.0416647963025647, -0.35718369753490586, 0.06139518368387131, -0.043814054799597546, -0.14855436006897493, 0.05231632972836531, 0.11487985079685581, -0.18218742605593485, 0.02440216071350987, 0.004406013823510246, 0.0676937456537563, -0.15837618811239595, -0.04929195612153636, -0.10768484800462597, 0.17554461917552766, -0.06965753445091716, -0.2097704666191329, 0.097147806718334, 0.12253996618290719, -0.39739087599736456, -0.1179753014722631, -0.004613506319409932, -0.13570595646863337]"
7,"['lNONHSAG000008', 'lNONHSAG000047', 'lNONHSAG000059', 'lNONHSAG000069', 'lNONHSAG000130', 'lNONHSAG000158', 'lNONHSAG000195', 'lNONHSAG000241', 'lNONHSAG000253', 'lNONHSAG000310', 'lNONHSAG000374', 'lNONHSAG000381', 'lNONHSAG000464', 'lNONHSAG000484', 'lNONHSAG000498', 'lNONHSAG000579', 'lNONHSAG000584', 'lNONHSAG000603', 'lNONHSAG000625', 'lNONHSAG000742', 'lNONHSAG000769', 'lNONHSAG000840', 'lNONHSAG000843', 'lNONHSAG000884', 'lNONHSAG000918', 'lNONHSAG000938', 'lNONHSAG001142', 'lNONHSAG001172', 'lNONHSAG001238', 'lNONHSAG001247', 'lNONHSAG001259', 'lNONHSAG001278', 'lNONHSAG001284', 'lNONHSAG001360', 'lNONHSAG001375', 'lNONHSAG001448', 'lNONHSAG001468', 'lNONHSAG001499', 'lNONHSAG001696', 'lNONHSAG001724', 'lNONHSAG001773', 'lNONHSAG001837', 'lNONHSAG001941', 'lNONHSAG001993', 'lNONHSAG002056', 'lNONHSAG002058', 'lNONHSAG002086', 'lNONHSAG002134', 'lNONHSAG002135', 'lNONHSAG002343', 'lNONHSAG002376', 'lNONHSAG002378', 'lNONHSAG002454', 'lNONHSAG002490', 'lNONHSAG002549', 'lNONHSAG002617', 'lNONHSAG002669', 'lNONHSAG002701', 'lNONHSAG002719', 'lNONHSAG002731', 'lNONHSAG002752', 'lNONHSAG002859', 'lNONHSAG002883', 'lNONHSAG002978', 'lNONHSAG003053', 'lNONHSAG003056', 'lNONHSAG003068', 'lNONHSAG003077', 'lNONHSAG003119', 'lNONHSAG003134', 'lNONHSAG003156', 'lNONHSAG003198', 'lNONHSAG003244', 'lNONHSAG003260', 'lNONHSAG003269', 'lNONHSAG003374', 'lNONHSAG003504', 'lNONHSAG003505', 'lNONHSAG003512', 'lNONHSAG003645', 'lNONHSAG003820', 'lNONHSAG003874', 'lNONHSAG003884', 'lNONHSAG003886', 'lNONHSAG003900', 'lNONHSAG003911', 'lNONHSAG003912', 'lNONHSAG003957', 'lNONHSAG003976', 'lNONHSAG004026', 'lNONHSAG004054', 'lNONHSAG004095', 'lNONHSAG004303', 'lNONHSAG004305', 'lNONHSAG004373', 'lNONHSAG004619', 'lNONHSAG004673', 'lNONHSAG004714', 'lNONHSAG004743', 'lNONHSAG004779', 'lNONHSAG004868', 'lNONHSAG005084', 'lNONHSAG005153', 'lNONHSAG005339', 'lNONHSAG005377', 'lNONHSAG005403', 'lNONHSAG005482', 'lNONHSAG005669', 'lNONHSAG005699', 'lNONHSAG005711', 'lNONHSAG005721', 'lNONHSAG005728', 'lNONHSAG005732', 'lNONHSAG005742', 'lNONHSAG005780', 'lNONHSAG005866', 'lNONHSAG005920', 'lNONHSAG006049', 'lNONHSAG006050', 'lNONHSAG006054', 'lNONHSAG006071', 'lNONHSAG006163', 'lNONHSAG006204', 'lNONHSAG006212', 'lNONHSAG006238', 'lNONHSAG006301', 'lNONHSAG006341', 'lNONHSAG006362', 'lNONHSAG006454', 'lNONHSAG006457', 'lNONHSAG006474', 'lNONHSAG006477', 'lNONHSAG006526', 'lNONHSAG006633', 'lNONHSAG006735', 'lNONHSAG006756', 'lNONHSAG006763', 'lNONHSAG006772', 'lNONHSAG006865', 'lNONHSAG006945', 'lNONHSAG006966', 'lNONHSAG007109', 'lNONHSAG007295', 'lNONHSAG007324', 'lNONHSAG007384', 'lNONHSAG007430', 'lNONHSAG007431', 'lNONHSAG007434', 'lNONHSAG007455', 'lNONHSAG007487', 'lNONHSAG007538', 'lNONHSAG007631', 'lNONHSAG007692', 'lNONHSAG007708', 'lNONHSAG007868', 'lNONHSAG007961', 'lNONHSAG007983', 'lNONHSAG007984', 'lNONHSAG008015', 'lNONHSAG008037', 'lNONHSAG008056', 'lNONHSAG008167', 'lNONHSAG008199', 'lNONHSAG008354', 'lNONHSAG008517', 'lNONHSAG008540', 'lNONHSAG008552', 'lNONHSAG008589', 'lNONHSAG008615', 'lNONHSAG008654', 'lNONHSAG008670', 'lNONHSAG008675', 'lNONHSAG008693', 'lNONHSAG008726', 'lNONHSAG008728', 'lNONHSAG008759', 'lNONHSAG008859', 'lNONHSAG008937', 'lNONHSAG008952', 'lNONHSAG008966', 'lNONHSAG009021', 'lNONHSAG009039', 'lNONHSAG009059', 'lNONHSAG009062', 'lNONHSAG009124', 'lNONHSAG009130', 'lNONHSAG009133', 'lNONHSAG009134', 'lNONHSAG009174', 'lNONHSAG009180', 'lNONHSAG009193', 'lNONHSAG009228', 'lNONHSAG009544', 'lNONHSAG009546', 'lNONHSAG009613', 'lNONHSAG009636', 'lNONHSAG009747', 'lNONHSAG009755', 'lNONHSAG009757', 'lNONHSAG009782', 'lNONHSAG009913', 'lNONHSAG009938', 'lNONHSAG009945', 'lNONHSAG009950', 'lNONHSAG009968', 'lNONHSAG009989', 'lNONHSAG010021', 'lNONHSAG010117', 'lNONHSAG010179', 'lNONHSAG010184', 'lNONHSAG010186', 'lNONHSAG010189', 'lNONHSAG010190', 'lNONHSAG010193', 'lNONHSAG010194', 'lNONHSAG010200', 'lNONHSAG010352', 'lNONHSAG010405', 'lNONHSAG010416', 'lNONHSAG010543', 'lNONHSAG010657', 'lNONHSAG010658', 'lNONHSAG010716', 'lNONHSAG010792', 'lNONHSAG010798', 'lNONHSAG010940', 'lNONHSAG010986', 'lNONHSAG010989', 'lNONHSAG011028', 'lNONHSAG011057', 'lNONHSAG011070', 'lNONHSAG011084', 'lNONHSAG011086', 'lNONHSAG011090', 'lNONHSAG011121', 'lNONHSAG011125', 'lNONHSAG011211', 'lNONHSAG011230', 'lNONHSAG011264', 'lNONHSAG011337', 'lNONHSAG011343', 'lNONHSAG011375', 'lNONHSAG011439', 'lNONHSAG011446', 'lNONHSAG011518', 'lNONHSAG011524', 'lNONHSAG011576', 'lNONHSAG011633', 'lNONHSAG011658', 'lNONHSAG011790', 'lNONHSAG011854', 'lNONHSAG011870', 'lNONHSAG011935', 'lNONHSAG012076', 'lNONHSAG012077', 'lNONHSAG012099', 'lNONHSAG012297', 'lNONHSAG012303', 'lNONHSAG012339', 'lNONHSAG012367', 'lNONHSAG012375', 'lNONHSAG012423', 'lNONHSAG012476', 'lNONHSAG012534', 'lNONHSAG012540', 'lNONHSAG012549', 'lNONHSAG012555', 'lNONHSAG012594', 'lNONHSAG012614', 'lNONHSAG012617', 'lNONHSAG012751', 'lNONHSAG012791', 'lNONHSAG013060', 'lNONHSAG013095', 'lNONHSAG013098', 'lNONHSAG013109', 'lNONHSAG013388', 'lNONHSAG013431', 'lNONHSAG013475', 'lNONHSAG013515', 'lNONHSAG013534', 'lNONHSAG013568', 'lNONHSAG013708', 'lNONHSAG013730', 'lNONHSAG013790', 'lNONHSAG013809', 'lNONHSAG013912', 'lNONHSAG013917', 'lNONHSAG013942', 'lNONHSAG013944', 'lNONHSAG013946', 'lNONHSAG013954', 'lNONHSAG013992', 'lNONHSAG014098', 'lNONHSAG014112', 'lNONHSAG014130', 'lNONHSAG014267', 'lNONHSAG014289', 'lNONHSAG014332', 'lNONHSAG014362', 'lNONHSAG014372', 'lNONHSAG014496', 'lNONHSAG014546', 'lNONHSAG014562', 'lNONHSAG014591', 'lNONHSAG014672', 'lNONHSAG014679', 'lNONHSAG014730', 'lNONHSAG014890', 'lNONHSAG014891', 'lNONHSAG015044', 'lNONHSAG015163', 'lNONHSAG015234', 'lNONHSAG015352', 'lNONHSAG015417', 'lNONHSAG015461', 'lNONHSAG015505', 'lNONHSAG015591', 'lNONHSAG015623', 'lNONHSAG015692', 'lNONHSAG015723', 'lNONHSAG015787', 'lNONHSAG015788', 'lNONHSAG015961', 'lNONHSAG016068', 'lNONHSAG016118', 'lNONHSAG016199', 'lNONHSAG016307', 'lNONHSAG016395', 'lNONHSAG016403', 'lNONHSAG016487', 'lNONHSAG016576', 'lNONHSAG016611', 'lNONHSAG016618', 'lNONHSAG016623', 'lNONHSAG016733', 'lNONHSAG016741', 'lNONHSAG016749', 'lNONHSAG016771', 'lNONHSAG016822', 'lNONHSAG016893', 'lNONHSAG017020', 'lNONHSAG017060', 'lNONHSAG017232', 'lNONHSAG017238', 'lNONHSAG017254', 'lNONHSAG017282', 'lNONHSAG017288', 'lNONHSAG017344', 'lNONHSAG017347', 'lNONHSAG017349', 'lNONHSAG017376', 'lNONHSAG017379', 'lNONHSAG017417', 'lNONHSAG017486', 'lNONHSAG017504', 'lNONHSAG017567', 'lNONHSAG017666', 'lNONHSAG017767', 'lNONHSAG017783', 'lNONHSAG017882', 'lNONHSAG017890', 'lNONHSAG017899', 'lNONHSAG018053', 'lNONHSAG018054', 'lNONHSAG018058', 'lNONHSAG018110', 'lNONHSAG018180', 'lNONHSAG018203', 'lNONHSAG018236', 'lNONHSAG018313', 'lNONHSAG018326', 'lNONHSAG018341', 'lNONHSAG018344', 'lNONHSAG018372', 'lNONHSAG018374', 'lNONHSAG018414', 'lNONHSAG018415', 'lNONHSAG018416', 'lNONHSAG018417', 'lNONHSAG018420', 'lNONHSAG018461', 'lNONHSAG018530', 'lNONHSAG018586', 'lNONHSAG018635', 'lNONHSAG018656', 'lNONHSAG018659', 'lNONHSAG018707', 'lNONHSAG018709', 'lNONHSAG018711', 'lNONHSAG018829', 'lNONHSAG018889', 'lNONHSAG018903', 'lNONHSAG018980', 'lNONHSAG019003', 'lNONHSAG019012', 'lNONHSAG019014', 'lNONHSAG019021', 'lNONHSAG019023', 'lNONHSAG019031', 'lNONHSAG019049', 'lNONHSAG019051', 'lNONHSAG019079', 'lNONHSAG019090', 'lNONHSAG019134', 'lNONHSAG019158', 'lNONHSAG019221', 'lNONHSAG019270', 'lNONHSAG019332', 'lNONHSAG019370', 'lNONHSAG019439', 'lNONHSAG019493', 'lNONHSAG019569', 'lNONHSAG019667', 'lNONHSAG019670', 'lNONHSAG019767', 'lNONHSAG019813', 'lNONHSAG019814', 'lNONHSAG019848', 'lNONHSAG019852', 'lNONHSAG019878', 'lNONHSAG019898', 'lNONHSAG019967', 'lNONHSAG020053', 'lNONHSAG020066', 'lNONHSAG020068', 'lNONHSAG020075', 'lNONHSAG020091', 'lNONHSAG020107', 'lNONHSAG020153', 'lNONHSAG020155', 'lNONHSAG020218', 'lNONHSAG020223', 'lNONHSAG020252', 'lNONHSAG020259', 'lNONHSAG020260', 'lNONHSAG020273', 'lNONHSAG020277', 'lNONHSAG020278', 'lNONHSAG020281', 'lNONHSAG020304', 'lNONHSAG020307', 'lNONHSAG020312', 'lNONHSAG020321', 'lNONHSAG020325', 'lNONHSAG020339', 'lNONHSAG020361', 'lNONHSAG020367', 'lNONHSAG020372', 'lNONHSAG020374', 'lNONHSAG020382', 'lNONHSAG020403', 'lNONHSAG020474', 'lNONHSAG020476', 'lNONHSAG020600', 'lNONHSAG020616', 'lNONHSAG020729', 'lNONHSAG020731', 'lNONHSAG020755', 'lNONHSAG020759', 'lNONHSAG020760', 'lNONHSAG020762', 'lNONHSAG020771', 'lNONHSAG020869', 'lNONHSAG020957', 'lNONHSAG020990', 'lNONHSAG021042', 'lNONHSAG021072', 'lNONHSAG021307', 'lNONHSAG021309', 'lNONHSAG021315', 'lNONHSAG021342', 'lNONHSAG021347', 'lNONHSAG021390', 'lNONHSAG021400', 'lNONHSAG021408', 'lNONHSAG021431', 'lNONHSAG021432', 'lNONHSAG021433', 'lNONHSAG021471', 'lNONHSAG021557', 'lNONHSAG021566', 'lNONHSAG021567', 'lNONHSAG021584', 'lNONHSAG021638', 'lNONHSAG021641', 'lNONHSAG021698', 'lNONHSAG021760', 'lNONHSAG021780', 'lNONHSAG021820', 'lNONHSAG021846', 'lNONHSAG021874', 'lNONHSAG021878', 'lNONHSAG021882', 'lNONHSAG021893', 'lNONHSAG021909', 'lNONHSAG021976', 'lNONHSAG021981', 'lNONHSAG022009', 'lNONHSAG022030', 'lNONHSAG022058', 'lNONHSAG022078', 'lNONHSAG022088', 'lNONHSAG022094', 'lNONHSAG022103', 'lNONHSAG022110', 'lNONHSAG022125', 'lNONHSAG022127', 'lNONHSAG022162', 'lNONHSAG022311', 'lNONHSAG022327', 'lNONHSAG022328', 'lNONHSAG022335', 'lNONHSAG022339', 'lNONHSAG022378', 'lNONHSAG022495', 'lNONHSAG022510', 'lNONHSAG022551', 'lNONHSAG022579', 'lNONHSAG022595', 'lNONHSAG022597', 'lNONHSAG022690', 'lNONHSAG022743', 'lNONHSAG022750', 'lNONHSAG022806', 'lNONHSAG022836', 'lNONHSAG022845', 'lNONHSAG022851', 'lNONHSAG022888', 'lNONHSAG022893', 'lNONHSAG022965', 'lNONHSAG022972', 'lNONHSAG022980', 'lNONHSAG022982', 'lNONHSAG023003', 'lNONHSAG023049', 'lNONHSAG023051', 'lNONHSAG023073', 'lNONHSAG023175', 'lNONHSAG023237', 'lNONHSAG023375', 'lNONHSAG023392', 'lNONHSAG023494', 'lNONHSAG023512', 'lNONHSAG023553', 'lNONHSAG023598', 'lNONHSAG023607', 'lNONHSAG023614', 'lNONHSAG023630', 'lNONHSAG023633', 'lNONHSAG023635', 'lNONHSAG023661', 'lNONHSAG023668', 'lNONHSAG023740', 'lNONHSAG023837', 'lNONHSAG023864', 'lNONHSAG023885', 'lNONHSAG023888', 'lNONHSAG023930', 'lNONHSAG023964', 'lNONHSAG024117', 'lNONHSAG024146', 'lNONHSAG024171', 'lNONHSAG024224', 'lNONHSAG024244', 'lNONHSAG024282', 'lNONHSAG024340', 'lNONHSAG024341', 'lNONHSAG024354', 'lNONHSAG024361', 'lNONHSAG024362', 'lNONHSAG024364', 'lNONHSAG024381', 'lNONHSAG024391', 'lNONHSAG024393', 'lNONHSAG024395', 'lNONHSAG024428', 'lNONHSAG024540', 'lNONHSAG024542', 'lNONHSAG024637', 'lNONHSAG024668', 'lNONHSAG024671', 'lNONHSAG024676', 'lNONHSAG024681', 'lNONHSAG024741', 'lNONHSAG024809', 'lNONHSAG024810', 'lNONHSAG024818', 'lNONHSAG024826', 'lNONHSAG024903', 'lNONHSAG024905', 'lNONHSAG024908', 'lNONHSAG024913', 'lNONHSAG024921', 'lNONHSAG024923', 'lNONHSAG024925', 'lNONHSAG024979', 'lNONHSAG025011', 'lNONHSAG025135', 'lNONHSAG025137', 'lNONHSAG025157', 'lNONHSAG025185', 'lNONHSAG025319', 'lNONHSAG025352', 'lNONHSAG025483', 'lNONHSAG025485', 'lNONHSAG025609', 'lNONHSAG025712', 'lNONHSAG025743', 'lNONHSAG025744', 'lNONHSAG025867', 'lNONHSAG025907', 'lNONHSAG025934', 'lNONHSAG025939', 'lNONHSAG025964', 'lNONHSAG025997', 'lNONHSAG026053', 'lNONHSAG026089', 'lNONHSAG026091', 'lNONHSAG026103', 'lNONHSAG026153', 'lNONHSAG026176', 'lNONHSAG026205', 'lNONHSAG026274', 'lNONHSAG026364', 'lNONHSAG026386', 'lNONHSAG026575', 'lNONHSAG026599', 'lNONHSAG026631', 'lNONHSAG026661', 'lNONHSAG026720', 'lNONHSAG026721', 'lNONHSAG026737', 'lNONHSAG026743', 'lNONHSAG026781', 'lNONHSAG026794', 'lNONHSAG026852', 'lNONHSAG026854', 'lNONHSAG026856', 'lNONHSAG027017', 'lNONHSAG027110', 'lNONHSAG027276', 'lNONHSAG027278', 'lNONHSAG027323', 'lNONHSAG027342', 'lNONHSAG027374', 'lNONHSAG027421', 'lNONHSAG027482', 'lNONHSAG027618', 'lNONHSAG027675', 'lNONHSAG027682', 'lNONHSAG027692', 'lNONHSAG027709', 'lNONHSAG027837', 'lNONHSAG027874', 'lNONHSAG027876', 'lNONHSAG028093', 'lNONHSAG028112', 'lNONHSAG028141', 'lNONHSAG028142', 'lNONHSAG028159', 'lNONHSAG028403', 'lNONHSAG028713', 'lNONHSAG028720', 'lNONHSAG028817', 'lNONHSAG028857', 'lNONHSAG028870', 'lNONHSAG028913', 'lNONHSAG028918', 'lNONHSAG028948', 'lNONHSAG028996', 'lNONHSAG029033', 'lNONHSAG029124', 'lNONHSAG029267', 'lNONHSAG029312', 'lNONHSAG029336', 'lNONHSAG029467', 'lNONHSAG029668', 'lNONHSAG029792', 'lNONHSAG029830', 'lNONHSAG029873', 'lNONHSAG029880', 'lNONHSAG029933', 'lNONHSAG029957', 'lNONHSAG029959', 'lNONHSAG029960', 'lNONHSAG029961', 'lNONHSAG029962', 'lNONHSAG029964', 'lNONHSAG029965', 'lNONHSAG029985', 'lNONHSAG030074', 'lNONHSAG030113', 'lNONHSAG030129', 'lNONHSAG030244', 'lNONHSAG030278', 'lNONHSAG030279', 'lNONHSAG030304', 'lNONHSAG030333', 'lNONHSAG030410', 'lNONHSAG030440', 'lNONHSAG030487', 'lNONHSAG030516', 'lNONHSAG030525', 'lNONHSAG030582', 'lNONHSAG030738', 'lNONHSAG030739', 'lNONHSAG030742', 'lNONHSAG031025', 'lNONHSAG031035', 'lNONHSAG031261', 'lNONHSAG031385', 'lNONHSAG031452', 'lNONHSAG031453', 'lNONHSAG031456', 'lNONHSAG031481', 'lNONHSAG031563', 'lNONHSAG031565', 'lNONHSAG031581', 'lNONHSAG031584', 'lNONHSAG031636', 'lNONHSAG031696', 'lNONHSAG031853', 'lNONHSAG031900', 'lNONHSAG031913', 'lNONHSAG031991', 'lNONHSAG032063', 'lNONHSAG032247', 'lNONHSAG032267', 'lNONHSAG032297', 'lNONHSAG032302', 'lNONHSAG032309', 'lNONHSAG032537', 'lNONHSAG032560', 'lNONHSAG032664', 'lNONHSAG032682', 'lNONHSAG032724', 'lNONHSAG032735', 'lNONHSAG032748', 'lNONHSAG032750', 'lNONHSAG033027', 'lNONHSAG033061', 'lNONHSAG033100', 'lNONHSAG033105', 'lNONHSAG033107', 'lNONHSAG033121', 'lNONHSAG033168', 'lNONHSAG033216', 'lNONHSAG033254', 'lNONHSAG033266', 'lNONHSAG033328', 'lNONHSAG033334', 'lNONHSAG033342', 'lNONHSAG033348', 'lNONHSAG033368', 'lNONHSAG033386', 'lNONHSAG033390', 'lNONHSAG033435', 'lNONHSAG033471', 'lNONHSAG033480', 'lNONHSAG033528', 'lNONHSAG033589', 'lNONHSAG033611', 'lNONHSAG033645', 'lNONHSAG033691', 'lNONHSAG033716', 'lNONHSAG033735', 'lNONHSAG033748', 'lNONHSAG033810', 'lNONHSAG033862', 'lNONHSAG033896', 'lNONHSAG033898', 'lNONHSAG033899', 'lNONHSAG033940', 'lNONHSAG034006', 'lNONHSAG034014', 'lNONHSAG034021', 'lNONHSAG034032', 'lNONHSAG034217', 'lNONHSAG034316', 'lNONHSAG034417', 'lNONHSAG034418', 'lNONHSAG034492', 'lNONHSAG034508', 'lNONHSAG034527', 'lNONHSAG034676', 'lNONHSAG034678', 'lNONHSAG034801', 'lNONHSAG034845', 'lNONHSAG034935', 'lNONHSAG034973', 'lNONHSAG035096', 'lNONHSAG035103', 'lNONHSAG035262', 'lNONHSAG035287', 'lNONHSAG035382', 'lNONHSAG035456', 'lNONHSAG035531', 'lNONHSAG035806', 'lNONHSAG035914', 'lNONHSAG035916', 'lNONHSAG035919', 'lNONHSAG035923', 'lNONHSAG036047', 'lNONHSAG036054', 'lNONHSAG036115', 'lNONHSAG036120', 'lNONHSAG036255', 'lNONHSAG036263', 'lNONHSAG036273', 'lNONHSAG036403', 'lNONHSAG036407', 'lNONHSAG036412', 'lNONHSAG036413', 'lNONHSAG036612', 'lNONHSAG036615', 'lNONHSAG036667', 'lNONHSAG036718', 'lNONHSAG036783', 'lNONHSAG036866', 'lNONHSAG036922', 'lNONHSAG036926', 'lNONHSAG037025', 'lNONHSAG037061', 'lNONHSAG037072', 'lNONHSAG037073', 'lNONHSAG037083', 'lNONHSAG037096', 'lNONHSAG037137', 'lNONHSAG037164', 'lNONHSAG037241', 'lNONHSAG037348', 'lNONHSAG037420', 'lNONHSAG037827', 'lNONHSAG037891', 'lNONHSAG037936', 'lNONHSAG037946', 'lNONHSAG038001', 'lNONHSAG038024', 'lNONHSAG038162', 'lNONHSAG038343', 'lNONHSAG038344', 'lNONHSAG038397', 'lNONHSAG038502', 'lNONHSAG038530', 'lNONHSAG038561', 'lNONHSAG038578', 'lNONHSAG038663', 'lNONHSAG038675', 'lNONHSAG038676', 'lNONHSAG038682', 'lNONHSAG039038', 'lNONHSAG039293', 'lNONHSAG039295', 'lNONHSAG039319', 'lNONHSAG039617', 'lNONHSAG039634', 'lNONHSAG039637', 'lNONHSAG039654', 'lNONHSAG039664', 'lNONHSAG039669', 'lNONHSAG039749', 'lNONHSAG040179', 'lNONHSAG040188', 'lNONHSAG040226', 'lNONHSAG040241', 'lNONHSAG040269', 'lNONHSAG040320', 'lNONHSAG040329', 'lNONHSAG040408', 'lNONHSAG040444', 'lNONHSAG040481', 'lNONHSAG040542', 'lNONHSAG040544', 'lNONHSAG040560', 'lNONHSAG040601', 'lNONHSAG040700', 'lNONHSAG040729', 'lNONHSAG040804', 'lNONHSAG040859', 'lNONHSAG040870', 'lNONHSAG040909', 'lNONHSAG040945', 'lNONHSAG040958', 'lNONHSAG040969', 'lNONHSAG040976', 'lNONHSAG041002', 'lNONHSAG041017', 'lNONHSAG041023', 'lNONHSAG041241', 'lNONHSAG041250', 'lNONHSAG041256', 'lNONHSAG041257', 'lNONHSAG041528', 'lNONHSAG041529', 'lNONHSAG041670', 'lNONHSAG041716', 'lNONHSAG041758', 'lNONHSAG041844', 'lNONHSAG041883', 'lNONHSAG041938', 'lNONHSAG041966', 'lNONHSAG041981', 'lNONHSAG042033', 'lNONHSAG042050', 'lNONHSAG042062', 'lNONHSAG042080', 'lNONHSAG042132', 'lNONHSAG042218', 'lNONHSAG042257', 'lNONHSAG042270', 'lNONHSAG042306', 'lNONHSAG042307', 'lNONHSAG042370', 'lNONHSAG042433', 'lNONHSAG042476', 'lNONHSAG042491', 'lNONHSAG042500', 'lNONHSAG042724', 'lNONHSAG042836', 'lNONHSAG042855', 'lNONHSAG042957', 'lNONHSAG042966', 'lNONHSAG042970', 'lNONHSAG042991', 'lNONHSAG043138', 'lNONHSAG043159', 'lNONHSAG043229', 'lNONHSAG043250', 'lNONHSAG043303', 'lNONHSAG043433', 'lNONHSAG043550', 'lNONHSAG043592', 'lNONHSAG043625', 'lNONHSAG043657', 'lNONHSAG043770', 'lNONHSAG043851', 'lNONHSAG043934', 'lNONHSAG044022', 'lNONHSAG044041', 'lNONHSAG044064', 'lNONHSAG044283', 'lNONHSAG044350', 'lNONHSAG044406', 'lNONHSAG044533', 'lNONHSAG044624', 'lNONHSAG044666', 'lNONHSAG044709', 'lNONHSAG044751', 'lNONHSAG045131', 'lNONHSAG045160', 'lNONHSAG045163', 'lNONHSAG045166', 'lNONHSAG045306', 'lNONHSAG045383', 'lNONHSAG045430', 'lNONHSAG046722', 'lNONHSAG046730', 'lNONHSAG046765', 'lNONHSAG046781', 'lNONHSAG046811', 'lNONHSAG046839', 'lNONHSAG046953', 'lNONHSAG047182', 'lNONHSAG047191', 'lNONHSAG047197', 'lNONHSAG047260', 'lNONHSAG047319', 'lNONHSAG047433', 'lNONHSAG047469', 'lNONHSAG047471', 'lNONHSAG047507', 'lNONHSAG047543', 'lNONHSAG047544', 'lNONHSAG047547', 'lNONHSAG047619', 'lNONHSAG047620', 'lNONHSAG047725', 'lNONHSAG047792', 'lNONHSAG047796', 'lNONHSAG047830', 'lNONHSAG047840', 'lNONHSAG047842', 'lNONHSAG047851', 'lNONHSAG047951', 'lNONHSAG047973', 'lNONHSAG047974', 'lNONHSAG048101', 'lNONHSAG048114', 'lNONHSAG048189', 'lNONHSAG048191', 'lNONHSAG048201', 'lNONHSAG048228', 'lNONHSAG048231', 'lNONHSAG048270', 'lNONHSAG048302', 'lNONHSAG048323', 'lNONHSAG048354', 'lNONHSAG048439', 'lNONHSAG048464', 'lNONHSAG048598', 'lNONHSAG048602', 'lNONHSAG048603', 'lNONHSAG048610', 'lNONHSAG048624', 'lNONHSAG048626', 'lNONHSAG048682', 'lNONHSAG048695', 'lNONHSAG048781', 'lNONHSAG049037', 'lNONHSAG049050', 'lNONHSAG049051', 'lNONHSAG049119', 'lNONHSAG049129', 'lNONHSAG049157', 'lNONHSAG049185', 'lNONHSAG049191', 'lNONHSAG049303', 'lNONHSAG049356', 'lNONHSAG049421', 'lNONHSAG049507', 'lNONHSAG049626', 'lNONHSAG049655', 'lNONHSAG049754', 'lNONHSAG049801', 'lNONHSAG049901', 'lNONHSAG050073', 'lNONHSAG050104', 'lNONHSAG050167', 'lNONHSAG050168', 'lNONHSAG050272', 'lNONHSAG050273', 'lNONHSAG050284', 'lNONHSAG050345', 'lNONHSAG050423', 'lNONHSAG050445', 'lNONHSAG050493', 'lNONHSAG050518', 'lNONHSAG050670', 'lNONHSAG050725', 'lNONHSAG050769', 'lNONHSAG050786', 'lNONHSAG050815', 'lNONHSAG050929', 'lNONHSAG050985', 'lNONHSAG051010', 'lNONHSAG051015', 'lNONHSAG051166', 'lNONHSAG051196', 'lNONHSAG051245', 'lNONHSAG051250', 'lNONHSAG051255', 'lNONHSAG051259', 'lNONHSAG051260', 'lNONHSAG051263', 'lNONHSAG051266', 'lNONHSAG051291', 'lNONHSAG051448', 'lNONHSAG051454', 'lNONHSAG051484', 'lNONHSAG051514', 'lNONHSAG051517', 'lNONHSAG051523', 'lNONHSAG051542', 'lNONHSAG051567', 'lNONHSAG051568', 'lNONHSAG051603', 'lNONHSAG051898', 'lNONHSAG051958', 'lNONHSAG052046', 'lNONHSAG052082', 'lNONHSAG052097', 'lNONHSAG052119', 'lNONHSAG052149', 'lNONHSAG052151', 'lNONHSAG052179', 'lNONHSAG052454', 'lNONHSAG052459', 'lNONHSAG052491', 'lNONHSAG052492', 'lNONHSAG052495', 'lNONHSAG052510', 'lNONHSAG052511', 'lNONHSAG052609', 'lNONHSAG052680', 'lNONHSAG052686', 'lNONHSAG052709', 'lNONHSAG052726', 'lNONHSAG052853', 'lNONHSAG052908', 'lNONHSAG052925', 'lNONHSAG052929', 'lNONHSAG052931', 'lNONHSAG052933', 'lNONHSAG052943', 'lNONHSAG053007', 'lNONHSAG053082', 'lNONHSAG053108', 'lNONHSAG053162', 'lNONHSAG053228', 'lNONHSAG053419', 'lNONHSAG053456', 'lNONHSAG053499', 'lNONHSAG053500', 'lNONHSAG053502', 'lNONHSAG053546', 'lNONHSAG053547', 'lNONHSAG053590', 'lNONHSAG053602', 'lNONHSAG053626', 'lNONHSAG053631', 'lNONHSAG053651', 'lNONHSAG053716', 'lNONHSAG053719', 'lNONHSAG053748', 'lNONHSAG053802', 'lNONHSAG053842', 'lNONHSAG054024', 'lNONHSAG054038', 'lNONHSAG054212', 'lNONHSAG054213', 'lNONHSAG054214', 'lNONHSAG054215', 'lNONHSAG054216', 'lNONHSAG054301', 'lNONHSAG054360', 'lNONHSAG054432', 'lNONHSAG054699', 'lNONHSAG054716', 'lNONHSAG054717', 'lNONHSAG054718', 'lNONHSAG054780', 'lNONHSAG054791', 'lNONHSAG054807', 'lNONHSAG054832', 'lNONHSAG055008', 'lNONHSAG055088', 'lNONHSAG055092', 'lNONHSAG055151', 'lNONHSAG055350', 'lNONHSAG055418', 'lNONHSAG055450', 'lNONHSAG055546', 'lNONHSAG055558', 'lNONHSAG055565', 'lNONHSAG055577', 'lNONHSAG055582', 'lNONHSAG056025', 'lNONHSAG056029', 'lNONHSAG056053', 'lNONHSAG056451', 'lNONHSAG056733', 'lNONHSAG056746', 'lNONHSAG056868', 'lNONHSAG056875', 'lNONHSAG057043', 'lNONHSAG057222', 'lNONHSAG057260', 'lNONHSAG058006', 'lNONHSAG058109', 'lNONHSAG058112', 'lNONHSAG058118', 'lNONHSAG058128', 'lNONHSAG058533', 'lNONHSAG058967', 'lNONHSAG059768', 'lNONHSAG060586', 'lNONHSAG061404', 'lNONHSAG063700', 'lNONHSAG064784', 'lNONHSAG064962', 'lNONHSAG065252', 'lNONHSAG065364', 'lNONHSAG066253', 'lNONHSAG068402', 'lNONHSAG069030', 'lNONHSAG069147', 'lNONHSAG069277', 'lNONHSAG069876', 'lNONHSAG070257', 'lNONHSAG071444', 'lNONHSAG072176', 'lNONHSAG072945', 'lNONHSAG073025', 'lNONHSAG073380', 'lNONHSAG073406', 'lNONHSAG073419', 'lNONHSAG073786', 'lNONHSAG074661', 'lNONHSAG077527', 'lNONHSAG077551', 'lNONHSAG079231', 'lNONHSAG081227', 'lNONHSAG081583', 'lNONHSAG082891', 'lNONHSAG083209', 'lNONHSAG083289', 'lNONHSAG083859', 'lNONHSAG083883', 'lNONHSAG084701', 'lNONHSAG084832', 'lNONHSAG084937', 'lNONHSAG085975', 'lNONHSAG088562', 'lNONHSAG089857', 'lNONHSAG091116', 'lNONHSAG091284', 'lNONHSAG091452', 'lNONHSAG091943', 'lNONHSAG092907', 'lNONHSAG093064', 'lNONHSAG093078', 'lNONHSAG094129', 'lNONHSAG094269', 'lNONHSAG096130', 'lNONHSAG096227', 'lNONHSAG096230', 'lNONHSAG096627', 'lNONHSAG097344', 'lNONHSAG098653', 'lNONHSAG099082', 'lNONHSAG099120', 'lNONHSAG099126', 'lNONHSAG099742', 'lNONHSAG101229', 'lNONHSAG101725', 'lNONHSAG102572', 'lNONHSAG102979', 'lNONHSAG103259', 'lNONHSAG103457', 'lNONHSAG103817', 'lNONHSAG104186', 'lNONHSAG110420', 'lNONHSAG110858', 'lNONHSAG111667', 'lNONHSAG112396', 'lNONHSAG113761', 'lNONHSAG114445', 'lENSG00000103472', 'lENSG00000163364', 'lENSG00000171889', 'lENSG00000175061', 'lENSG00000177410', 'lENSG00000179406', 'lENSG00000179523', 'lENSG00000189295', 'lENSG00000198221', 'lENSG00000198468', 'lENSG00000203497', 'lENSG00000205611', 'lENSG00000223764', 'lENSG00000223783', 'lENSG00000224057', 'lENSG00000224078', 'lENSG00000224614', 'lENSG00000225506', 'lENSG00000225855', 'lENSG00000226115', 'lENSG00000227082', 'lENSG00000227256', 'lENSG00000228526', 'lENSG00000229267', 'lENSG00000229335', 'lENSG00000229388', 'lENSG00000230046', 'lENSG00000230061', 'lENSG00000230313', 'lENSG00000230400', 'lENSG00000230866', 'lENSG00000231019', 'lENSG00000231437', 'lENSG00000231473', 'lENSG00000232265', 'lENSG00000232415', 'lENSG00000232442', 'lENSG00000232500', 'lENSG00000233047', 'lENSG00000233387', 'lENSG00000233532', 'lENSG00000233590', 'lENSG00000234169', 'lENSG00000234222', 'lENSG00000234455', 'lENSG00000234546', 'lENSG00000234625', 'lENSG00000235385', 'lENSG00000235535', 'lENSG00000235724', 'lENSG00000236240', 'lENSG00000236535', 'lENSG00000236671', 'lENSG00000237167', 'lENSG00000237396', 'lENSG00000237880', 'lENSG00000242207', 'lENSG00000243479', 'lENSG00000244124', 'lENSG00000245067', 'lENSG00000245146', 'lENSG00000246560', 'lENSG00000247095', 'lENSG00000247373', 'lENSG00000247400', 'lENSG00000247498', 'lENSG00000249532', 'lENSG00000249786', 'lENSG00000249835', 'lENSG00000249993', 'lENSG00000250635', 'lENSG00000251003', 'lENSG00000251061', 'lENSG00000253315', 'lENSG00000254418', 'lENSG00000254480', 'lENSG00000254508', 'lENSG00000254635', 'lENSG00000254791', 'lENSG00000255363', 'lENSG00000255427', 'lENSG00000255553', 'lENSG00000255850', 'lENSG00000256742', 'lENSG00000256769', 'lENSG00000257084', 'lENSG00000257557', 'lENSG00000258197', 'lENSG00000258912', 'lENSG00000259289', 'lENSG00000259424', 'lENSG00000260219', 'lENSG00000260280', 'lENSG00000260455', 'lENSG00000260924', 'lENSG00000260969', 'lENSG00000261183', 'lENSG00000261423', 'lENSG00000261780', 'lENSG00000263718', 'lENSG00000264672', 'lENSG00000266402', 'lENSG00000266970', 'lENSG00000267296', 'lENSG00000267321', 'lENSG00000267395', 'lENSG00000267413', 'lENSG00000267440', 'lENSG00000267858', 'lENSG00000269019', 'lENSG00000269939', 'lENSG00000270084', 'lENSG00000270344', 'lENSG00000270959', 'lENSG00000272769', 'lENSG00000274372', 'lENSG00000278709', 'lENSG00000278970', 'lENSG00000281189', 'lENSG00000284070', 'lENSG00000285644', 'lENSG00000286004', 'lENSG00000286737', 'lENSG00000288080', 'lENSG00000224167', 'lENSG00000224739', 'lADAMTS9-AS2', 'lAQP4-AS1', 'lASMTL-AS1', 'lBANCR', 'lCCAT2', 'lCDKN2B-AS1', 'lCRNDE', 'lDLX6-AS1', 'lEGOT', 'lFEZF1-AS1', 'lGATA3-AS1', 'lGATA6-AS1', 'lHEIH', 'lHOTAIRM1', 'lHOXA-AS3', 'lINHBA-AS1', 'lJPX', 'lJRK', 'lKTN1-AS1', 'lLINC00173', 'lLINC00174', 'lLINC00240', 'lLINC00333', 'lLINC00472', 'lMCM3AP-AS1', 'lMEG3', 'lMIR181A1HG', 'lMIR31HG', 'lPANDAR', 'lPCGEM1', 'lPVT1', 'lRHPN1-AS1', 'lRMST', 'lSNHG15', 'lSNHG16', 'lSNX29P2', 'lTEN1-CDK3', 'lTPTEP1', 'lTRAM2-AS1', 'lVCAN-AS1', 'lZFAS1', 'lZNF286B', 'lZNF503-AS2', 'lLINC00461', 'lLINC00514', 'lSLC2A1-AS1', 'lSRP14-AS1', 'lAC007009.1', 'lPWAR6', 'lAC004840.8', 'lAC061992.2', 'lAC103564.7', 'lAC135048.13', 'lAC137723.5', 'lAC137932.5', 'lAL928742.12', 'lAP001058.3', 'lCTB-60B18.10', 'lCTB-91J4.1', 'lCTC-338M12.2', 'lCTD-2165H16.4', 'lCTD-2195B23.3', 'lCTD-2540L5.5', 'lKB-7G2.8', 'lLA16c-321D4.2', 'lLA16c-380H5.3', 'lLL22NC03-23C6.13', 'lRP1-283E3.8', 'lRP11-100F15.1', 'lRP11-104E19.1', 'lRP11-108M9.3', 'lRP11-123O10.4', 'lRP11-137H2.4', 'lRP11-197N18.2', 'lRP11-21J18.1', 'lRP11-227H15.4', 'lRP11-243J18.2', 'lRP11-24P14.1', 'lRP11-264B17.3', 'lRP11-276H7.2', 'lRP11-2C24.4', 'lRP11-305P14.1', 'lRP11-439K3.1', 'lRP11-467J12.4', 'lRP11-514P8.8', 'lRP11-54O7.3', 'lRP11-550C4.6', 'lRP11-680A11.5', 'lRP4-756H11.3', 'lRP4-790G17.7', 'lRP5-1074L1.1', 'lRP5-1160K1.8', 'lXXbac-B444P24.8', 'lXXbac-BPG300A18.13', 'lAC018766.4', 'lCTD-2231H16.1', 'lHNRNPU-AS1', 'lRP11-429J17.8', 'lRP11-672A2.1', 'lRP5-1063M23.1', 'lRP11-495P10.8', 'lCTA-250D10.23', 'lRP4-610C12.4', 'lLINC00035', 'lRP11-408H20.2', 'lNONHSAG000265', 'lNONHSAG000297', 'lNONHSAG000298', 'lNONHSAG000623', 'lNONHSAG000636', 'lNONHSAG000677', 'lNONHSAG000969', 'lNONHSAG000994', 'lNONHSAG001008', 'lNONHSAG001014', 'lNONHSAG001028', 'lNONHSAG001030', 'lNONHSAG001033', 'lNONHSAG001147', 'lNONHSAG001171', 'lNONHSAG001207', 'lNONHSAG001240', 'lNONHSAG001258', 'lNONHSAG001419', 'lNONHSAG001435', 'lNONHSAG001613', 'lNONHSAG002403', 'lNONHSAG002619', 'lNONHSAG002726', 'lNONHSAG002790', 'lNONHSAG002816', 'lNONHSAG003227', 'lNONHSAG003418', 'lNONHSAG003459', 'lNONHSAG003810', 'lNONHSAG003881', 'lNONHSAG004227', 'lNONHSAG004351', 'lNONHSAG004475', 'lNONHSAG004507', 'lNONHSAG004638', 'lNONHSAG004893', 'lNONHSAG005249', 'lNONHSAG005363', 'lNONHSAG005522', 'lNONHSAG005652', 'lNONHSAG005679', 'lNONHSAG005690', 'lNONHSAG005717', 'lNONHSAG005725', 'lNONHSAG005727', 'lNONHSAG005739', 'lNONHSAG005740', 'lNONHSAG005746', 'lNONHSAG005760', 'lNONHSAG005761', 'lNONHSAG005769', 'lNONHSAG005789', 'lNONHSAG005797', 'lNONHSAG005809', 'lNONHSAG005821', 'lNONHSAG005830', 'lNONHSAG005842', 'lNONHSAG005847', 'lNONHSAG005851', 'lNONHSAG005852', 'lNONHSAG005853', 'lNONHSAG005855', 'lNONHSAG005856', 'lNONHSAG005857', 'lNONHSAG005859', 'lNONHSAG005862', 'lNONHSAG005867', 'lNONHSAG005870', 'lNONHSAG005885', 'lNONHSAG005901', 'lNONHSAG005935', 'lNONHSAG005936', 'lNONHSAG005939', 'lNONHSAG005985', 'lNONHSAG005986', 'lNONHSAG006012', 'lNONHSAG006022', 'lNONHSAG006091', 'lNONHSAG006097', 'lNONHSAG006103', 'lNONHSAG006160', 'lNONHSAG006166', 'lNONHSAG006183', 'lNONHSAG006187', 'lNONHSAG006188', 'lNONHSAG006206', 'lNONHSAG006220', 'lNONHSAG006221', 'lNONHSAG006235', 'lNONHSAG006240', 'lNONHSAG006274', 'lNONHSAG006279', 'lNONHSAG006290', 'lNONHSAG006293', 'lNONHSAG006300', 'lNONHSAG006314', 'lNONHSAG006324', 'lNONHSAG006376', 'lNONHSAG006382', 'lNONHSAG006388', 'lNONHSAG006395', 'lNONHSAG006405', 'lNONHSAG006407', 'lNONHSAG006412', 'lNONHSAG006415', 'lNONHSAG006434', 'lNONHSAG006440', 'lNONHSAG006450', 'lNONHSAG006459', 'lNONHSAG006479', 'lNONHSAG006487', 'lNONHSAG006493', 'lNONHSAG006507', 'lNONHSAG006527', 'lNONHSAG006536', 'lNONHSAG006551', 'lNONHSAG006554', 'lNONHSAG006555', 'lNONHSAG006557', 'lNONHSAG006573', 'lNONHSAG006576', 'lNONHSAG006579', 'lNONHSAG006586', 'lNONHSAG006591', 'lNONHSAG006602', 'lNONHSAG006646', 'lNONHSAG006653', 'lNONHSAG006669', 'lNONHSAG006716', 'lNONHSAG006748', 'lNONHSAG006750', 'lNONHSAG006765', 'lNONHSAG006779', 'lNONHSAG006830', 'lNONHSAG006832', 'lNONHSAG006837', 'lNONHSAG006855', 'lNONHSAG006863', 'lNONHSAG006883', 'lNONHSAG006889', 'lNONHSAG006894', 'lNONHSAG006897', 'lNONHSAG006909', 'lNONHSAG006915', 'lNONHSAG006922', 'lNONHSAG006967', 'lNONHSAG006970', 'lNONHSAG006976', 'lNONHSAG007000', 'lNONHSAG007008', 'lNONHSAG007020', 'lNONHSAG007023', 'lNONHSAG007029', 'lNONHSAG007031', 'lNONHSAG007035', 'lNONHSAG007063', 'lNONHSAG007065', 'lNONHSAG007087', 'lNONHSAG007093', 'lNONHSAG007103', 'lNONHSAG007123', 'lNONHSAG007139', 'lNONHSAG007155', 'lNONHSAG007166', 'lNONHSAG007172', 'lNONHSAG007203', 'lNONHSAG007222', 'lNONHSAG007224', 'lNONHSAG007225', 'lNONHSAG007242', 'lNONHSAG007259', 'lNONHSAG007268', 'lNONHSAG007278', 'lNONHSAG007286', 'lNONHSAG007298', 'lNONHSAG007414', 'lNONHSAG007419', 'lNONHSAG007429', 'lNONHSAG007458', 'lNONHSAG007488', 'lNONHSAG007507', 'lNONHSAG007531', 'lNONHSAG007533', 'lNONHSAG007543', 'lNONHSAG007544', 'lNONHSAG007554', 'lNONHSAG007563', 'lNONHSAG007574', 'lNONHSAG007578', 'lNONHSAG007587', 'lNONHSAG007599', 'lNONHSAG007621', 'lNONHSAG007632', 'lNONHSAG007638', 'lNONHSAG007932', 'lENSG00000083622', 'lENSG00000105501', 'lENSG00000122043', 'lENSG00000149443', 'lENSG00000167920', 'lENSG00000175746', 'lENSG00000178248', 'lENSG00000197644', 'lENSG00000197880', 'lENSG00000198054', 'lENSG00000198671', 'lENSG00000203307', 'lENSG00000203434', 'lENSG00000203469', 'lENSG00000203472', 'lENSG00000203565', 'lENSG00000204393', 'lENSG00000204464', 'lENSG00000205018', 'lENSG00000205452', 'lENSG00000205500', 'lENSG00000212856', 'lENSG00000219410', 'lENSG00000222000', 'lENSG00000222032', 'lENSG00000223381', 'lENSG00000223387', 'lENSG00000223400', 'lENSG00000223537', 'lENSG00000223563', 'lENSG00000223598', 'lENSG00000223641', 'lENSG00000223643', 'lENSG00000223647', 'lENSG00000223720', 'lENSG00000223727', 'lENSG00000223786', 'lENSG00000223831', 'lENSG00000223870', 'lENSG00000223881', 'lENSG00000223966', 'lENSG00000223993', 'lENSG00000224031', 'lENSG00000224087', 'lENSG00000224095', 'lENSG00000224220', 'lENSG00000224277', 'lENSG00000224330', 'lENSG00000224384', 'lENSG00000224500', 'lENSG00000224535', 'lENSG00000224549', 'lENSG00000224595', 'lENSG00000224645', 'lENSG00000224655', 'lENSG00000224794', 'lENSG00000224821', 'lENSG00000224844', 'lENSG00000224857', 'lENSG00000224885', 'lENSG00000224922', 'lENSG00000224972', 'lENSG00000225050', 'lENSG00000225129', 'lENSG00000225146', 'lENSG00000225218', 'lENSG00000225325', 'lENSG00000225334', 'lENSG00000225378', 'lENSG00000225457', 'lENSG00000225537', 'lENSG00000225570', 'lENSG00000225588', 'lENSG00000225647', 'lENSG00000225750', 'lENSG00000225751', 'lENSG00000225761', 'lENSG00000225798', 'lENSG00000225886', 'lENSG00000225919', 'lENSG00000225929', 'lENSG00000226089', 'lENSG00000226133', 'lENSG00000226143', 'lENSG00000226193', 'lENSG00000226194', 'lENSG00000226238', 'lENSG00000226323', 'lENSG00000226352', 'lENSG00000226398', 'lENSG00000226442', 'lENSG00000226486', 'lENSG00000226522', 'lENSG00000226542', 'lENSG00000226562', 'lENSG00000226566', 'lENSG00000226601', 'lENSG00000226647', 'lENSG00000226699', 'lENSG00000226770', 'lENSG00000226813', 'lENSG00000226883', 'lENSG00000226925', 'lENSG00000226956', 'lENSG00000226957', 'lENSG00000227075', 'lENSG00000227076', 'lENSG00000227125', 'lENSG00000227131', 'lENSG00000227181', 'lENSG00000227197', 'lENSG00000227330', 'lENSG00000227360', 'lENSG00000227409', 'lENSG00000227459', 'lENSG00000227482', 'lENSG00000227496', 'lENSG00000227509', 'lENSG00000227512', 'lENSG00000227549', 'lENSG00000227579', 'lENSG00000227606', 'lENSG00000227611', 'lENSG00000227680', 'lENSG00000227716', 'lENSG00000227718', 'lENSG00000227863', 'lENSG00000227893', 'lENSG00000227930', 'lENSG00000227958', 'lENSG00000227960', 'lENSG00000228028', 'lENSG00000228082', 'lENSG00000228108', 'lENSG00000228136', 'lENSG00000228170', 'lENSG00000228215', 'lENSG00000228231', 'lENSG00000228261', 'lENSG00000228272', 'lENSG00000228351', 'lENSG00000228372', 'lENSG00000228383', 'lENSG00000228470', 'lENSG00000228485', 'lENSG00000228596', 'lENSG00000228627', 'lENSG00000228804', 'lENSG00000228826', 'lENSG00000228852', 'lENSG00000228939', 'lENSG00000229152', 'lENSG00000229162', 'lENSG00000229167', 'lENSG00000229224', 'lENSG00000229283', 'lENSG00000229297', 'lENSG00000229331', 'lENSG00000229345', 'lENSG00000229379', 'lENSG00000229444', 'lENSG00000229457', 'lENSG00000229487', 'lENSG00000229498', 'lENSG00000229502', 'lENSG00000229528', 'lENSG00000229531', 'lENSG00000229673', 'lENSG00000229679', 'lENSG00000229688', 'lENSG00000229848', 'lENSG00000229851', 'lENSG00000229953', 'lENSG00000229999', 'lENSG00000230010', 'lENSG00000230065', 'lENSG00000230105', 'lENSG00000230109', 'lENSG00000230121', 'lENSG00000230131', 'lENSG00000230153', 'lENSG00000230155', 'lENSG00000230190', 'lENSG00000230197', 'lENSG00000230212', 'lENSG00000230233', 'lENSG00000230323', 'lENSG00000230432', 'lENSG00000230483', 'lENSG00000230499', 'lENSG00000230668', 'lENSG00000230735', 'lENSG00000230741', 'lENSG00000230759', 'lENSG00000230790', 'lENSG00000230794', 'lENSG00000230826', 'lENSG00000230830', 'lENSG00000230912', 'lENSG00000230918', 'lENSG00000231081', 'lENSG00000231082', 'lENSG00000231102', 'lENSG00000231114', 'lENSG00000231143', 'lENSG00000231253', 'lENSG00000231272', 'lENSG00000231407', 'lENSG00000231413', 'lENSG00000231440', 'lENSG00000231492', 'lENSG00000231496', 'lENSG00000231539', 'lENSG00000231597', 'lENSG00000231678', 'lENSG00000231681', 'lENSG00000231724', 'lENSG00000231760', 'lENSG00000231772', 'lENSG00000231781', 'lENSG00000231912', 'lENSG00000231914', 'lENSG00000231937', 'lENSG00000231953', 'lENSG00000231964', 'lENSG00000232031', 'lENSG00000232072', 'lENSG00000232086', 'lENSG00000232120', 'lENSG00000232192', 'lENSG00000232197', 'lENSG00000232252', 'lENSG00000232286', 'lENSG00000232310', 'lENSG00000232328', 'lENSG00000232335', 'lENSG00000232359', 'lENSG00000232363', 'lENSG00000232396', 'lENSG00000232464', 'lENSG00000232465', 'lENSG00000232564', 'lENSG00000232604', 'lENSG00000232710', 'lENSG00000232719', 'lENSG00000232746', 'lENSG00000232806', 'lENSG00000232893', 'lENSG00000232895', 'lENSG00000232930', 'lENSG00000232939', 'lENSG00000232964', 'lENSG00000233070', 'lENSG00000233079', 'lENSG00000233178', 'lENSG00000233179', 'lENSG00000233219', 'lENSG00000233222', 'lENSG00000233330', 'lENSG00000233339', 'lENSG00000233472', 'lENSG00000233479', 'lENSG00000233574', 'lENSG00000233581', 'lENSG00000233613', 'lENSG00000233625', 'lENSG00000233665', 'lENSG00000233689', 'lENSG00000233706', 'lENSG00000233851', 'lENSG00000233953', 'lENSG00000233960', 'lENSG00000233985', 'lENSG00000234021', 'lENSG00000234055', 'lENSG00000234149', 'lENSG00000234160', 'lENSG00000234172', 'lENSG00000234191', 'lENSG00000234318', 'lENSG00000234504', 'lENSG00000234567', 'lENSG00000234622', 'lENSG00000234626', 'lENSG00000234653', 'lENSG00000234690', 'lENSG00000234714', 'lENSG00000234756', 'lENSG00000234900', 'lENSG00000234953', 'lENSG00000234961', 'lENSG00000234979', 'lENSG00000235011', 'lENSG00000235035', 'lENSG00000235050', 'lENSG00000235059', 'lENSG00000235086', 'lENSG00000235168', 'lENSG00000235262', 'lENSG00000235494', 'lENSG00000235503', 'lENSG00000235533', 'lENSG00000235628', 'lENSG00000235635', 'lENSG00000235637', 'lENSG00000235786', 'lENSG00000235813', 'lENSG00000236022', 'lENSG00000236031', 'lENSG00000236065', 'lENSG00000236109', 'lENSG00000236242', 'lENSG00000236267', 'lENSG00000236272', 'lENSG00000236324', 'lENSG00000236326', 'lENSG00000236358', 'lENSG00000236366', 'lENSG00000236414', 'lENSG00000236452', 'lENSG00000236463', 'lENSG00000236662', 'lENSG00000236723', 'lENSG00000236744', 'lENSG00000236758', 'lENSG00000236800', 'lENSG00000236828', 'lENSG00000236854', 'lENSG00000236921', 'lENSG00000236951', 'lENSG00000236953', 'lENSG00000236975', 'lENSG00000237015', 'lENSG00000237058', 'lENSG00000237200', 'lENSG00000237293', 'lENSG00000237312', 'lENSG00000237324', 'lENSG00000237331', 'lENSG00000237373', 'lENSG00000237435', 'lENSG00000237463', 'lENSG00000237477', 'lENSG00000237481', 'lENSG00000237494', 'lENSG00000237520', 'lENSG00000237571', 'lENSG00000237576', 'lENSG00000237581', 'lENSG00000237687', 'lENSG00000237734', 'lENSG00000237756', 'lENSG00000237768', 'lENSG00000237802', 'lENSG00000237919', 'lENSG00000237921', 'lENSG00000237937', 'lENSG00000237993', 'lENSG00000238131', 'lENSG00000238140', 'lENSG00000238185', 'lENSG00000238282', 'lENSG00000238291', 'lENSG00000239314', 'lENSG00000239415', 'lENSG00000239482', 'lENSG00000239593', 'lENSG00000240354', 'lENSG00000240868', 'lENSG00000241383', 'lENSG00000241397', 'lENSG00000241577', 'lENSG00000241666', 'lENSG00000241985', 'lENSG00000242012', 'lENSG00000242072', 'lENSG00000242339', 'lENSG00000242545', 'lENSG00000242568', 'lENSG00000242618', 'lENSG00000242795', 'lENSG00000242861', 'lENSG00000243230', 'lENSG00000243273', 'lENSG00000243368', 'lENSG00000243797', 'lENSG00000243903', 'lENSG00000243961', 'lENSG00000244278', 'lENSG00000244327', 'lENSG00000244461', 'lENSG00000244701', 'lENSG00000245385', 'lENSG00000246541', 'lENSG00000247867', 'lENSG00000248125', 'lENSG00000248145', 'lENSG00000248148', 'lENSG00000248172', 'lENSG00000248245', 'lENSG00000248358', 'lENSG00000248373', 'lENSG00000248393', 'lENSG00000248397', 'lENSG00000248416', 'lENSG00000248457', 'lENSG00000248482', 'lENSG00000248490', 'lENSG00000248576', 'lENSG00000248599', 'lENSG00000248627', 'lENSG00000248758', 'lENSG00000248789', 'lENSG00000248802', 'lENSG00000248925', 'lENSG00000248935', 'lENSG00000248969', 'lENSG00000248975', 'lENSG00000248984', 'lENSG00000248995', 'lENSG00000249066', 'lENSG00000249071', 'lENSG00000249099', 'lENSG00000249111', 'lENSG00000249114', 'lENSG00000249297', 'lENSG00000249334', 'lENSG00000249382', 'lENSG00000249409', 'lENSG00000249419', 'lENSG00000249426', 'lENSG00000249451', 'lENSG00000249474', 'lENSG00000249547', 'lENSG00000249605', 'lENSG00000249613', 'lENSG00000249706', 'lENSG00000249742', 'lENSG00000249753', 'lENSG00000249806', 'lENSG00000249830', 'lENSG00000249892', 'lENSG00000250092', 'lENSG00000250186', 'lENSG00000250195', 'lENSG00000250524', 'lENSG00000250541', 'lENSG00000250629', 'lENSG00000250646', 'lENSG00000250657', 'lENSG00000250665', 'lENSG00000250698', 'lENSG00000250761', 'lENSG00000250791', 'lENSG00000250820', 'lENSG00000250855', 'lENSG00000250865', 'lENSG00000250866', 'lENSG00000250877', 'lENSG00000250910', 'lENSG00000250917', 'lENSG00000250929', 'lENSG00000250945', 'lENSG00000250950', 'lENSG00000250955', 'lENSG00000250993', 'lENSG00000251059', 'lENSG00000251072', 'lENSG00000251088', 'lENSG00000251256', 'lENSG00000251266', 'lENSG00000251281', 'lENSG00000251283', 'lENSG00000251412', 'lENSG00000251414', 'lENSG00000251438', 'lENSG00000251688', 'lENSG00000253134', 'lENSG00000253142', 'lENSG00000253147', 'lENSG00000253171', 'lENSG00000253189', 'lENSG00000253356', 'lENSG00000253397', 'lENSG00000253456', 'lENSG00000253503', 'lENSG00000253507', 'lENSG00000253526', 'lENSG00000253530', 'lENSG00000253539', 'lENSG00000253577', 'lENSG00000253616', 'lENSG00000253619', 'lENSG00000253627', 'lENSG00000253643', 'lENSG00000253645', 'lENSG00000253660', 'lENSG00000253717', 'lENSG00000253722', 'lENSG00000253782', 'lENSG00000253834', 'lENSG00000253851', 'lENSG00000253858', 'lENSG00000253865', 'lENSG00000253871', 'lENSG00000253875', 'lENSG00000253880', 'lENSG00000253927', 'lENSG00000253976', 'lENSG00000254011', 'lENSG00000254021', 'lENSG00000254026', 'lENSG00000254031', 'lENSG00000254033', 'lENSG00000254035', 'lENSG00000254043', 'lENSG00000254084', 'lENSG00000254141', 'lENSG00000254177', 'lENSG00000254207', 'lENSG00000254239', 'lENSG00000254242', 'lENSG00000254263', 'lENSG00000254314', 'lENSG00000254330', 'lENSG00000254347', 'lENSG00000254350', 'lENSG00000254428', 'lENSG00000254429', 'lENSG00000254516', 'lENSG00000254526', 'lENSG00000254559', 'lENSG00000254563', 'lENSG00000254574', 'lENSG00000254592', 'lENSG00000254604', 'lENSG00000254620', 'lENSG00000254626', 'lENSG00000254627', 'lENSG00000254689', 'lENSG00000254739', 'lENSG00000254775', 'lENSG00000254787', 'lENSG00000254829', 'lENSG00000254842', 'lENSG00000254846', 'lENSG00000254847', 'lENSG00000254864', 'lENSG00000254879', 'lENSG00000254913', 'lENSG00000254921', 'lENSG00000254928', 'lENSG00000254930', 'lENSG00000254972', 'lENSG00000254983', 'lENSG00000254990', 'lENSG00000255027', 'lENSG00000255039', 'lENSG00000255041', 'lENSG00000255114', 'lENSG00000255121', 'lENSG00000255159', 'lENSG00000255167', 'lENSG00000255227', 'lENSG00000255241', 'lENSG00000255247', 'lENSG00000255252', 'lENSG00000255271', 'lENSG00000255300', 'lENSG00000255327', 'lENSG00000255343', 'lENSG00000255366', 'lENSG00000255375', 'lENSG00000255388', 'lENSG00000255443', 'lENSG00000255462', 'lENSG00000255478', 'lENSG00000255482', 'lENSG00000255487', 'lENSG00000255496', 'lENSG00000255498', 'lENSG00000255506', 'lENSG00000255528', 'lENSG00000255539', 'lENSG00000255555', 'lENSG00000255572', 'lENSG00000255580', 'lENSG00000255808', 'lENSG00000255893', 'lENSG00000255949', 'lENSG00000256007', 'lENSG00000256071', 'lENSG00000256072', 'lENSG00000256083', 'lENSG00000256226', 'lENSG00000256292', 'lENSG00000256314', 'lENSG00000256364', 'lENSG00000256448', 'lENSG00000256452', 'lENSG00000256482', 'lENSG00000256484', 'lENSG00000256568', 'lENSG00000256582', 'lENSG00000256670', 'lENSG00000256733', 'lENSG00000256897', 'lENSG00000256972', 'lENSG00000257004', 'lENSG00000257022', 'lENSG00000257096', 'lENSG00000257105', 'lENSG00000257137', 'lENSG00000257235', 'lENSG00000257261', 'lENSG00000257265', 'lENSG00000257271', 'lENSG00000257275', 'lENSG00000257381', 'lENSG00000257407', 'lENSG00000257470', 'lENSG00000257488', 'lENSG00000257494', 'lENSG00000257500', 'lENSG00000257514', 'lENSG00000257527', 'lENSG00000257587', 'lENSG00000257634', 'lENSG00000257653', 'lENSG00000257682', 'lENSG00000257750', 'lENSG00000257764', 'lENSG00000257787', 'lENSG00000257860', 'lENSG00000257904', 'lENSG00000257925', 'lENSG00000257997', 'lENSG00000258007', 'lENSG00000258084', 'lENSG00000258108', 'lENSG00000258167', 'lENSG00000258185', 'lENSG00000258210', 'lENSG00000258220', 'lENSG00000258234', 'lENSG00000258272', 'lENSG00000258292', 'lENSG00000258308', 'lENSG00000258312', 'lENSG00000258313', 'lENSG00000258323', 'lENSG00000258331', 'lENSG00000258378', 'lENSG00000258379', 'lENSG00000258390', 'lENSG00000258394', 'lENSG00000258451', 'lENSG00000258515', 'lENSG00000258516', 'lENSG00000258520', 'lENSG00000258610', 'lENSG00000258657', 'lENSG00000258690', 'lENSG00000258695', 'lENSG00000258698', 'lENSG00000258745', 'lENSG00000258784', 'lENSG00000258824', 'lENSG00000258826', 'lENSG00000258829', 'lENSG00000258850', 'lENSG00000258869', 'lENSG00000258892', 'lENSG00000258904', 'lENSG00000258908', 'lENSG00000258944', 'lENSG00000258958', 'lENSG00000259007', 'lENSG00000259026', 'lENSG00000259187', 'lENSG00000259188', 'lENSG00000259194', 'lENSG00000259211', 'lENSG00000259223', 'lENSG00000259250', 'lENSG00000259256', 'lENSG00000259265', 'lENSG00000259268', 'lENSG00000259290', 'lENSG00000259294', 'lENSG00000259307', 'lENSG00000259342', 'lENSG00000259351', 'lENSG00000259352', 'lENSG00000259360', 'lENSG00000259385', 'lENSG00000259432', 'lENSG00000259503', 'lENSG00000259532', 'lENSG00000259544', 'lENSG00000259595', 'lENSG00000259631', 'lENSG00000259636', 'lENSG00000259649', 'lENSG00000259659', 'lENSG00000259678', 'lENSG00000259757', 'lENSG00000259759', 'lENSG00000259767', 'lENSG00000259798', 'lENSG00000259805', 'lENSG00000259935', 'lENSG00000259955', 'lENSG00000259967', 'lENSG00000260003', 'lENSG00000260017', 'lENSG00000260022', 'lENSG00000260058', 'lENSG00000260158', 'lENSG00000260190', 'lENSG00000260237', 'lENSG00000260246', 'lENSG00000260304', 'lENSG00000260476', 'lENSG00000260586', 'lENSG00000260626', 'lENSG00000260659', 'lENSG00000260720', 'lENSG00000260741', 'lENSG00000260814', 'lENSG00000260884', 'lENSG00000260911', 'lENSG00000260934', 'lENSG00000260970', 'lENSG00000260986', 'lENSG00000260999', 'lENSG00000261014', 'lENSG00000261036', 'lENSG00000261065', 'lENSG00000261066', 'lENSG00000261070', 'lENSG00000261243', 'lENSG00000261248', 'lENSG00000261261', 'lENSG00000261266', 'lENSG00000261307', 'lENSG00000261332', 'lENSG00000261379', 'lENSG00000261432', 'lENSG00000261475', 'lENSG00000261507', 'lENSG00000261523', 'lENSG00000261552', 'lENSG00000261569', 'lENSG00000261633', 'lENSG00000261663', 'lENSG00000261671', 'lENSG00000261695', 'lENSG00000261697', 'lENSG00000261723', 'lENSG00000261731', 'lENSG00000261761', 'lENSG00000261838', 'lENSG00000261864', 'lENSG00000262298', 'lENSG00000262434', 'lENSG00000262533', 'lENSG00000262652', 'lENSG00000262692', 'lENSG00000262777', 'lENSG00000262810', 'lENSG00000263080', 'lENSG00000263237', 'lENSG00000263257', 'lENSG00000263300', 'lENSG00000263321', 'lENSG00000263335', 'lENSG00000263417', 'lENSG00000263466', 'lENSG00000263594', 'lENSG00000263684', 'lENSG00000263709', 'lENSG00000263765', 'lENSG00000263797', 'lENSG00000263847', 'lENSG00000263952', 'lENSG00000263982', 'lENSG00000263986', 'lENSG00000264016', 'lENSG00000264023', 'lENSG00000264066', 'lENSG00000264107', 'lENSG00000264116', 'lENSG00000264151', 'lENSG00000264254', 'lENSG00000264269', 'lENSG00000264486', 'lENSG00000264513', 'lENSG00000264520', 'lENSG00000264546', 'lENSG00000264558', 'lENSG00000264577', 'lENSG00000264595', 'lENSG00000264769', 'lENSG00000264924', 'lENSG00000265125', 'lENSG00000265168', 'lENSG00000265205', 'lENSG00000265265', 'lENSG00000265359', 'lENSG00000265400', 'lENSG00000265443', 'lENSG00000265554', 'lENSG00000265625', 'lENSG00000265643', 'lENSG00000265728', 'lENSG00000265739', 'lENSG00000265791', 'lENSG00000265800', 'lENSG00000265844', 'lENSG00000265845', 'lENSG00000265980', 'lENSG00000265987', 'lENSG00000265994', 'lENSG00000266102', 'lENSG00000266153', 'lENSG00000266311', 'lENSG00000266341', 'lENSG00000266368', 'lENSG00000266397', 'lENSG00000266535', 'lENSG00000266538', 'lENSG00000266651', 'lENSG00000266696', 'lENSG00000266801', 'lENSG00000266839', 'lENSG00000266844', 'lENSG00000266877', 'lENSG00000266936', 'lENSG00000266981', 'lENSG00000266985', 'lENSG00000266993', 'lENSG00000267028', 'lENSG00000267057', 'lENSG00000267063', 'lENSG00000267177', 'lENSG00000267225', 'lENSG00000267234', 'lENSG00000267255', 'lENSG00000267263', 'lENSG00000267274', 'lENSG00000267286', 'lENSG00000267320', 'lENSG00000267341', 'lENSG00000267354', 'lENSG00000267364', 'lENSG00000267378', 'lENSG00000267387', 'lENSG00000267436', 'lENSG00000267437', 'lENSG00000267501', 'lENSG00000267510', 'lENSG00000267543', 'lENSG00000267583', 'lENSG00000267593', 'lENSG00000267615', 'lENSG00000267617', 'lENSG00000267633', 'lENSG00000267638', 'lENSG00000267665', 'lENSG00000267711', 'lENSG00000267838', 'lENSG00000267922', 'lENSG00000268015', 'lENSG00000268049', 'lENSG00000268051', 'lENSG00000268069', 'lENSG00000268078', 'lENSG00000268191', 'lENSG00000268203', 'lENSG00000268240', 'lENSG00000268292', 'lENSG00000268296', 'lENSG00000268605', 'lENSG00000268734', 'lENSG00000268743', 'lENSG00000268798', 'lENSG00000268833', 'lENSG00000268906', 'lENSG00000268912', 'lENSG00000268981', 'lENSG00000269044', 'lENSG00000269085', 'lENSG00000269145', 'lENSG00000269191', 'lENSG00000269321', 'lENSG00000269350', 'lENSG00000269504', 'lENSG00000269578', 'lENSG00000269621', 'lENSG00000269656', 'lENSG00000269729', 'lENSG00000269802', 'lENSG00000269826', 'lENSG00000269843', 'lENSG00000269867', 'lENSG00000269901', 'lENSG00000269950', 'lENSG00000270726', 'lENSG00000270871', 'lENSG00000270996', 'lENSG00000271218', 'lENSG00000271314', 'lENSG00000271579', 'lENSG00000271717', 'lENSG00000271763', 'lENSG00000271787', 'lENSG00000271833', 'lENSG00000271901', 'lENSG00000271936', 'lENSG00000271983', 'lENSG00000272072', 'lENSG00000272149', 'lENSG00000272159', 'lENSG00000272338', 'lENSG00000272510', 'lENSG00000272540', 'lENSG00000272575', 'lENSG00000272642', 'lENSG00000272661', 'lENSG00000272742', 'lENSG00000272810', 'lENSG00000272814', 'lENSG00000272866', 'lENSG00000272995', 'lENSG00000273110', 'lENSG00000273198', 'lENSG00000273226', 'lENSG00000273257', 'lENSG00000273271', 'lENSG00000273275', 'lENSG00000273360', 'lENSG00000273449', 'lENSG00000273485', 'lENSG00000273493', 'lENSG00000273550', 'lENSG00000273568', 'lENSG00000273838', 'lENSG00000273877', 'lENSG00000273919', 'lENSG00000274177', 'lENSG00000274227', 'lENSG00000274561', 'lENSG00000274624', 'lENSG00000274678', 'lENSG00000274737', 'lENSG00000274863', 'lENSG00000274893', 'lENSG00000275173', 'lENSG00000275345', 'lENSG00000275356', 'lENSG00000275401', 'lENSG00000275484', 'lENSG00000275576', 'lENSG00000275638', 'lENSG00000275871', 'lENSG00000275963', 'lENSG00000276054', 'lENSG00000276107', 'lENSG00000276266', 'lENSG00000276488', 'lENSG00000276527', 'lENSG00000276533', 'lENSG00000276668', 'lENSG00000276997', 'lENSG00000277173', 'lENSG00000277332', 'lENSG00000277639', 'lENSG00000277675', 'lENSG00000278000', 'lENSG00000278013', 'lENSG00000278202', 'lENSG00000278351', 'lENSG00000278630', 'lENSG00000278766', 'lENSG00000278944', 'lENSG00000279088', 'lENSG00000279240', 'lENSG00000279484', 'lENSG00000279501', 'lENSG00000279623', 'lENSG00000279687', 'lENSG00000279751', 'lENSG00000279920', 'lENSG00000280206', 'lENSG00000280224', 'lENSG00000280455', 'lENSG00000280580', 'lENSG00000280703', 'lENSG00000280870', 'lENSG00000280881', 'lENSG00000281021', 'lENSG00000282478', 'lENSG00000282828', 'lENSG00000282950', 'lENSG00000283286', 'lENSG00000283347', 'lENSG00000283375', 'lENSG00000283436', 'lENSG00000283457', 'lENSG00000283573', 'lENSG00000283631', 'lENSG00000283973', 'lENSG00000284376', 'lENSG00000284418', 'lENSG00000284513', 'lENSG00000284608', 'lENSG00000284699', 'lENSG00000284846', 'lENSG00000284994', 'lENSG00000285040', 'lENSG00000285117', 'lENSG00000285325', 'lENSG00000285354', 'lENSG00000285409', 'lENSG00000285518', 'lENSG00000285524', 'lENSG00000285550', 'lENSG00000285551', 'lENSG00000285619', 'lENSG00000285621', 'lENSG00000285654', 'lENSG00000285699', 'lENSG00000285709', 'lENSG00000285780', 'lENSG00000285857', 'lENSG00000285861', 'lENSG00000285954', 'lENSG00000285998', 'lENSG00000286002', 'lENSG00000286010', 'lENSG00000286018', 'lENSG00000286050', 'lENSG00000286076', 'lENSG00000286089', 'lENSG00000286093', 'lENSG00000286101', 'lENSG00000286168', 'lENSG00000286188', 'lENSG00000286194', 'lENSG00000286197', 'lENSG00000286206', 'lENSG00000286242', 'lENSG00000286244', 'lENSG00000286303', 'lENSG00000286333', 'lENSG00000286338', 'lENSG00000286357', 'lENSG00000286430', 'lENSG00000286436', 'lENSG00000286441', 'lENSG00000286453', 'lENSG00000286461', 'lENSG00000286474', 'lENSG00000286565', 'lENSG00000286578', 'lENSG00000286581', 'lENSG00000286584', 'lENSG00000286588', 'lENSG00000286598', 'lENSG00000286617', 'lENSG00000286639', 'lENSG00000286670', 'lENSG00000286689', 'lENSG00000286690', 'lENSG00000286698', 'lENSG00000286715', 'lENSG00000286716', 'lENSG00000286722', 'lENSG00000286735', 'lENSG00000286738', 'lENSG00000286740', 'lENSG00000286751', 'lENSG00000286759', 'lENSG00000286767', 'lENSG00000286770', 'lENSG00000286776', 'lENSG00000286781', 'lENSG00000286795', 'lENSG00000286803', 'lENSG00000286820', 'lENSG00000286822', 'lENSG00000286838', 'lENSG00000286843', 'lENSG00000286850', 'lENSG00000286887', 'lENSG00000286908', 'lENSG00000286963', 'lENSG00000287005', 'lENSG00000287006', 'lENSG00000287020', 'lENSG00000287028', 'lENSG00000287030', 'lENSG00000287066', 'lENSG00000287094', 'lENSG00000287107', 'lENSG00000287108', 'lENSG00000287128', 'lENSG00000287155', 'lENSG00000287159', 'lENSG00000287191', 'lENSG00000287198', 'lENSG00000287202', 'lENSG00000287213', 'lENSG00000287270', 'lENSG00000287285', 'lENSG00000287321', 'lENSG00000287335', 'lENSG00000287358', 'lENSG00000287359', 'lENSG00000287366', 'lENSG00000287367', 'lENSG00000287381', 'lENSG00000287423', 'lENSG00000287451', 'lENSG00000287456', 'lENSG00000287462', 'lENSG00000287511', 'lENSG00000287545', 'lENSG00000287550', 'lENSG00000287551', 'lENSG00000287556', 'lENSG00000287587', 'lENSG00000287618', 'lENSG00000287660', 'lENSG00000287664', 'lENSG00000287684', 'lENSG00000287687', 'lENSG00000287691', 'lENSG00000287704', 'lENSG00000211683', 'lENSG00000214955', 'lENSG00000223379', 'lENSG00000223795', 'lENSG00000224884', 'lENSG00000225393', 'lENSG00000225836', 'lENSG00000228255', 'lENSG00000228538', 'lENSG00000229458', 'lENSG00000229628', 'lENSG00000229964', 'lENSG00000230600', 'lENSG00000230649', 'lENSG00000231212', 'lENSG00000231616', 'lENSG00000232056', 'lENSG00000232636', 'lENSG00000233200', 'lENSG00000233987', 'lENSG00000234083', 'lENSG00000234810', 'lENSG00000234998', 'lENSG00000235337', 'lENSG00000235795', 'lENSG00000236453', 'lENSG00000239801', 'lENSG00000241792', 'lENSG00000242375', 'lENSG00000247810', 'lENSG00000248359', 'lENSG00000248991', 'lENSG00000249159', 'lENSG00000250481', 'lENSG00000250567', 'lENSG00000250670', 'lENSG00000250686', 'lENSG00000250777', 'lENSG00000250948', 'lENSG00000251506', 'lENSG00000251654', 'lENSG00000253766', 'lENSG00000254927', 'lENSG00000255279', 'lENSG00000255325', 'lENSG00000255644', 'lENSG00000257603', 'lENSG00000257715', 'lENSG00000257962', 'lENSG00000258088', 'lENSG00000258386', 'lENSG00000258949', 'lENSG00000259123', 'lENSG00000259209', 'lENSG00000259222', 'lENSG00000259244', 'lENSG00000259255', 'lENSG00000259274', 'lENSG00000259306', 'lENSG00000259407', 'lENSG00000260511', 'lENSG00000260983', 'lENSG00000261193', 'lENSG00000261445', 'lENSG00000261775', 'lENSG00000264660', 'lENSG00000265174', 'lENSG00000267081', 'lENSG00000267521', 'lENSG00000267581', 'lENSG00000269460', 'lENSG00000272304', 'lENSG00000272369', 'lENSG00000273138', 'lENSG00000273486', 'lENSG00000274902', 'lENSG00000275232', 'lENSG00000278514', 'lENSG00000279672', 'lENSG00000282887', 'lENSG00000286164', 'lENSG00000226032', 'lENSG00000235736', 'lENSG00000251613', 'lENSG00000258631', 'lENSG00000279472', 'lENSG00000271870', 'lENSG00000265556', 'lENSG00000271840', 'lENSG00000253701', 'lENSG00000281408', 'lENSG00000268166', 'lALG13-AS1', 'lDGUOK-AS1', 'lDSCR8', 'lMIR145', 'lMIR24-2', 'lMIR3179-2', 'lMIR3654', 'lACA64', 'lCDKN2B-AS', 'lC3orf65']","[1.0, 1.0, 0.0, 0.0, 1.0, 1.0, 0.0, 1.0, 0.0, 1.0, 1.0, 1.0, 0.0, 1.0, 1.0, 0.0, 0.0, 1.0, 0.0, 0.0, 1.0, 1.0, 0.0, 1.0, 0.0, 1.0, 1.0, 0.0, 1.0, 0.0, 0.0, 0.0, 0.0, 0.0, 1.0, 1.0, 0.0, 0.0, 1.0, 1.0, 0.0, 1.0, 1.0, 0.0, 1.0, 1.0, 1.0, 0.0, 1.0, 0.0, 0.0, 1.0, 0.0, 0.0, 1.0, 1.0, 1.0, 1.0, 0.0, 0.0, 0.0, 1.0, 1.0, 1.0, 1.0, 1.0, 1.0, 0.0, 1.0, 1.0, 0.0, 1.0, 0.0, 1.0, 1.0, 0.0, 1.0, 0.0, 1.0, 1.0, 1.0, 0.0, 1.0, 1.0, 0.0, 0.0, 1.0, 0.0, 0.0, 0.0, 1.0, 0.0, 1.0, 0.0, 0.0, 0.0, 1.0, 0.0, 1.0, 0.0, 1.0, 0.0, 1.0, 1.0, 0.0, 0.0, 0.0, 1.0, 1.0, 0.0, 0.0, 1.0, 1.0, 0.0, 0.0, 1.0, 0.0, 0.0, 0.0, 1.0, 0.0, 1.0, 0.0, 0.0, 0.0, 0.0, 1.0, 0.0, 1.0, 0.0, 0.0, 1.0, 0.0, 1.0, 1.0, 1.0, 1.0, 0.0, 0.0, 0.0, 0.0, 1.0, 1.0, 0.0, 0.0, 0.0, 1.0, 1.0, 1.0, 0.0, 1.0, 1.0, 0.0, 0.0, 1.0, 0.0, 1.0, 1.0, 1.0, 0.0, 0.0, 0.0, 0.0, 1.0, 1.0, 0.0, 0.0, 0.0, 1.0, 0.0, 0.0, 0.0, 0.0, 0.0, 0.0, 1.0, 0.0, 0.0, 1.0, 0.0, 0.0, 0.0, 1.0, 1.0, 0.0, 1.0, 0.0, 0.0, 1.0, 1.0, 1.0, 1.0, 0.0, 1.0, 0.0, 0.0, 0.0, 0.0, 1.0, 1.0, 0.0, 0.0, 1.0, 1.0, 1.0, 1.0, 1.0, 0.0, 0.0, 1.0, 1.0, 0.0, 1.0, 1.0, 0.0, 1.0, 0.0, 1.0, 1.0, 0.0, 0.0, 0.0, 1.0, 1.0, 1.0, 0.0, 1.0, 0.0, 0.0, 0.0, 0.0, 1.0, 0.0, 1.0, 1.0, 0.0, 1.0, 1.0, 0.0, 0.0, 0.0, 1.0, 1.0, 0.0, 0.0, 1.0, 0.0, 0.0, 1.0, 0.0, 1.0, 1.0, 1.0, 0.0, 1.0, 0.0, 1.0, 1.0, 0.0, 0.0, 1.0, 0.0, 0.0, 1.0, 0.0, 1.0, 1.0, 0.0, 1.0, 1.0, 0.0, 1.0, 0.0, 0.0, 1.0, 0.0, 1.0, 0.0, 1.0, 1.0, 0.0, 1.0, 0.0, 1.0, 1.0, 1.0, 1.0, 0.0, 1.0, 1.0, 0.0, 1.0, 0.0, 1.0, 1.0, 0.0, 0.0, 0.0, 1.0, 1.0, 1.0, 1.0, 0.0, 0.0, 1.0, 1.0, 0.0, 0.0, 0.0, 1.0, 1.0, 0.0, 0.0, 1.0, 1.0, 0.0, 1.0, 1.0, 0.0, 0.0, 0.0, 0.0, 0.0, 1.0, 1.0, 1.0, 0.0, 1.0, 1.0, 0.0, 0.0, 0.0, 1.0, 0.0, 1.0, 0.0, 1.0, 1.0, 1.0, 0.0, 0.0, 1.0, 1.0, 1.0, 1.0, 0.0, 1.0, 1.0, 1.0, 1.0, 0.0, 0.0, 0.0, 0.0, 1.0, 0.0, 1.0, 1.0, 0.0, 0.0, 1.0, 1.0, 1.0, 0.0, 1.0, 0.0, 0.0, 0.0, 0.0, 1.0, 0.0, 1.0, 0.0, 1.0, 0.0, 0.0, 1.0, 0.0, 1.0, 0.0, 0.0, 1.0, 1.0, 0.0, 0.0, 0.0, 1.0, 0.0, 0.0, 1.0, 1.0, 0.0, 0.0, 0.0, 0.0, 0.0, 0.0, 0.0, 1.0, 0.0, 0.0, 0.0, 1.0, 1.0, 1.0, 0.0, 1.0, 1.0, 1.0, 0.0, 0.0, 1.0, 0.0, 0.0, 1.0, 0.0, 1.0, 0.0, 0.0, 1.0, 1.0, 0.0, 1.0, 0.0, 1.0, 0.0, 1.0, 1.0, 1.0, 0.0, 0.0, 0.0, 1.0, 1.0, 1.0, 0.0, 0.0, 1.0, 0.0, 0.0, 0.0, 0.0, 0.0, 1.0, 1.0, 0.0, 1.0, 0.0, 0.0, 1.0, 1.0, 0.0, 1.0, 0.0, 1.0, 1.0, 1.0, 1.0, 1.0, 1.0, 1.0, 1.0, 1.0, 0.0, 1.0, 1.0, 0.0, 1.0, 1.0, 1.0, 0.0, 1.0, 1.0, 0.0, 1.0, 1.0, 1.0, 0.0, 1.0, 1.0, 1.0, 0.0, 1.0, 0.0, 0.0, 0.0, 0.0, 1.0, 1.0, 1.0, 1.0, 1.0, 1.0, 0.0, 1.0, 1.0, 0.0, 1.0, 0.0, 1.0, 0.0, 1.0, 1.0, 1.0, 1.0, 1.0, 1.0, 1.0, 0.0, 0.0, 0.0, 0.0, 1.0, 1.0, 1.0, 1.0, 1.0, 1.0, 1.0, 1.0, 0.0, 0.0, 0.0, 1.0, 1.0, 1.0, 0.0, 0.0, 1.0, 0.0, 1.0, 0.0, 1.0, 1.0, 0.0, 1.0, 0.0, 1.0, 0.0, 0.0, 1.0, 1.0, 1.0, 1.0, 0.0, 0.0, 1.0, 1.0, 0.0, 1.0, 0.0, 1.0, 0.0, 1.0, 0.0, 0.0, 0.0, 0.0, 0.0, 1.0, 0.0, 1.0, 0.0, 0.0, 0.0, 1.0, 1.0, 0.0, 1.0, 1.0, 0.0, 0.0, 0.0, 1.0, 1.0, 1.0, 0.0, 1.0, 1.0, 1.0, 0.0, 1.0, 1.0, 1.0, 0.0, 1.0, 0.0, 1.0, 0.0, 0.0, 1.0, 0.0, 0.0, 0.0, 0.0, 1.0, 0.0, 1.0, 1.0, 0.0, 1.0, 0.0, 0.0, 1.0, 1.0, 1.0, 1.0, 1.0, 1.0, 1.0, 1.0, 0.0, 1.0, 0.0, 1.0, 1.0, 0.0, 1.0, 1.0, 1.0, 1.0, 0.0, 0.0, 1.0, 0.0, 1.0, 1.0, 0.0, 0.0, 1.0, 1.0, 1.0, 1.0, 0.0, 1.0, 1.0, 0.0, 0.0, 1.0, 1.0, 0.0, 0.0, 1.0, 1.0, 1.0, 1.0, 0.0, 1.0, 0.0, 1.0, 1.0, 0.0, 0.0, 1.0, 1.0, 1.0, 0.0, 1.0, 0.0, 0.0, 0.0, 0.0, 1.0, 1.0, 1.0, 0.0, 0.0, 0.0, 1.0, 1.0, 1.0, 0.0, 0.0, 1.0, 0.0, 0.0, 0.0, 0.0, 0.0, 0.0, 1.0, 1.0, 1.0, 1.0, 0.0, 0.0, 0.0, 0.0, 0.0, 0.0, 0.0, 1.0, 0.0, 0.0, 0.0, 1.0, 0.0, 0.0, 0.0, 0.0, 0.0, 0.0, 1.0, 0.0, 1.0, 0.0, 1.0, 1.0, 1.0, 0.0, 1.0, 1.0, 0.0, 1.0, 1.0, 1.0, 0.0, 0.0, 1.0, 0.0, 1.0, 0.0, 1.0, 0.0, 0.0, 0.0, 1.0, 1.0, 0.0, 0.0, 0.0, 1.0, 0.0, 0.0, 1.0, 1.0, 0.0, 1.0, 0.0, 1.0, 0.0, 0.0, 1.0, 0.0, 0.0, 1.0, 1.0, 1.0, 0.0, 0.0, 0.0, 0.0, 0.0, 1.0, 0.0, 1.0, 0.0, 1.0, 0.0, 0.0, 0.0, 0.0, 1.0, 0.0, 0.0, 0.0, 1.0, 1.0, 1.0, 1.0, 0.0, 1.0, 0.0, 1.0, 0.0, 0.0, 0.0, 1.0, 1.0, 0.0, 0.0, 1.0, 0.0, 0.0, 0.0, 0.0, 1.0, 1.0, 0.0, 0.0, 1.0, 0.0, 0.0, 1.0, 1.0, 0.0, 0.0, 1.0, 1.0, 1.0, 1.0, 1.0, 0.0, 0.0, 0.0, 1.0, 0.0, 0.0, 1.0, 1.0, 0.0, 0.0, 0.0, 0.0, 1.0, 0.0, 0.0, 1.0, 1.0, 1.0, 0.0, 1.0, 0.0, 1.0, 1.0, 0.0, 1.0, 1.0, 1.0, 1.0, 1.0, 0.0, 1.0, 0.0, 1.0, 1.0, 0.0, 1.0, 1.0, 1.0, 0.0, 0.0, 0.0, 0.0, 0.0, 0.0, 1.0, 0.0, 0.0, 0.0, 0.0, 1.0, 1.0, 0.0, 0.0, 0.0, 1.0, 1.0, 1.0, 1.0, 1.0, 0.0, 0.0, 0.0, 1.0, 0.0, 0.0, 1.0, 1.0, 1.0, 1.0, 0.0, 0.0, 0.0, 0.0, 0.0, 1.0, 0.0, 0.0, 0.0, 1.0, 1.0, 1.0, 0.0, 1.0, 0.0, 0.0, 1.0, 0.0, 1.0, 0.0, 1.0, 0.0, 0.0, 1.0, 0.0, 0.0, 1.0, 0.0, 0.0, 1.0, 1.0, 0.0, 0.0, 1.0, 1.0, 1.0, 1.0, 0.0, 1.0, 1.0, 1.0, 1.0, 0.0, 0.0, 0.0, 0.0, 1.0, 1.0, 1.0, 1.0, 1.0, 0.0, 1.0, 0.0, 1.0, 0.0, 0.0, 1.0, 1.0, 1.0, 0.0, 1.0, 1.0, 0.0, 0.0, 1.0, 0.0, 0.0, 1.0, 0.0, 1.0, 1.0, 1.0, 1.0, 1.0, 1.0, 0.0, 0.0, 1.0, 1.0, 0.0, 0.0, 0.0, 0.0, 1.0, 1.0, 1.0, 1.0, 0.0, 1.0, 1.0, 0.0, 0.0, 1.0, 1.0, 0.0, 1.0, 1.0, 0.0, 1.0, 1.0, 1.0, 0.0, 0.0, 0.0, 0.0, 0.0, 1.0, 1.0, 1.0, 0.0, 1.0, 1.0, 0.0, 0.0, 1.0, 0.0, 0.0, 0.0, 1.0, 1.0, 1.0, 0.0, 1.0, 0.0, 1.0, 0.0, 1.0, 0.0, 1.0, 1.0, 1.0, 1.0, 1.0, 0.0, 0.0, 0.0, 1.0, 0.0, 0.0, 1.0, 1.0, 0.0, 1.0, 0.0, 0.0, 0.0, 0.0, 0.0, 1.0, 1.0, 0.0, 0.0, 1.0, 1.0, 1.0, 0.0, 1.0, 1.0, 1.0, 0.0, 1.0, 1.0, 1.0, 0.0, 0.0, 1.0, 0.0, 1.0, 0.0, 1.0, 0.0, 0.0, 0.0, 0.0, 1.0, 0.0, 0.0, 0.0, 0.0, 1.0, 0.0, 0.0, 1.0, 1.0, 0.0, 1.0, 1.0, 0.0, 0.0, 0.0, 1.0, 0.0, 1.0, 1.0, 1.0, 0.0, 1.0, 1.0, 0.0, 0.0, 1.0, 0.0, 0.0, 1.0, 0.0, 1.0, 1.0, 0.0, 1.0, 1.0, 0.0, 0.0, 1.0, 0.0, 0.0, 0.0, 0.0, 0.0, 1.0, 0.0, 1.0, 0.0, 0.0, 0.0, 1.0, 1.0, 0.0, 0.0, 1.0, 0.0, 1.0, 1.0, 0.0, 0.0, 1.0, 1.0, 0.0, 0.0, 0.0, 1.0, 0.0, 0.0, 0.0, 0.0, 1.0, 1.0, 0.0, 1.0, 1.0, 1.0, 1.0, 0.0, 0.0, 0.0, 0.0, 0.0, 0.0, 0.0, 0.0, 1.0, 1.0, 1.0, 0.0, 1.0, 1.0, 0.0, 0.0, 0.0, 0.0, 0.0, 0.0, 0.0, 0.0, 1.0, 0.0, 0.0, 0.0, 0.0, 0.0, 1.0, 0.0, 0.0, 1.0, 1.0, 0.0, 1.0, 0.0, 1.0, 1.0, 0.0, 0.0, 0.0, 1.0, 0.0, 1.0, 0.0, 1.0, 0.0, 0.0, 1.0, 1.0, 0.0, 0.0, 1.0, 1.0, 0.0, 1.0, 0.0, 1.0, 1.0, 1.0, 0.0, 0.0, 0.0, 1.0, 1.0, 1.0, 0.0, 1.0, 0.0, 0.0, 0.0, 0.0, 1.0, 1.0, 0.0, 1.0, 1.0, 1.0, 1.0, 0.0, 0.0, 1.0, 0.0, 0.0, 1.0, 1.0, 0.0, 0.0, 0.0, 1.0, 1.0, 1.0, 0.0, 1.0, 1.0, 0.0, 1.0, 1.0, 0.0, 1.0, 0.0, 1.0, 0.0, 0.0, 0.0, 0.0, 1.0, 1.0, 0.0, 0.0, 0.0, 0.0, 1.0, 0.0, 0.0, 1.0, 1.0, 0.0, 0.0, 0.0, 1.0, 0.0, 0.0, 0.0, 0.0, 1.0, 0.0, 0.0, 0.0, 0.0, 1.0, 0.0, 0.0, 1.0, 0.0, 1.0, 1.0, 0.0, 1.0, 0.0, 1.0, 0.0, 1.0, 0.0, 0.0, 0.0, 0.0, 0.0, 1.0, 0.0, 0.0, 1.0, 0.0, 0.0, 1.0, 1.0, 1.0, 1.0, 1.0, 1.0, 0.0, 1.0, 0.0, 1.0, 0.0, 1.0, 1.0, 1.0, 0.0, 1.0, 0.0, 0.0, 1.0, 1.0, 1.0, 1.0, 1.0, 0.0, 1.0, 0.0, 0.0, 1.0, 1.0, 0.0, 1.0, 0.0, 1.0, 1.0, 0.0, 1.0, 1.0, 1.0, 1.0, 1.0, 1.0, 1.0, 1.0, 0.0, 1.0, 1.0, 1.0, 0.0, 1.0, 1.0, 1.0, 1.0, 0.0, 0.0, 1.0, 0.0, 0.0, 1.0, 1.0, 1.0, 0.0, 0.0, 0.0, 0.0, 1.0, 0.0, 1.0, 0.0, 1.0, 1.0, 1.0, 0.0, 1.0, 1.0, 0.0, 1.0, 0.0, 1.0, 1.0, 0.0, 1.0, 1.0, 0.0, 1.0, 0.0, 0.0, 1.0, 0.0, 0.0, 1.0, 0.0, 1.0, 1.0, 1.0, 1.0, 0.0, 0.0, 0.0, 0.0, 1.0, 1.0, 1.0, 0.0, 1.0, 1.0, 0.0, 1.0, 1.0, 0.0, 0.0, 0.0, 1.0, 0.0, 1.0, 0.0, 1.0, 1.0, 1.0, 0.0, 0.0, 0.0, 1.0, 1.0, 0.0, 1.0, 1.0, 0.0, 1.0, 1.0, 1.0, 1.0, 0.0, 0.0, 0.0, 1.0, 1.0, 0.0, 1.0, 1.0, 1.0, 1.0, 1.0, 1.0, 0.0, 0.0, 1.0, 0.0, 1.0, 0.0, 1.0, 1.0, 1.0, 1.0, 0.0, 0.0, 0.0, 1.0, 0.0, 1.0, 0.0, 1.0, 0.0, 0.0, 0.0, 0.0, 0.0, 0.0, 0.0, 0.0, 0.0, 1.0, 1.0, 1.0, 1.0, 1.0, 1.0, 0.0, 1.0, 1.0, 1.0, 0.0, 1.0, 0.0, 1.0, 0.0, 1.0, 0.0, 0.0, 1.0, 0.0, 0.0, 1.0, 1.0, 0.0, 0.0, 0.0, 1.0, 0.0, 1.0, 1.0, 0.0, 0.0, 0.0, 0.0, 1.0, 0.0, 0.0, 0.0, 0.0, 1.0, 1.0, 1.0, 0.0, 0.0, 0.0, 1.0, 0.0, 1.0, 1.0, 1.0, 1.0, 0.0, 1.0, 0.0, 0.0, 1.0, 0.0, 1.0, 0.0, 0.0, 1.0, 1.0, 1.0, 1.0, 0.0, 1.0, 1.0, 1.0, 0.0, 0.0, 0.0, 1.0, 0.0, 1.0, 0.0, 1.0, 1.0, 1.0, 0.0, 0.0, 0.0, 0.0, 1.0, 1.0, 0.0, 1.0, 1.0, 0.0, 1.0, 0.0, 0.0, 0.0, 1.0, 1.0, 0.0, 0.0, 0.0, 0.0, 1.0, 0.0, 0.0, 1.0, 0.0, 1.0, 0.0, 1.0, 0.0, 1.0, 1.0, 0.0, 0.0, 0.0, 0.0, 0.0, 1.0, 0.0, 0.0, 1.0, 0.0, 0.0, 1.0, 1.0, 1.0, 0.0, 1.0, 0.0, 1.0, 0.0, 1.0, 1.0, 1.0, 1.0, 0.0, 1.0, 1.0, 0.0, 0.0, 0.0, 1.0, 0.0, 1.0, 0.0, 0.0, 1.0, 1.0, 1.0, 0.0, 0.0, 1.0, 0.0, 1.0, 0.0, 0.0, 1.0, 0.0, 1.0, 1.0, 0.0, 1.0, 0.0, 1.0, 1.0, 0.0, 1.0, 1.0, 1.0, 0.0, 0.0, 0.0, 1.0, 0.0, 0.0, 0.0, 1.0, 0.0, 0.0, 1.0, 1.0, 0.0, 0.0, 0.0, 0.0, 1.0, 0.0, 1.0, 1.0, 0.0, 1.0, 1.0, 0.0, 1.0, 0.0, 1.0, 1.0, 1.0, 1.0, 0.0, 0.0, 1.0, 0.0, 1.0, 1.0, 1.0, 0.0, 1.0, 1.0, 0.0, 0.0, 1.0, 0.0, 1.0, 0.0, 0.0, 1.0, 1.0, 1.0, 1.0, 1.0, 0.0, 1.0, 0.0, 1.0, 1.0, 0.0, 0.0, 0.0, 1.0, 0.0, 1.0, 0.0, 1.0, 1.0, 0.0, 0.0, 0.0, 0.0, 0.0, 1.0, 0.0, 0.0, 0.0, 1.0, 0.0, 0.0, 1.0, 0.0, 0.0, 1.0, 0.0, 0.0, 0.0, 1.0, 1.0, 0.0, 0.0, 1.0, 1.0, 0.0, 1.0, 1.0, 1.0, 0.0, 0.0, 1.0, 0.0, 1.0, 0.0, 0.0, 0.0, 1.0, 1.0, 0.0, 0.0, 1.0, 1.0, 0.0, 0.0, 1.0, 0.0, 0.0, 1.0, 1.0, 0.0, 1.0, 1.0, 0.0, 0.0, 1.0, 1.0, 1.0, 1.0, 1.0, 1.0, 1.0, 1.0, 1.0, 0.0, 0.0, 0.0, 1.0, 0.0, 0.0, 0.0, 0.0, 0.0, 0.0, 0.0, 1.0, 1.0, 0.0, 0.0, 1.0, 0.0, 0.0, 1.0, 1.0, 1.0, 0.0, 0.0, 1.0, 0.0, 0.0, 0.0, 1.0, 1.0, 0.0, 1.0, 0.0, 1.0, 1.0, 1.0, 0.0, 0.0, 1.0, 1.0, 1.0, 1.0, 1.0, 1.0, 1.0, 1.0, 0.0, 0.0, 1.0, 0.0, 0.0, 0.0, 1.0, 1.0, 1.0, 1.0, 0.0, 1.0, 0.0, 1.0, 1.0, 0.0, 0.0, 1.0, 1.0, 1.0, 1.0, 0.0, 0.0, 1.0, 0.0, 0.0, 1.0, 1.0, 1.0, 0.0, 0.0, 0.0, 1.0, 1.0, 1.0, 0.0, 0.0, 1.0, 1.0, 1.0, 1.0, 1.0, 1.0, 1.0, 1.0, 0.0, 1.0, 1.0, 0.0, 1.0, 1.0, 1.0, 1.0, 0.0, 0.0, 1.0, 0.0, 0.0, 1.0, 0.0, 0.0, 1.0, 1.0, 1.0, 1.0, 0.0, 0.0, 0.0, 0.0, 1.0, 1.0, 1.0, 1.0, 0.0, 1.0, 1.0, 1.0, 1.0, 1.0, 1.0, 0.0, 0.0, 1.0, 1.0, 0.0, 0.0, 1.0, 0.0, 0.0, 0.0, 1.0, 0.0, 0.0, 1.0, 0.0, 0.0, 1.0, 1.0, 1.0, 0.0, 1.0, 1.0, 1.0, 1.0, 0.0, 1.0, 0.0, 1.0, 0.0, 0.0, 0.0, 1.0, 0.0, 1.0, 0.0, 1.0, 0.0, 1.0, 0.0, 1.0, 1.0, 0.0, 1.0, 0.0, 1.0, 1.0, 0.0, 1.0, 0.0, 1.0, 1.0, 0.0, 0.0, 0.0, 0.0, 1.0, 1.0, 0.0, 1.0, 0.0, 0.0, 1.0, 1.0, 1.0, 0.0, 0.0, 0.0, 1.0, 0.0, 1.0, 0.0, 1.0, 1.0, 0.0, 1.0, 0.0, 1.0, 1.0, 0.0, 1.0, 1.0, 1.0, 1.0, 1.0, 0.0, 0.0, 1.0, 1.0, 0.0, 1.0, 1.0, 0.0, 1.0, 1.0, 0.0, 0.0, 1.0, 1.0, 0.0, 0.0, 0.0, 0.0, 1.0, 0.0, 1.0, 0.0, 1.0, 1.0, 0.0, 0.0, 0.0, 1.0, 0.0, 1.0, 0.0, 1.0, 1.0, 0.0, 1.0, 1.0, 1.0, 0.0, 0.0, 0.0, 0.0, 1.0, 0.0, 0.0, 1.0, 1.0, 1.0, 0.0, 0.0, 1.0, 0.0, 1.0, 0.0, 0.0, 1.0, 0.0, 0.0, 0.0, 1.0, 1.0, 0.0, 1.0, 1.0, 1.0, 0.0, 0.0, 1.0, 1.0, 0.0, 0.0, 1.0, 1.0, 0.0, 0.0, 0.0, 1.0, 0.0, 0.0, 0.0, 0.0, 1.0, 0.0, 0.0, 1.0, 1.0, 0.0, 1.0, 0.0, 1.0, 1.0, 1.0, 1.0, 0.0, 0.0, 0.0, 1.0, 0.0, 0.0, 1.0, 1.0, 1.0, 1.0, 0.0, 0.0, 1.0, 1.0, 1.0, 0.0, 0.0, 0.0, 1.0, 0.0, 0.0, 0.0, 0.0, 0.0, 0.0, 0.0, 0.0, 1.0, 1.0, 1.0, 0.0, 1.0, 0.0, 0.0, 0.0, 1.0, 0.0, 1.0, 0.0, 0.0, 1.0, 0.0, 0.0, 1.0, 1.0, 0.0, 0.0, 1.0, 0.0, 1.0, 0.0, 1.0, 1.0, 1.0, 0.0, 1.0, 0.0, 1.0, 0.0, 1.0, 1.0, 0.0, 0.0, 0.0, 0.0, 1.0, 1.0, 1.0, 1.0, 0.0, 1.0, 1.0, 0.0, 0.0, 0.0, 1.0, 0.0, 0.0, 0.0, 1.0, 0.0, 1.0, 0.0, 1.0, 0.0, 0.0, 0.0, 1.0, 0.0, 0.0, 0.0, 0.0, 1.0, 1.0, 0.0, 1.0, 0.0, 0.0, 1.0, 1.0, 0.0, 1.0, 0.0, 1.0, 1.0, 0.0, 1.0, 0.0, 1.0, 1.0, 1.0, 0.0, 0.0, 1.0, 1.0, 0.0, 0.0, 0.0, 1.0, 0.0, 0.0, 0.0, 1.0, 0.0, 0.0, 0.0, 0.0, 1.0, 0.0, 1.0, 0.0, 0.0, 0.0, 0.0, 0.0, 0.0, 0.0, 1.0, 0.0, 1.0, 0.0, 1.0, 0.0, 0.0, 0.0, 0.0, 0.0, 0.0, 1.0, 0.0, 1.0, 1.0, 1.0, 1.0, 1.0, 1.0, 1.0, 0.0, 0.0, 0.0, 1.0, 0.0, 1.0, 1.0, 1.0, 1.0, 0.0, 0.0, 1.0, 1.0, 0.0, 0.0, 0.0, 0.0, 0.0, 1.0, 1.0, 1.0, 1.0, 0.0, 0.0, 0.0, 0.0, 0.0, 0.0, 1.0, 1.0, 0.0, 0.0, 1.0, 1.0, 0.0, 1.0, 1.0, 1.0, 0.0, 0.0, 1.0, 0.0, 1.0, 0.0, 1.0, 0.0, 1.0, 1.0, 0.0, 1.0, 1.0, 0.0, 1.0, 1.0, 1.0, 1.0, 0.0, 1.0, 1.0, 1.0, 0.0, 1.0, 1.0, 1.0, 0.0, 0.0, 0.0, 1.0, 0.0, 0.0, 1.0, 0.0, 0.0, 0.0, 0.0, 1.0, 0.0, 0.0, 0.0, 1.0, 0.0, 0.0, 0.0, 0.0, 0.0, 1.0, 0.0, 1.0, 0.0, 1.0, 1.0, 0.0, 0.0, 1.0, 0.0, 1.0, 0.0, 0.0, 1.0, 0.0, 1.0, 0.0, 1.0, 1.0, 1.0, 1.0, 1.0, 0.0, 0.0, 1.0, 1.0, 0.0, 1.0, 1.0, 1.0, 1.0, 0.0, 0.0, 0.0, 0.0, 1.0, 1.0, 1.0, 1.0, 1.0, 0.0, 0.0, 0.0, 0.0, 0.0, 1.0, 1.0, 0.0, 0.0, 1.0, 0.0, 1.0, 1.0, 1.0, 0.0, 1.0, 1.0, 0.0, 1.0, 1.0, 1.0, 1.0, 0.0, 1.0, 1.0, 0.0, 0.0, 1.0, 1.0, 1.0, 0.0, 0.0, 1.0, 0.0, 0.0, 0.0, 0.0, 0.0, 0.0, 0.0, 1.0, 0.0, 1.0, 1.0, 1.0, 1.0, 1.0, 0.0, 0.0, 1.0, 0.0, 1.0, 1.0, 0.0, 1.0, 0.0, 0.0, 1.0, 0.0, 0.0, 0.0, 1.0, 0.0, 0.0, 1.0, 0.0, 0.0, 0.0, 0.0, 0.0, 0.0, 0.0, 1.0, 0.0, 1.0, 0.0, 0.0, 1.0, 0.0, 1.0, 1.0, 1.0, 1.0, 1.0, 1.0, 0.0, 1.0, 1.0, 0.0, 0.0, 1.0, 0.0, 1.0, 0.0, 0.0, 0.0, 1.0, 1.0, 1.0, 0.0, 0.0, 1.0, 0.0, 1.0, 1.0, 0.0, 1.0, 0.0, 1.0, 0.0, 1.0, 1.0, 1.0, 0.0, 0.0, 0.0, 0.0, 0.0, 0.0, 1.0, 1.0, 0.0, 0.0, 1.0, 1.0, 1.0, 1.0, 0.0, 0.0, 1.0, 0.0, 1.0, 1.0, 0.0, 0.0, 0.0, 1.0, 0.0, 0.0, 1.0, 1.0, 0.0, 1.0, 1.0, 1.0, 1.0, 0.0, 0.0, 1.0, 1.0, 0.0, 0.0, 1.0, 0.0, 0.0, 0.0, 0.0, 0.0, 0.0, 0.0, 0.0, 0.0, 1.0, 0.0, 0.0, 0.0, 0.0, 1.0, 0.0, 1.0, 0.0, 0.0, 0.0, 1.0, 1.0, 1.0, 0.0, 1.0, 1.0, 0.0, 1.0, 1.0, 1.0, 0.0, 0.0, 1.0, 1.0, 0.0, 0.0, 1.0, 0.0, 0.0, 0.0, 1.0, 1.0, 1.0, 1.0, 1.0, 1.0, 0.0, 0.0, 1.0, 0.0, 0.0, 0.0, 0.0, 0.0, 0.0, 0.0, 0.0, 1.0, 1.0, 0.0, 1.0, 1.0, 0.0, 1.0, 0.0, 1.0, 0.0, 1.0, 0.0, 0.0, 1.0, 0.0, 0.0, 1.0, 1.0, 0.0, 1.0, 1.0, 0.0, 1.0, 1.0, 1.0, 1.0, 1.0, 1.0, 1.0, 1.0, 0.0, 0.0, 0.0, 1.0, 1.0, 1.0, 1.0, 1.0, 1.0, 1.0, 0.0, 0.0, 1.0, 1.0, 1.0, 0.0, 1.0, 1.0, 1.0, 0.0, 1.0, 1.0, 1.0, 0.0, 1.0, 0.0, 0.0, 1.0, 0.0, 0.0, 0.0, 1.0, 1.0, 0.0, 1.0, 1.0, 1.0, 1.0, 1.0, 1.0, 1.0, 0.0, 1.0, 0.0, 0.0, 1.0, 1.0, 0.0, 1.0, 1.0, 1.0, 0.0, 1.0, 0.0, 0.0, 1.0, 1.0, 1.0, 0.0, 0.0, 1.0, 1.0, 0.0, 1.0, 0.0, 1.0, 1.0, 0.0, 1.0, 1.0, 0.0, 0.0, 1.0, 0.0, 1.0, 1.0, 0.0, 0.0, 0.0, 0.0, 1.0, 1.0, 0.0, 1.0, 1.0, 1.0, 0.0, 0.0, 1.0, 0.0, 1.0, 0.0, 1.0, 0.0, 1.0, 1.0, 0.0, 0.0, 1.0, 1.0, 1.0, 1.0, 0.0, 1.0, 1.0, 0.0, 1.0, 0.0, 0.0, 1.0, 1.0, 1.0, 1.0, 0.0, 1.0, 1.0, 1.0, 0.0, 0.0, 0.0, 1.0, 0.0, 0.0, 1.0, 1.0, 0.0, 0.0, 0.0, 0.0, 1.0, 0.0, 1.0, 0.0, 1.0, 1.0, 0.0, 1.0, 0.0, 0.0, 0.0, 1.0, 1.0, 1.0, 0.0, 0.0, 0.0, 0.0, 0.0, 0.0, 0.0, 0.0, 0.0, 0.0, 1.0, 0.0, 1.0, 1.0, 0.0, 1.0, 1.0, 1.0, 0.0, 0.0, 0.0, 1.0, 0.0, 1.0, 1.0, 1.0, 1.0, 0.0, 0.0, 1.0, 1.0, 1.0, 0.0, 1.0, 1.0, 0.0, 0.0, 1.0, 1.0, 0.0, 1.0, 0.0, 0.0, 0.0, 0.0, 1.0, 0.0, 0.0, 1.0, 1.0, 1.0, 1.0, 0.0, 0.0, 1.0, 1.0, 1.0, 1.0, 0.0, 0.0, 1.0, 1.0, 1.0, 1.0, 1.0, 1.0, 0.0, 0.0, 0.0, 0.0, 0.0, 1.0, 0.0, 1.0, 1.0, 1.0, 1.0, 1.0, 0.0, 1.0, 1.0, 0.0, 0.0, 1.0, 1.0, 1.0, 0.0, 0.0, 1.0, 1.0, 0.0, 0.0, 1.0, 0.0, 1.0, 1.0, 1.0, 1.0, 1.0, 1.0, 0.0, 1.0, 1.0, 0.0, 0.0, 1.0, 1.0, 1.0, 0.0, 1.0, 0.0, 0.0, 1.0, 1.0, 1.0, 1.0, 0.0, 0.0, 0.0, 1.0, 0.0, 0.0, 1.0, 1.0, 0.0, 1.0, 1.0, 1.0, 1.0, 0.0, 1.0, 0.0, 1.0, 1.0, 1.0, 1.0, 1.0, 1.0, 0.0, 1.0, 0.0, 1.0, 1.0, 0.0, 0.0, 0.0, 1.0, 1.0, 0.0, 0.0, 0.0, 1.0, 0.0, 0.0, 1.0, 0.0, 1.0, 1.0, 0.0, 0.0, 0.0, 0.0, 1.0, 0.0, 0.0, 0.0, 0.0, 0.0, 0.0, 0.0, 1.0, 0.0, 0.0, 1.0, 1.0, 0.0, 0.0, 1.0, 1.0, 0.0, 1.0, 0.0, 0.0, 0.0, 1.0, 1.0, 0.0, 1.0, 1.0, 1.0, 0.0, 0.0, 0.0, 0.0, 1.0, 0.0, 0.0, 1.0]","['lNONHSAG000311', 'lNONHSAG000863', 'lNONHSAG000967', 'lNONHSAG001513', 'lNONHSAG002359', 'lNONHSAG003074', 'lNONHSAG003303', 'lNONHSAG003938', 'lNONHSAG004013', 'lNONHSAG004247', 'lNONHSAG004674', 'lNONHSAG005838', 'lNONHSAG006007', 'lNONHSAG006678', 'lNONHSAG006692', 'lNONHSAG007463', 'lNONHSAG007602', 'lNONHSAG007715', 'lNONHSAG008220', 'lNONHSAG009728', 'lNONHSAG010348', 'lNONHSAG012025', 'lNONHSAG012505', 'lNONHSAG013005', 'lNONHSAG013940', 'lNONHSAG014373', 'lNONHSAG014381', 'lNONHSAG014502', 'lNONHSAG014914', 'lNONHSAG015215', 'lNONHSAG015454', 'lNONHSAG016021', 'lNONHSAG016486', 'lNONHSAG017377', 'lNONHSAG018322', 'lNONHSAG018621', 'lNONHSAG018893', 'lNONHSAG019115', 'lNONHSAG019613', 'lNONHSAG019711', 'lNONHSAG020274', 'lNONHSAG020298', 'lNONHSAG021335', 'lNONHSAG021370', 'lNONHSAG021410', 'lNONHSAG022655', 'lNONHSAG023387', 'lNONHSAG023579', 'lNONHSAG024141', 'lNONHSAG024332', 'lNONHSAG025864', 'lNONHSAG025865', 'lNONHSAG027075', 'lNONHSAG027598', 'lNONHSAG027694', 'lNONHSAG028045', 'lNONHSAG028083', 'lNONHSAG028820', 'lNONHSAG029080', 'lNONHSAG029377', 'lNONHSAG029956', 'lNONHSAG029958', 'lNONHSAG030258', 'lNONHSAG030583', 'lNONHSAG031123', 'lNONHSAG031425', 'lNONHSAG032126', 'lNONHSAG032312', 'lNONHSAG032737', 'lNONHSAG033170', 'lNONHSAG033224', 'lNONHSAG033263', 'lNONHSAG033298', 'lNONHSAG033352', 'lNONHSAG033459', 'lNONHSAG033937', 'lNONHSAG034846', 'lNONHSAG035568', 'lNONHSAG037080', 'lNONHSAG037082', 'lNONHSAG037146', 'lNONHSAG037559', 'lNONHSAG038060', 'lNONHSAG038091', 'lNONHSAG038836', 'lNONHSAG039037', 'lNONHSAG039147', 'lNONHSAG039620', 'lNONHSAG039872', 'lNONHSAG039951', 'lNONHSAG040692', 'lNONHSAG041480', 'lNONHSAG041592', 'lNONHSAG041707', 'lNONHSAG042138', 'lNONHSAG042722', 'lNONHSAG044429', 'lNONHSAG044791', 'lNONHSAG047463', 'lNONHSAG048057', 'lNONHSAG048623', 'lNONHSAG048641', 'lNONHSAG048817', 'lNONHSAG049288', 'lNONHSAG051770', 'lNONHSAG053014', 'lNONHSAG053028', 'lNONHSAG053033', 'lNONHSAG053796', 'lNONHSAG055258', 'lNONHSAG061096', 'lNONHSAG061492', 'lNONHSAG068639', 'lNONHSAG074052', 'lNONHSAG075363', 'lNONHSAG077475', 'lNONHSAG080772', 'lNONHSAG081993', 'lNONHSAG083615', 'lNONHSAG083894', 'lNONHSAG093517', 'lNONHSAG094075', 'lNONHSAG097347', 'lNONHSAG099774', 'lENSG00000225470', 'lENSG00000226137', 'lENSG00000227963', 'lENSG00000228022', 'lENSG00000230257', 'lENSG00000231663', 'lENSG00000241388', 'lENSG00000245614', 'lENSG00000265374', 'lENSG00000269911', 'lENSG00000279296', 'lA1BG-AS1', 'lANKRD62P1-PARP4P3', 'lDGKK', 'lGHET1', 'lKCTD21-AS1', 'lLAMTOR5-AS1', 'lLBX2-AS1', 'lLPP-AS2', 'lMYLK-AS1', 'lRP11-49K24.4', 'lRP5-1061H20.4', 'lNONHSAG000157', 'lNONHSAG000896', 'lNONHSAG002487', 'lNONHSAG003308', 'lNONHSAG005473', 'lNONHSAG005747', 'lNONHSAG005915', 'lNONHSAG006078', 'lNONHSAG006086', 'lNONHSAG006186', 'lNONHSAG006377', 'lNONHSAG006399', 'lNONHSAG006581', 'lNONHSAG006808', 'lNONHSAG007118', 'lNONHSAG007129', 'lNONHSAG007730', 'lENSG00000177596', 'lENSG00000203605', 'lENSG00000203864', 'lENSG00000221845', 'lENSG00000222044', 'lENSG00000223374', 'lENSG00000223634', 'lENSG00000223809', 'lENSG00000224075', 'lENSG00000224541', 'lENSG00000225012', 'lENSG00000226047', 'lENSG00000226337', 'lENSG00000226454', 'lENSG00000226508', 'lENSG00000226576', 'lENSG00000227769', 'lENSG00000228548', 'lENSG00000228950', 'lENSG00000229190', 'lENSG00000229370', 'lENSG00000230234', 'lENSG00000230599', 'lENSG00000230972', 'lENSG00000231092', 'lENSG00000232058', 'lENSG00000232451', 'lENSG00000232596', 'lENSG00000233407', 'lENSG00000233534', 'lENSG00000233656', 'lENSG00000233891', 'lENSG00000233969', 'lENSG00000234117', 'lENSG00000234693', 'lENSG00000234860', 'lENSG00000235122', 'lENSG00000235435', 'lENSG00000235669', 'lENSG00000236498', 'lENSG00000236559', 'lENSG00000236648', 'lENSG00000237073', 'lENSG00000237337', 'lENSG00000237670', 'lENSG00000240573', 'lENSG00000241593', 'lENSG00000242391', 'lENSG00000243149', 'lENSG00000245148', 'lENSG00000247925', 'lENSG00000249441', 'lENSG00000249697', 'lENSG00000249782', 'lENSG00000249865', 'lENSG00000250062', 'lENSG00000250242', 'lENSG00000250626', 'lENSG00000250949', 'lENSG00000251185', 'lENSG00000251194', 'lENSG00000253167', 'lENSG00000253282', 'lENSG00000253449', 'lENSG00000253665', 'lENSG00000253754', 'lENSG00000253947', 'lENSG00000254094', 'lENSG00000254123', 'lENSG00000254171', 'lENSG00000254325', 'lENSG00000254380', 'lENSG00000254456', 'lENSG00000255084', 'lENSG00000255357', 'lENSG00000255390', 'lENSG00000255523', 'lENSG00000255565', 'lENSG00000255839', 'lENSG00000256209', 'lENSG00000256234', 'lENSG00000257165', 'lENSG00000257264', 'lENSG00000257342', 'lENSG00000257541', 'lENSG00000257732', 'lENSG00000258044', 'lENSG00000258425', 'lENSG00000258460', 'lENSG00000258670', 'lENSG00000258742', 'lENSG00000258800', 'lENSG00000259202', 'lENSG00000259945', 'lENSG00000260186', 'lENSG00000260454', 'lENSG00000260605', 'lENSG00000260773', 'lENSG00000260798', 'lENSG00000261729', 'lENSG00000262151', 'lENSG00000262815', 'lENSG00000263585', 'lENSG00000263618', 'lENSG00000263873', 'lENSG00000264622', 'lENSG00000264734', 'lENSG00000264825', 'lENSG00000265334', 'lENSG00000265474', 'lENSG00000265743', 'lENSG00000265840', 'lENSG00000266541', 'lENSG00000267000', 'lENSG00000267791', 'lENSG00000267980', 'lENSG00000268289', 'lENSG00000268520', 'lENSG00000269292', 'lENSG00000269495', 'lENSG00000269987', 'lENSG00000270082', 'lENSG00000270094', 'lENSG00000270108', 'lENSG00000270380', 'lENSG00000271032', 'lENSG00000271945', 'lENSG00000272027', 'lENSG00000273035', 'lENSG00000273461', 'lENSG00000281831', 'lENSG00000283083', 'lENSG00000283766', 'lENSG00000284500', 'lENSG00000285012', 'lENSG00000285473', 'lENSG00000285889', 'lENSG00000286020', 'lENSG00000286276', 'lENSG00000286331', 'lENSG00000286419', 'lENSG00000286515', 'lENSG00000286645', 'lENSG00000287236', 'lENSG00000287441', 'lENSG00000287501', 'lENSG00000287517', 'lENSG00000287518', 'lENSG00000229454', 'lENSG00000244620', 'lENSG00000254306', 'lENSG00000256686', 'lENSG00000258196', 'lENSG00000261470', 'lENSG00000266893', 'lENSG00000269391', 'lENSG00000273403', 'lENSG00000263316', 'lENSG00000260141', 'lENSG00000272934']","[1.0, 0.0, 0.0, 0.0, 1.0, 0.0, 0.0, 0.0, 0.0, 1.0, 1.0, 1.0, 1.0, 1.0, 1.0, 1.0, 0.0, 0.0, 1.0, 0.0, 1.0, 0.0, 1.0, 1.0, 1.0, 1.0, 0.0, 0.0, 1.0, 1.0, 1.0, 1.0, 1.0, 0.0, 1.0, 1.0, 0.0, 0.0, 0.0, 1.0, 1.0, 1.0, 0.0, 1.0, 0.0, 0.0, 0.0, 1.0, 0.0, 0.0, 0.0, 1.0, 0.0, 1.0, 0.0, 1.0, 0.0, 0.0, 0.0, 1.0, 1.0, 0.0, 1.0, 0.0, 0.0, 0.0, 1.0, 0.0, 0.0, 1.0, 1.0, 0.0, 1.0, 1.0, 1.0, 1.0, 1.0, 0.0, 1.0, 0.0, 0.0, 1.0, 0.0, 0.0, 0.0, 1.0, 1.0, 0.0, 0.0, 1.0, 0.0, 1.0, 1.0, 0.0, 0.0, 1.0, 0.0, 0.0, 1.0, 0.0, 0.0, 0.0, 1.0, 0.0, 0.0, 0.0, 0.0, 1.0, 0.0, 0.0, 0.0, 0.0, 0.0, 1.0, 1.0, 1.0, 0.0, 1.0, 1.0, 1.0, 0.0, 0.0, 1.0, 1.0, 1.0, 1.0, 0.0, 1.0, 1.0, 0.0, 0.0, 1.0, 0.0, 0.0, 0.0, 0.0, 1.0, 0.0, 0.0, 0.0, 1.0, 1.0, 0.0, 1.0, 1.0, 0.0, 0.0, 0.0, 0.0, 0.0, 0.0, 1.0, 0.0, 1.0, 0.0, 1.0, 1.0, 1.0, 1.0, 1.0, 0.0, 0.0, 1.0, 1.0, 1.0, 1.0, 1.0, 0.0, 0.0, 0.0, 1.0, 0.0, 0.0, 1.0, 1.0, 1.0, 0.0, 0.0, 1.0, 1.0, 0.0, 0.0, 1.0, 0.0, 0.0, 0.0, 1.0, 1.0, 1.0, 1.0, 0.0, 0.0, 0.0, 0.0, 0.0, 0.0, 0.0, 0.0, 1.0, 0.0, 1.0, 1.0, 0.0, 0.0, 1.0, 0.0, 1.0, 0.0, 0.0, 0.0, 1.0, 0.0, 1.0, 1.0, 0.0, 0.0, 1.0, 1.0, 0.0, 1.0, 1.0, 0.0, 0.0, 1.0, 0.0, 0.0, 1.0, 1.0, 0.0, 0.0, 1.0, 0.0, 1.0, 0.0, 0.0, 1.0, 0.0, 0.0, 1.0, 1.0, 0.0, 1.0, 0.0, 0.0, 0.0, 1.0, 1.0, 1.0, 1.0, 1.0, 1.0, 0.0, 1.0, 0.0, 1.0, 1.0, 1.0, 0.0, 1.0, 0.0, 0.0, 0.0, 0.0, 1.0, 1.0, 0.0, 0.0, 0.0, 0.0, 1.0, 0.0, 0.0, 1.0, 1.0, 0.0, 0.0, 1.0, 0.0, 1.0, 1.0, 0.0, 1.0, 1.0, 0.0, 0.0, 1.0, 0.0, 0.0, 1.0, 0.0, 0.0, 1.0, 1.0, 0.0, 0.0, 1.0, 1.0, 1.0, 0.0, 1.0, 0.0, 0.0, 0.0, 0.0, 0.0, 1.0, 0.0, 0.0, 0.0, 1.0, 1.0, 0.0, 0.0, 0.0, 0.0, 1.0, 0.0, 1.0, 1.0, 1.0, 1.0, 1.0, 1.0]","[1, 1, 1, 0, 1, 0, 0, 0, 0, 0, 0, 0, 1, 0, 0, 1, 0, 1, 1, 1, 1, 1, 1, 1, 0, 0, 1, 1, 1, 0, 1, 1, 0, 0, 1, 1, 1, 0, 1, 1, 1, 1, 1, 0, 0, 1, 0, 1, 0, 1, 0, 0, 1, 1, 1, 1, 0, 0, 1, 1, 0, 0, 1, 0, 0, 1, 0, 1, 1, 1, 0, 0, 1, 1, 1, 0, 1, 0, 1, 1, 0, 1, 0, 1, 0, 1, 0, 1, 0, 1, 1, 0, 0, 0, 1, 1, 1, 0, 1, 1, 1, 0, 0, 1, 0, 0, 1, 1, 0, 1, 1, 0, 0, 0, 0, 1, 1, 0, 0, 0, 1, 1, 0, 0, 1, 1, 1, 0, 1, 0, 1, 1, 1, 0, 0, 0, 0, 0, 0, 1, 1, 1, 0, 1, 1, 1, 0, 0, 1, 1, 1, 0, 0, 0, 1, 0, 0, 0, 1, 1, 0, 1, 0, 1, 1, 0, 0, 0, 1, 1, 0, 1, 0, 1, 0, 0, 0, 1, 1, 1, 0, 0, 0, 0, 0, 1, 1, 1, 1, 1, 1, 1, 1, 1, 1, 1, 0, 1, 1, 1, 0, 1, 0, 0, 1, 1, 0, 1, 0, 0, 0, 1, 0, 1, 1, 0, 1, 1, 1, 1, 1, 0, 0, 1, 0, 0, 0, 1, 0, 1, 1, 1, 1, 0, 0, 1, 1, 0, 1, 1, 1, 0, 1, 1, 0, 0, 1, 1, 1, 0, 0, 1, 0, 1, 1, 1, 1, 0, 0, 0, 1, 1, 0, 0, 0, 1, 1, 1, 0, 1, 1, 1, 1, 0, 1, 0, 0, 0, 1, 1, 0, 1, 1, 1, 0, 1, 0, 0, 1, 0, 0, 0, 0, 0, 0, 0, 1, 1, 0, 1, 0, 1, 0, 0, 0, 1, 0, 0, 1, 1, 1, 0, 1, 0, 1, 0, 1, 0, 0, 1, 0, 0, 0]","[0.06534169591060712, 0.003736871424885657, 0.10973482834547321, -0.09337625973193686, 0.13701696784853967, -0.16005597289219187, -0.18346763547626332, -0.6008774952339632, -0.026873596093441754, -0.1049001316743462, -0.20330768774441432, -0.18984016925198277, 0.5390411659169972, -0.014934747274136462, -0.08250161053221061, 0.048929907588289745, -0.11349752650796174, 0.13152220735579034, 0.3154406300997735, 0.04499512517381421, 0.006797048473746181, 0.22526163014429967, 0.11114025584961784, 0.0989943519940587, -0.3997243544465404, -0.09577589857848812, 0.05006401940120908, 0.2462398406844205, 0.030574266727459887, -0.17638400263644927, 0.21918002643867462, 0.012350866601029353, -0.16474378722227312, -0.3733814281443969, 0.10042568788954542, 0.04631904651919039, 0.18914943218703428, -0.008804913637842637, 0.12764820357621043, 0.06312207906628109, 0.1348763480940246, 0.0801955727558804, 0.10893276343989877, -0.25409126894848855, -0.3457197600098615, 0.13222977856006024, -0.007932675302784964, 0.208963639040309, -0.06760710650083046, 0.39642342197070113, -0.11209970564071392, -0.2412474226860869, 0.018937227546026558, 0.07923675370600114, 0.08099239583099804, 0.06555251722510003, -0.12770032634999529, -0.0060627425650142674, 0.18813601744287445, 0.013366956426437704, -2.268713497982111, -0.36729224488763756, 0.09262359283483124, -0.4676672623561634, -0.16540378525869792, 0.28004143714837115, -0.3298063775104557, 0.013272892749964904, 0.2576128951192068, 0.30412070648332146, -0.0120426217393369, -0.030702672194898084, 0.16187905192416674, 0.16034967125712785, 0.38768074958399323, -0.1605771627570366, 0.22722307881787318, -0.3370118566195076, 0.03856808868067374, 0.3113424134658761, -0.2463281347969003, 0.023483758457862103, -0.026649405793616743, 0.12349555706182402, -0.3643173578429163, 0.18466315423058577, -0.16016715808271653, 0.17229581723537246, -0.015162919515617879, 0.11229116654748117, 0.012571121281057196, -0.07339990508639038, -0.008457600426322265, -0.05384892163801058, 0.1715330392298423, 0.3154605004200889, 0.18839763291385003, -0.05425553391533133, 0.20363529581871165, 0.36196769437890153, 0.09799030491059535, -0.12759718711653834, -0.46908183685129445, 0.15501629007594586, -0.16361097937282876, -0.0804681246736062, 0.18422387849486876, 0.38775977303038067, -0.019839983169062214, 0.005999492146238183, 0.14737054330881405, -0.3895224339760016, -1.2456489285026078, -0.09788055327436174, -0.15646454619663996, 0.36924117249136634, 0.1415442349078596, -0.07900557657361806, -0.4962526164625508, -0.0737672056141706, 0.03337592477206652, 0.232925694220517, -0.22451925721632937, -0.3018388917546776, 0.37385448714697544, 0.0312161233102618, 0.20254845723471215, -0.16068670449387656, 0.14278760851135364, -0.24018353434079376, 0.0733909904897071, 0.09570932002765897, 0.29847367151895166, -0.14483398135975045, -0.0110144366860222, -0.042567456648785806, -0.20919015115295048, -0.2779305772127335, -0.290725600292962, 0.08842189905403564, 0.4200926036642111, 0.21369850320650718, -0.07618703959449424, 0.33985584193200025, 0.09082075688989788, 0.23371559727241442, -0.07901869258290561, -0.028254114630687055, 0.053620501073642246, 0.033164406152744186, 0.04235440399738766, -0.2538879742065173, -0.23576094069482367, -0.09098835111217196, 0.19312123936148995, -0.013842354494863485, -0.3484090927260718, -0.3226093643831932, 0.05773028921120871, 0.008230029898539493, -0.3646527633078266, 0.03785170019020134, -0.025199104228591174, 0.026991423655870705, 0.06895904927103536, -0.02561120851663501, -0.2642215090993941, -0.17987061202246346, 0.24674400843027888, 0.03209435368486224, -0.09229548341137928, 0.06375363573775117, -0.03172140009678859, 0.001252423219371246, -0.15536933645851325, -0.012847185765464064, -0.20224417787544613, 0.19165849232073662, 0.11089134875913953, 0.19437408164647396, -0.14949890936003685, -0.03507154836594972, -0.14222892585295976, -0.06477517596629967, -0.051050905008874436, 0.07355903589888302, 0.016745485985016573, 0.26513935061087734, 0.11497411049907147, 0.017827750060784298, 0.2267275699840866, 0.15258395893924848, 0.014034735182796632, 0.1554314166166103, 0.19074965891070572, 0.0035197067212143773, -0.07312106425442211, 0.04544549476288007, 0.13129569124556684, 0.04255609316977493, -0.017944046603291297, 0.21114954292059596, -0.12471944209486396, -0.26310690316326857, 0.3786545210770057, 0.14332634424265855, -0.08866435803321282, 0.013241274390191404, -0.3987482422650833, -0.05512309406823712, -0.09966529456540296, 0.11563857779363629, -0.3810294128082806, 0.035917231529028926, 0.08449321059040094, -0.27476181114033993, 0.0031015646520328177, 0.19400827056231462, 0.07082065738031063, 0.06535970297577454, 0.06792516554171757, -0.1875633564481255, -0.03411226056300387, 0.1797320583142593, -0.48078493070238915, -0.17205432604079307, -0.09381587625861376, 0.21990605117588846, -0.13856721047486287, 0.153724895244837, 0.015177860090484274, 0.12018198618991083, 0.21637493493129123, -0.10029693699693742, -0.04788336817865291, 0.0151015624575771, 0.08192672834727299, -0.21007940935544756, 0.2855874670556583, 0.06591801106176887, 0.07158214593792389, -0.03436082910013283, 0.1186957960541225, 0.4019591829820094, -0.03353462065272372, -0.0790939062531647, 0.09824229900247483, 0.20960523489772565, 0.18828226760718858, -0.39786297008314475, -0.011987011776754986, 0.3054076185243769, -0.09281264585536053, 0.1659041256403727, 0.14302026639157328, 0.1752802262240586, 0.13812857695776348, -0.28080138526495657, -0.11510138338407871, -0.0427917768473155, 0.17041269539608328, 0.14142254821043398, -0.03310816977151487, -0.3466377402861006, -0.24540482466787095, 0.1743456133295359, 0.06024497974606213, 0.023850135419235863, -0.1098703395308881, 0.05099776005137413, 0.030023113831504245, 0.27074034745407227, 0.13072940117685372, -0.34842702110640855, 0.06953371270551856, -0.13343534481655117, -0.011281524919464991, -0.0317911638342413, 0.08863554295854847, 0.19698654179112884, -0.11435866344885282, 0.21426154605397596, 0.3408694383148979, 0.24762386439505557, -0.3833799919782116, 0.06612044121114524, -0.10813625182335185, -0.23654438220127794, 0.22331311621881078, -0.016851579300140584, -0.1676471524803652, -0.2725630401449711, -0.042127411078719645, -0.02322201632714138, -0.01694316027805509, -0.043814267653698225, 0.1323725738382885, 0.16665946113539143, -0.11769327593494594, 0.36487745003746996, -0.34595838954890457, 0.04203378649361922, -0.08743623877811835, -0.07947855309596485, -0.059307762934733055, 0.09860136779929152, -0.040977857837332876, -0.03857599811791468, 0.028322371588870632, 0.34716313478087113, 0.008737848084905964, -0.14835150633151295, 0.19832345216352631, -0.04262948260866428, 0.06784029966534944, -0.15303761652550418, 0.012504001763454675, -0.03607301696973886, -0.07748923319629009, 0.02255311398467097, -0.13236020062123488, -0.20987720098354312, -0.0007012752050855608]"
8,"['lNONHSAG000008', 'lNONHSAG000047', 'lNONHSAG000059', 'lNONHSAG000130', 'lNONHSAG000195', 'lNONHSAG000241', 'lNONHSAG000253', 'lNONHSAG000311', 'lNONHSAG000374', 'lNONHSAG000381', 'lNONHSAG000464', 'lNONHSAG000484', 'lNONHSAG000498', 'lNONHSAG000579', 'lNONHSAG000584', 'lNONHSAG000603', 'lNONHSAG000625', 'lNONHSAG000742', 'lNONHSAG000769', 'lNONHSAG000840', 'lNONHSAG000843', 'lNONHSAG000863', 'lNONHSAG000884', 'lNONHSAG000918', 'lNONHSAG000967', 'lNONHSAG001142', 'lNONHSAG001172', 'lNONHSAG001238', 'lNONHSAG001247', 'lNONHSAG001259', 'lNONHSAG001278', 'lNONHSAG001284', 'lNONHSAG001360', 'lNONHSAG001375', 'lNONHSAG001448', 'lNONHSAG001468', 'lNONHSAG001513', 'lNONHSAG001724', 'lNONHSAG001773', 'lNONHSAG001837', 'lNONHSAG001941', 'lNONHSAG002056', 'lNONHSAG002058', 'lNONHSAG002086', 'lNONHSAG002134', 'lNONHSAG002135', 'lNONHSAG002343', 'lNONHSAG002359', 'lNONHSAG002378', 'lNONHSAG002454', 'lNONHSAG002490', 'lNONHSAG002549', 'lNONHSAG002669', 'lNONHSAG002719', 'lNONHSAG002731', 'lNONHSAG002752', 'lNONHSAG002883', 'lNONHSAG003053', 'lNONHSAG003056', 'lNONHSAG003068', 'lNONHSAG003074', 'lNONHSAG003077', 'lNONHSAG003134', 'lNONHSAG003156', 'lNONHSAG003244', 'lNONHSAG003269', 'lNONHSAG003303', 'lNONHSAG003504', 'lNONHSAG003505', 'lNONHSAG003512', 'lNONHSAG003645', 'lNONHSAG003820', 'lNONHSAG003874', 'lNONHSAG003884', 'lNONHSAG003886', 'lNONHSAG003900', 'lNONHSAG003912', 'lNONHSAG003938', 'lNONHSAG003957', 'lNONHSAG003976', 'lNONHSAG004013', 'lNONHSAG004026', 'lNONHSAG004054', 'lNONHSAG004095', 'lNONHSAG004247', 'lNONHSAG004303', 'lNONHSAG004305', 'lNONHSAG004373', 'lNONHSAG004619', 'lNONHSAG004674', 'lNONHSAG004714', 'lNONHSAG004743', 'lNONHSAG004868', 'lNONHSAG005153', 'lNONHSAG005339', 'lNONHSAG005377', 'lNONHSAG005403', 'lNONHSAG005669', 'lNONHSAG005699', 'lNONHSAG005711', 'lNONHSAG005721', 'lNONHSAG005728', 'lNONHSAG005732', 'lNONHSAG005742', 'lNONHSAG005838', 'lNONHSAG005866', 'lNONHSAG005920', 'lNONHSAG006007', 'lNONHSAG006049', 'lNONHSAG006054', 'lNONHSAG006071', 'lNONHSAG006163', 'lNONHSAG006204', 'lNONHSAG006212', 'lNONHSAG006341', 'lNONHSAG006362', 'lNONHSAG006454', 'lNONHSAG006457', 'lNONHSAG006474', 'lNONHSAG006477', 'lNONHSAG006526', 'lNONHSAG006633', 'lNONHSAG006678', 'lNONHSAG006692', 'lNONHSAG006735', 'lNONHSAG006756', 'lNONHSAG006763', 'lNONHSAG006772', 'lNONHSAG006865', 'lNONHSAG006945', 'lNONHSAG006966', 'lNONHSAG007109', 'lNONHSAG007295', 'lNONHSAG007324', 'lNONHSAG007384', 'lNONHSAG007430', 'lNONHSAG007431', 'lNONHSAG007434', 'lNONHSAG007455', 'lNONHSAG007463', 'lNONHSAG007538', 'lNONHSAG007602', 'lNONHSAG007631', 'lNONHSAG007692', 'lNONHSAG007708', 'lNONHSAG007715', 'lNONHSAG007868', 'lNONHSAG007961', 'lNONHSAG007983', 'lNONHSAG007984', 'lNONHSAG008015', 'lNONHSAG008037', 'lNONHSAG008056', 'lNONHSAG008167', 'lNONHSAG008199', 'lNONHSAG008220', 'lNONHSAG008354', 'lNONHSAG008517', 'lNONHSAG008540', 'lNONHSAG008552', 'lNONHSAG008589', 'lNONHSAG008615', 'lNONHSAG008654', 'lNONHSAG008670', 'lNONHSAG008675', 'lNONHSAG008693', 'lNONHSAG008726', 'lNONHSAG008759', 'lNONHSAG008859', 'lNONHSAG008937', 'lNONHSAG008952', 'lNONHSAG008966', 'lNONHSAG009021', 'lNONHSAG009039', 'lNONHSAG009059', 'lNONHSAG009062', 'lNONHSAG009124', 'lNONHSAG009133', 'lNONHSAG009134', 'lNONHSAG009174', 'lNONHSAG009180', 'lNONHSAG009193', 'lNONHSAG009228', 'lNONHSAG009544', 'lNONHSAG009546', 'lNONHSAG009613', 'lNONHSAG009636', 'lNONHSAG009728', 'lNONHSAG009747', 'lNONHSAG009755', 'lNONHSAG009757', 'lNONHSAG009782', 'lNONHSAG009913', 'lNONHSAG009938', 'lNONHSAG009945', 'lNONHSAG009989', 'lNONHSAG010021', 'lNONHSAG010117', 'lNONHSAG010184', 'lNONHSAG010186', 'lNONHSAG010189', 'lNONHSAG010193', 'lNONHSAG010194', 'lNONHSAG010348', 'lNONHSAG010352', 'lNONHSAG010405', 'lNONHSAG010416', 'lNONHSAG010543', 'lNONHSAG010657', 'lNONHSAG010716', 'lNONHSAG010792', 'lNONHSAG010798', 'lNONHSAG010940', 'lNONHSAG010986', 'lNONHSAG011057', 'lNONHSAG011070', 'lNONHSAG011084', 'lNONHSAG011086', 'lNONHSAG011090', 'lNONHSAG011125', 'lNONHSAG011211', 'lNONHSAG011230', 'lNONHSAG011264', 'lNONHSAG011343', 'lNONHSAG011375', 'lNONHSAG011439', 'lNONHSAG011446', 'lNONHSAG011518', 'lNONHSAG011524', 'lNONHSAG011633', 'lNONHSAG011658', 'lNONHSAG011790', 'lNONHSAG011854', 'lNONHSAG011870', 'lNONHSAG011935', 'lNONHSAG012025', 'lNONHSAG012076', 'lNONHSAG012077', 'lNONHSAG012099', 'lNONHSAG012297', 'lNONHSAG012303', 'lNONHSAG012367', 'lNONHSAG012375', 'lNONHSAG012423', 'lNONHSAG012476', 'lNONHSAG012505', 'lNONHSAG012534', 'lNONHSAG012540', 'lNONHSAG012549', 'lNONHSAG012555', 'lNONHSAG012594', 'lNONHSAG012614', 'lNONHSAG012617', 'lNONHSAG012751', 'lNONHSAG012791', 'lNONHSAG013005', 'lNONHSAG013060', 'lNONHSAG013095', 'lNONHSAG013098', 'lNONHSAG013109', 'lNONHSAG013388', 'lNONHSAG013431', 'lNONHSAG013515', 'lNONHSAG013534', 'lNONHSAG013568', 'lNONHSAG013708', 'lNONHSAG013730', 'lNONHSAG013790', 'lNONHSAG013809', 'lNONHSAG013912', 'lNONHSAG013917', 'lNONHSAG013940', 'lNONHSAG013942', 'lNONHSAG013944', 'lNONHSAG013946', 'lNONHSAG013954', 'lNONHSAG013992', 'lNONHSAG014098', 'lNONHSAG014267', 'lNONHSAG014289', 'lNONHSAG014332', 'lNONHSAG014362', 'lNONHSAG014372', 'lNONHSAG014373', 'lNONHSAG014381', 'lNONHSAG014496', 'lNONHSAG014502', 'lNONHSAG014546', 'lNONHSAG014562', 'lNONHSAG014591', 'lNONHSAG014679', 'lNONHSAG014730', 'lNONHSAG014891', 'lNONHSAG014914', 'lNONHSAG015044', 'lNONHSAG015163', 'lNONHSAG015215', 'lNONHSAG015234', 'lNONHSAG015352', 'lNONHSAG015417', 'lNONHSAG015454', 'lNONHSAG015461', 'lNONHSAG015505', 'lNONHSAG015591', 'lNONHSAG015623', 'lNONHSAG015692', 'lNONHSAG015723', 'lNONHSAG015787', 'lNONHSAG015788', 'lNONHSAG015961', 'lNONHSAG016021', 'lNONHSAG016068', 'lNONHSAG016199', 'lNONHSAG016395', 'lNONHSAG016403', 'lNONHSAG016486', 'lNONHSAG016487', 'lNONHSAG016611', 'lNONHSAG016618', 'lNONHSAG016623', 'lNONHSAG016733', 'lNONHSAG016741', 'lNONHSAG016749', 'lNONHSAG016771', 'lNONHSAG017020', 'lNONHSAG017232', 'lNONHSAG017238', 'lNONHSAG017254', 'lNONHSAG017282', 'lNONHSAG017288', 'lNONHSAG017344', 'lNONHSAG017347', 'lNONHSAG017349', 'lNONHSAG017377', 'lNONHSAG017379', 'lNONHSAG017417', 'lNONHSAG017567', 'lNONHSAG017666', 'lNONHSAG017767', 'lNONHSAG017783', 'lNONHSAG017882', 'lNONHSAG017890', 'lNONHSAG017899', 'lNONHSAG018053', 'lNONHSAG018054', 'lNONHSAG018058', 'lNONHSAG018110', 'lNONHSAG018180', 'lNONHSAG018203', 'lNONHSAG018236', 'lNONHSAG018322', 'lNONHSAG018326', 'lNONHSAG018341', 'lNONHSAG018344', 'lNONHSAG018372', 'lNONHSAG018374', 'lNONHSAG018414', 'lNONHSAG018415', 'lNONHSAG018416', 'lNONHSAG018417', 'lNONHSAG018420', 'lNONHSAG018461', 'lNONHSAG018530', 'lNONHSAG018586', 'lNONHSAG018621', 'lNONHSAG018635', 'lNONHSAG018656', 'lNONHSAG018659', 'lNONHSAG018707', 'lNONHSAG018709', 'lNONHSAG018711', 'lNONHSAG018829', 'lNONHSAG018889', 'lNONHSAG018893', 'lNONHSAG018903', 'lNONHSAG018980', 'lNONHSAG019003', 'lNONHSAG019012', 'lNONHSAG019014', 'lNONHSAG019023', 'lNONHSAG019031', 'lNONHSAG019051', 'lNONHSAG019079', 'lNONHSAG019090', 'lNONHSAG019115', 'lNONHSAG019134', 'lNONHSAG019158', 'lNONHSAG019221', 'lNONHSAG019270', 'lNONHSAG019370', 'lNONHSAG019493', 'lNONHSAG019569', 'lNONHSAG019613', 'lNONHSAG019667', 'lNONHSAG019670', 'lNONHSAG019711', 'lNONHSAG019767', 'lNONHSAG019813', 'lNONHSAG019814', 'lNONHSAG019848', 'lNONHSAG019852', 'lNONHSAG019878', 'lNONHSAG019898', 'lNONHSAG019967', 'lNONHSAG020053', 'lNONHSAG020066', 'lNONHSAG020068', 'lNONHSAG020075', 'lNONHSAG020107', 'lNONHSAG020153', 'lNONHSAG020218', 'lNONHSAG020223', 'lNONHSAG020259', 'lNONHSAG020273', 'lNONHSAG020274', 'lNONHSAG020277', 'lNONHSAG020278', 'lNONHSAG020281', 'lNONHSAG020298', 'lNONHSAG020304', 'lNONHSAG020307', 'lNONHSAG020321', 'lNONHSAG020325', 'lNONHSAG020339', 'lNONHSAG020361', 'lNONHSAG020367', 'lNONHSAG020372', 'lNONHSAG020374', 'lNONHSAG020382', 'lNONHSAG020403', 'lNONHSAG020474', 'lNONHSAG020476', 'lNONHSAG020600', 'lNONHSAG020616', 'lNONHSAG020729', 'lNONHSAG020731', 'lNONHSAG020755', 'lNONHSAG020759', 'lNONHSAG020760', 'lNONHSAG020762', 'lNONHSAG020771', 'lNONHSAG020869', 'lNONHSAG020957', 'lNONHSAG020990', 'lNONHSAG021042', 'lNONHSAG021072', 'lNONHSAG021307', 'lNONHSAG021309', 'lNONHSAG021315', 'lNONHSAG021335', 'lNONHSAG021342', 'lNONHSAG021347', 'lNONHSAG021370', 'lNONHSAG021400', 'lNONHSAG021408', 'lNONHSAG021410', 'lNONHSAG021431', 'lNONHSAG021432', 'lNONHSAG021471', 'lNONHSAG021566', 'lNONHSAG021567', 'lNONHSAG021584', 'lNONHSAG021638', 'lNONHSAG021641', 'lNONHSAG021760', 'lNONHSAG021780', 'lNONHSAG021820', 'lNONHSAG021846', 'lNONHSAG021878', 'lNONHSAG021882', 'lNONHSAG021909', 'lNONHSAG021981', 'lNONHSAG022009', 'lNONHSAG022030', 'lNONHSAG022058', 'lNONHSAG022078', 'lNONHSAG022088', 'lNONHSAG022094', 'lNONHSAG022103', 'lNONHSAG022110', 'lNONHSAG022125', 'lNONHSAG022127', 'lNONHSAG022162', 'lNONHSAG022311', 'lNONHSAG022327', 'lNONHSAG022328', 'lNONHSAG022335', 'lNONHSAG022378', 'lNONHSAG022495', 'lNONHSAG022510', 'lNONHSAG022551', 'lNONHSAG022579', 'lNONHSAG022595', 'lNONHSAG022597', 'lNONHSAG022655', 'lNONHSAG022690', 'lNONHSAG022743', 'lNONHSAG022750', 'lNONHSAG022806', 'lNONHSAG022836', 'lNONHSAG022845', 'lNONHSAG022851', 'lNONHSAG022888', 'lNONHSAG022893', 'lNONHSAG022965', 'lNONHSAG022980', 'lNONHSAG022982', 'lNONHSAG023003', 'lNONHSAG023049', 'lNONHSAG023051', 'lNONHSAG023073', 'lNONHSAG023175', 'lNONHSAG023237', 'lNONHSAG023375', 'lNONHSAG023387', 'lNONHSAG023392', 'lNONHSAG023494', 'lNONHSAG023512', 'lNONHSAG023553', 'lNONHSAG023579', 'lNONHSAG023598', 'lNONHSAG023607', 'lNONHSAG023614', 'lNONHSAG023630', 'lNONHSAG023633', 'lNONHSAG023635', 'lNONHSAG023661', 'lNONHSAG023668', 'lNONHSAG023740', 'lNONHSAG023837', 'lNONHSAG023885', 'lNONHSAG023888', 'lNONHSAG023930', 'lNONHSAG023964', 'lNONHSAG024117', 'lNONHSAG024141', 'lNONHSAG024146', 'lNONHSAG024171', 'lNONHSAG024224', 'lNONHSAG024244', 'lNONHSAG024282', 'lNONHSAG024332', 'lNONHSAG024340', 'lNONHSAG024341', 'lNONHSAG024354', 'lNONHSAG024361', 'lNONHSAG024362', 'lNONHSAG024364', 'lNONHSAG024391', 'lNONHSAG024395', 'lNONHSAG024428', 'lNONHSAG024540', 'lNONHSAG024542', 'lNONHSAG024637', 'lNONHSAG024668', 'lNONHSAG024671', 'lNONHSAG024676', 'lNONHSAG024681', 'lNONHSAG024741', 'lNONHSAG024809', 'lNONHSAG024810', 'lNONHSAG024818', 'lNONHSAG024903', 'lNONHSAG024905', 'lNONHSAG024908', 'lNONHSAG024913', 'lNONHSAG024921', 'lNONHSAG024923', 'lNONHSAG024979', 'lNONHSAG025011', 'lNONHSAG025135', 'lNONHSAG025137', 'lNONHSAG025157', 'lNONHSAG025185', 'lNONHSAG025319', 'lNONHSAG025483', 'lNONHSAG025485', 'lNONHSAG025609', 'lNONHSAG025712', 'lNONHSAG025743', 'lNONHSAG025744', 'lNONHSAG025864', 'lNONHSAG025865', 'lNONHSAG025867', 'lNONHSAG025907', 'lNONHSAG025934', 'lNONHSAG025939', 'lNONHSAG026053', 'lNONHSAG026089', 'lNONHSAG026091', 'lNONHSAG026153', 'lNONHSAG026205', 'lNONHSAG026274', 'lNONHSAG026364', 'lNONHSAG026386', 'lNONHSAG026575', 'lNONHSAG026599', 'lNONHSAG026631', 'lNONHSAG026661', 'lNONHSAG026720', 'lNONHSAG026721', 'lNONHSAG026737', 'lNONHSAG026743', 'lNONHSAG026781', 'lNONHSAG026794', 'lNONHSAG026856', 'lNONHSAG027017', 'lNONHSAG027075', 'lNONHSAG027110', 'lNONHSAG027276', 'lNONHSAG027278', 'lNONHSAG027323', 'lNONHSAG027342', 'lNONHSAG027374', 'lNONHSAG027421', 'lNONHSAG027482', 'lNONHSAG027598', 'lNONHSAG027618', 'lNONHSAG027675', 'lNONHSAG027682', 'lNONHSAG027692', 'lNONHSAG027694', 'lNONHSAG027709', 'lNONHSAG027874', 'lNONHSAG027876', 'lNONHSAG028045', 'lNONHSAG028083', 'lNONHSAG028093', 'lNONHSAG028112', 'lNONHSAG028141', 'lNONHSAG028159', 'lNONHSAG028403', 'lNONHSAG028713', 'lNONHSAG028720', 'lNONHSAG028817', 'lNONHSAG028820', 'lNONHSAG028918', 'lNONHSAG028948', 'lNONHSAG028996', 'lNONHSAG029033', 'lNONHSAG029080', 'lNONHSAG029124', 'lNONHSAG029267', 'lNONHSAG029312', 'lNONHSAG029336', 'lNONHSAG029377', 'lNONHSAG029467', 'lNONHSAG029668', 'lNONHSAG029792', 'lNONHSAG029873', 'lNONHSAG029880', 'lNONHSAG029933', 'lNONHSAG029956', 'lNONHSAG029957', 'lNONHSAG029958', 'lNONHSAG029959', 'lNONHSAG029960', 'lNONHSAG029961', 'lNONHSAG029962', 'lNONHSAG029964', 'lNONHSAG029965', 'lNONHSAG029985', 'lNONHSAG030074', 'lNONHSAG030113', 'lNONHSAG030129', 'lNONHSAG030244', 'lNONHSAG030258', 'lNONHSAG030279', 'lNONHSAG030333', 'lNONHSAG030440', 'lNONHSAG030487', 'lNONHSAG030516', 'lNONHSAG030525', 'lNONHSAG030582', 'lNONHSAG030583', 'lNONHSAG030738', 'lNONHSAG030742', 'lNONHSAG031025', 'lNONHSAG031035', 'lNONHSAG031123', 'lNONHSAG031261', 'lNONHSAG031385', 'lNONHSAG031425', 'lNONHSAG031452', 'lNONHSAG031453', 'lNONHSAG031456', 'lNONHSAG031481', 'lNONHSAG031563', 'lNONHSAG031565', 'lNONHSAG031581', 'lNONHSAG031584', 'lNONHSAG031636', 'lNONHSAG031696', 'lNONHSAG031853', 'lNONHSAG031900', 'lNONHSAG031913', 'lNONHSAG031991', 'lNONHSAG032063', 'lNONHSAG032126', 'lNONHSAG032247', 'lNONHSAG032267', 'lNONHSAG032302', 'lNONHSAG032309', 'lNONHSAG032312', 'lNONHSAG032537', 'lNONHSAG032560', 'lNONHSAG032664', 'lNONHSAG032682', 'lNONHSAG032724', 'lNONHSAG032735', 'lNONHSAG032737', 'lNONHSAG032748', 'lNONHSAG032750', 'lNONHSAG033027', 'lNONHSAG033061', 'lNONHSAG033100', 'lNONHSAG033105', 'lNONHSAG033107', 'lNONHSAG033168', 'lNONHSAG033170', 'lNONHSAG033216', 'lNONHSAG033224', 'lNONHSAG033254', 'lNONHSAG033263', 'lNONHSAG033266', 'lNONHSAG033298', 'lNONHSAG033328', 'lNONHSAG033334', 'lNONHSAG033342', 'lNONHSAG033348', 'lNONHSAG033352', 'lNONHSAG033368', 'lNONHSAG033386', 'lNONHSAG033390', 'lNONHSAG033435', 'lNONHSAG033459', 'lNONHSAG033471', 'lNONHSAG033480', 'lNONHSAG033528', 'lNONHSAG033589', 'lNONHSAG033611', 'lNONHSAG033645', 'lNONHSAG033691', 'lNONHSAG033716', 'lNONHSAG033735', 'lNONHSAG033748', 'lNONHSAG033810', 'lNONHSAG033862', 'lNONHSAG033896', 'lNONHSAG033899', 'lNONHSAG033937', 'lNONHSAG033940', 'lNONHSAG034006', 'lNONHSAG034014', 'lNONHSAG034032', 'lNONHSAG034217', 'lNONHSAG034316', 'lNONHSAG034417', 'lNONHSAG034418', 'lNONHSAG034492', 'lNONHSAG034508', 'lNONHSAG034527', 'lNONHSAG034676', 'lNONHSAG034678', 'lNONHSAG034801', 'lNONHSAG034845', 'lNONHSAG034846', 'lNONHSAG034935', 'lNONHSAG034973', 'lNONHSAG035103', 'lNONHSAG035262', 'lNONHSAG035287', 'lNONHSAG035382', 'lNONHSAG035456', 'lNONHSAG035531', 'lNONHSAG035568', 'lNONHSAG035806', 'lNONHSAG035914', 'lNONHSAG035916', 'lNONHSAG035919', 'lNONHSAG035923', 'lNONHSAG036047', 'lNONHSAG036115', 'lNONHSAG036120', 'lNONHSAG036255', 'lNONHSAG036263', 'lNONHSAG036273', 'lNONHSAG036403', 'lNONHSAG036407', 'lNONHSAG036412', 'lNONHSAG036413', 'lNONHSAG036612', 'lNONHSAG036615', 'lNONHSAG036667', 'lNONHSAG036718', 'lNONHSAG036783', 'lNONHSAG036866', 'lNONHSAG036922', 'lNONHSAG037025', 'lNONHSAG037072', 'lNONHSAG037073', 'lNONHSAG037080', 'lNONHSAG037082', 'lNONHSAG037083', 'lNONHSAG037096', 'lNONHSAG037137', 'lNONHSAG037146', 'lNONHSAG037164', 'lNONHSAG037241', 'lNONHSAG037348', 'lNONHSAG037420', 'lNONHSAG037559', 'lNONHSAG037827', 'lNONHSAG037891', 'lNONHSAG037936', 'lNONHSAG038024', 'lNONHSAG038060', 'lNONHSAG038091', 'lNONHSAG038162', 'lNONHSAG038344', 'lNONHSAG038397', 'lNONHSAG038502', 'lNONHSAG038530', 'lNONHSAG038561', 'lNONHSAG038578', 'lNONHSAG038663', 'lNONHSAG038675', 'lNONHSAG038676', 'lNONHSAG038682', 'lNONHSAG038836', 'lNONHSAG039037', 'lNONHSAG039038', 'lNONHSAG039147', 'lNONHSAG039293', 'lNONHSAG039295', 'lNONHSAG039319', 'lNONHSAG039617', 'lNONHSAG039620', 'lNONHSAG039634', 'lNONHSAG039637', 'lNONHSAG039664', 'lNONHSAG039669', 'lNONHSAG039749', 'lNONHSAG039872', 'lNONHSAG039951', 'lNONHSAG040179', 'lNONHSAG040188', 'lNONHSAG040226', 'lNONHSAG040241', 'lNONHSAG040269', 'lNONHSAG040320', 'lNONHSAG040329', 'lNONHSAG040408', 'lNONHSAG040444', 'lNONHSAG040481', 'lNONHSAG040542', 'lNONHSAG040544', 'lNONHSAG040560', 'lNONHSAG040601', 'lNONHSAG040692', 'lNONHSAG040729', 'lNONHSAG040804', 'lNONHSAG040859', 'lNONHSAG040870', 'lNONHSAG040909', 'lNONHSAG040945', 'lNONHSAG040958', 'lNONHSAG040969', 'lNONHSAG040976', 'lNONHSAG041002', 'lNONHSAG041017', 'lNONHSAG041023', 'lNONHSAG041241', 'lNONHSAG041250', 'lNONHSAG041256', 'lNONHSAG041257', 'lNONHSAG041480', 'lNONHSAG041528', 'lNONHSAG041529', 'lNONHSAG041592', 'lNONHSAG041670', 'lNONHSAG041707', 'lNONHSAG041716', 'lNONHSAG041758', 'lNONHSAG041844', 'lNONHSAG041883', 'lNONHSAG041938', 'lNONHSAG041966', 'lNONHSAG041981', 'lNONHSAG042033', 'lNONHSAG042050', 'lNONHSAG042062', 'lNONHSAG042080', 'lNONHSAG042132', 'lNONHSAG042138', 'lNONHSAG042218', 'lNONHSAG042257', 'lNONHSAG042270', 'lNONHSAG042306', 'lNONHSAG042307', 'lNONHSAG042370', 'lNONHSAG042433', 'lNONHSAG042476', 'lNONHSAG042491', 'lNONHSAG042500', 'lNONHSAG042722', 'lNONHSAG042724', 'lNONHSAG042836', 'lNONHSAG042855', 'lNONHSAG042957', 'lNONHSAG042966', 'lNONHSAG042991', 'lNONHSAG043138', 'lNONHSAG043159', 'lNONHSAG043229', 'lNONHSAG043250', 'lNONHSAG043303', 'lNONHSAG043550', 'lNONHSAG043592', 'lNONHSAG043625', 'lNONHSAG043851', 'lNONHSAG043934', 'lNONHSAG044022', 'lNONHSAG044064', 'lNONHSAG044283', 'lNONHSAG044350', 'lNONHSAG044406', 'lNONHSAG044429', 'lNONHSAG044533', 'lNONHSAG044624', 'lNONHSAG044666', 'lNONHSAG044709', 'lNONHSAG044751', 'lNONHSAG044791', 'lNONHSAG045131', 'lNONHSAG045160', 'lNONHSAG045166', 'lNONHSAG045306', 'lNONHSAG045383', 'lNONHSAG045430', 'lNONHSAG046722', 'lNONHSAG046730', 'lNONHSAG046765', 'lNONHSAG046781', 'lNONHSAG046811', 'lNONHSAG046839', 'lNONHSAG046953', 'lNONHSAG047182', 'lNONHSAG047191', 'lNONHSAG047260', 'lNONHSAG047319', 'lNONHSAG047433', 'lNONHSAG047463', 'lNONHSAG047469', 'lNONHSAG047471', 'lNONHSAG047507', 'lNONHSAG047543', 'lNONHSAG047544', 'lNONHSAG047547', 'lNONHSAG047619', 'lNONHSAG047620', 'lNONHSAG047725', 'lNONHSAG047792', 'lNONHSAG047796', 'lNONHSAG047840', 'lNONHSAG047842', 'lNONHSAG047851', 'lNONHSAG047951', 'lNONHSAG047973', 'lNONHSAG047974', 'lNONHSAG048057', 'lNONHSAG048101', 'lNONHSAG048114', 'lNONHSAG048189', 'lNONHSAG048191', 'lNONHSAG048201', 'lNONHSAG048228', 'lNONHSAG048231', 'lNONHSAG048270', 'lNONHSAG048302', 'lNONHSAG048323', 'lNONHSAG048354', 'lNONHSAG048439', 'lNONHSAG048464', 'lNONHSAG048598', 'lNONHSAG048603', 'lNONHSAG048610', 'lNONHSAG048623', 'lNONHSAG048624', 'lNONHSAG048626', 'lNONHSAG048641', 'lNONHSAG048682', 'lNONHSAG048695', 'lNONHSAG048781', 'lNONHSAG048817', 'lNONHSAG049037', 'lNONHSAG049050', 'lNONHSAG049051', 'lNONHSAG049119', 'lNONHSAG049129', 'lNONHSAG049157', 'lNONHSAG049191', 'lNONHSAG049288', 'lNONHSAG049303', 'lNONHSAG049356', 'lNONHSAG049421', 'lNONHSAG049507', 'lNONHSAG049626', 'lNONHSAG049655', 'lNONHSAG049754', 'lNONHSAG049801', 'lNONHSAG049901', 'lNONHSAG050073', 'lNONHSAG050104', 'lNONHSAG050167', 'lNONHSAG050168', 'lNONHSAG050272', 'lNONHSAG050273', 'lNONHSAG050284', 'lNONHSAG050345', 'lNONHSAG050423', 'lNONHSAG050445', 'lNONHSAG050493', 'lNONHSAG050518', 'lNONHSAG050670', 'lNONHSAG050725', 'lNONHSAG050815', 'lNONHSAG050929', 'lNONHSAG050985', 'lNONHSAG051010', 'lNONHSAG051015', 'lNONHSAG051166', 'lNONHSAG051196', 'lNONHSAG051245', 'lNONHSAG051250', 'lNONHSAG051255', 'lNONHSAG051259', 'lNONHSAG051260', 'lNONHSAG051263', 'lNONHSAG051266', 'lNONHSAG051448', 'lNONHSAG051454', 'lNONHSAG051484', 'lNONHSAG051514', 'lNONHSAG051517', 'lNONHSAG051523', 'lNONHSAG051542', 'lNONHSAG051603', 'lNONHSAG051770', 'lNONHSAG051958', 'lNONHSAG052046', 'lNONHSAG052082', 'lNONHSAG052097', 'lNONHSAG052119', 'lNONHSAG052149', 'lNONHSAG052151', 'lNONHSAG052179', 'lNONHSAG052454', 'lNONHSAG052459', 'lNONHSAG052491', 'lNONHSAG052492', 'lNONHSAG052495', 'lNONHSAG052510', 'lNONHSAG052511', 'lNONHSAG052609', 'lNONHSAG052680', 'lNONHSAG052686', 'lNONHSAG052709', 'lNONHSAG052726', 'lNONHSAG052853', 'lNONHSAG052908', 'lNONHSAG052925', 'lNONHSAG052929', 'lNONHSAG052931', 'lNONHSAG052933', 'lNONHSAG052943', 'lNONHSAG053007', 'lNONHSAG053014', 'lNONHSAG053028', 'lNONHSAG053033', 'lNONHSAG053082', 'lNONHSAG053108', 'lNONHSAG053162', 'lNONHSAG053228', 'lNONHSAG053419', 'lNONHSAG053456', 'lNONHSAG053499', 'lNONHSAG053500', 'lNONHSAG053502', 'lNONHSAG053546', 'lNONHSAG053547', 'lNONHSAG053590', 'lNONHSAG053602', 'lNONHSAG053626', 'lNONHSAG053631', 'lNONHSAG053651', 'lNONHSAG053716', 'lNONHSAG053719', 'lNONHSAG053748', 'lNONHSAG053796', 'lNONHSAG053842', 'lNONHSAG054024', 'lNONHSAG054038', 'lNONHSAG054212', 'lNONHSAG054213', 'lNONHSAG054214', 'lNONHSAG054215', 'lNONHSAG054216', 'lNONHSAG054301', 'lNONHSAG054360', 'lNONHSAG054432', 'lNONHSAG054699', 'lNONHSAG054716', 'lNONHSAG054717', 'lNONHSAG054718', 'lNONHSAG054791', 'lNONHSAG054807', 'lNONHSAG054832', 'lNONHSAG055008', 'lNONHSAG055088', 'lNONHSAG055151', 'lNONHSAG055258', 'lNONHSAG055350', 'lNONHSAG055450', 'lNONHSAG055558', 'lNONHSAG055577', 'lNONHSAG056025', 'lNONHSAG056029', 'lNONHSAG056053', 'lNONHSAG056451', 'lNONHSAG056733', 'lNONHSAG056868', 'lNONHSAG056875', 'lNONHSAG057043', 'lNONHSAG057222', 'lNONHSAG057260', 'lNONHSAG058006', 'lNONHSAG058109', 'lNONHSAG058112', 'lNONHSAG058118', 'lNONHSAG058128', 'lNONHSAG058533', 'lNONHSAG058967', 'lNONHSAG059768', 'lNONHSAG061096', 'lNONHSAG061404', 'lNONHSAG061492', 'lNONHSAG064784', 'lNONHSAG064962', 'lNONHSAG065252', 'lNONHSAG065364', 'lNONHSAG066253', 'lNONHSAG068402', 'lNONHSAG068639', 'lNONHSAG069030', 'lNONHSAG069147', 'lNONHSAG069277', 'lNONHSAG069876', 'lNONHSAG070257', 'lNONHSAG071444', 'lNONHSAG072176', 'lNONHSAG072945', 'lNONHSAG073025', 'lNONHSAG073380', 'lNONHSAG073406', 'lNONHSAG073419', 'lNONHSAG073786', 'lNONHSAG074052', 'lNONHSAG074661', 'lNONHSAG075363', 'lNONHSAG077475', 'lNONHSAG077551', 'lNONHSAG079231', 'lNONHSAG080772', 'lNONHSAG081227', 'lNONHSAG081583', 'lNONHSAG081993', 'lNONHSAG082891', 'lNONHSAG083209', 'lNONHSAG083615', 'lNONHSAG083859', 'lNONHSAG083883', 'lNONHSAG083894', 'lNONHSAG084832', 'lNONHSAG084937', 'lNONHSAG085975', 'lNONHSAG088562', 'lNONHSAG089857', 'lNONHSAG091116', 'lNONHSAG091284', 'lNONHSAG091452', 'lNONHSAG091943', 'lNONHSAG093064', 'lNONHSAG093517', 'lNONHSAG094075', 'lNONHSAG094129', 'lNONHSAG096130', 'lNONHSAG096227', 'lNONHSAG096230', 'lNONHSAG096627', 'lNONHSAG097344', 'lNONHSAG097347', 'lNONHSAG099082', 'lNONHSAG099120', 'lNONHSAG099126', 'lNONHSAG099742', 'lNONHSAG099774', 'lNONHSAG101229', 'lNONHSAG101725', 'lNONHSAG102572', 'lNONHSAG102979', 'lNONHSAG103259', 'lNONHSAG103817', 'lNONHSAG104186', 'lNONHSAG110420', 'lNONHSAG110858', 'lNONHSAG112396', 'lNONHSAG113761', 'lNONHSAG114445', 'lENSG00000103472', 'lENSG00000163364', 'lENSG00000171889', 'lENSG00000175061', 'lENSG00000177410', 'lENSG00000179406', 'lENSG00000179523', 'lENSG00000189295', 'lENSG00000198221', 'lENSG00000205611', 'lENSG00000223764', 'lENSG00000223783', 'lENSG00000224057', 'lENSG00000224078', 'lENSG00000224614', 'lENSG00000225470', 'lENSG00000225506', 'lENSG00000225855', 'lENSG00000226115', 'lENSG00000226137', 'lENSG00000227082', 'lENSG00000227256', 'lENSG00000227963', 'lENSG00000228022', 'lENSG00000228526', 'lENSG00000229267', 'lENSG00000229335', 'lENSG00000229388', 'lENSG00000230046', 'lENSG00000230061', 'lENSG00000230257', 'lENSG00000230313', 'lENSG00000230866', 'lENSG00000231019', 'lENSG00000231437', 'lENSG00000231473', 'lENSG00000231663', 'lENSG00000232265', 'lENSG00000232415', 'lENSG00000232442', 'lENSG00000232500', 'lENSG00000233047', 'lENSG00000233387', 'lENSG00000233532', 'lENSG00000233590', 'lENSG00000234169', 'lENSG00000234222', 'lENSG00000234455', 'lENSG00000234546', 'lENSG00000234625', 'lENSG00000235385', 'lENSG00000235535', 'lENSG00000235724', 'lENSG00000236240', 'lENSG00000236535', 'lENSG00000236671', 'lENSG00000237167', 'lENSG00000237396', 'lENSG00000237880', 'lENSG00000241388', 'lENSG00000242207', 'lENSG00000243479', 'lENSG00000244124', 'lENSG00000245146', 'lENSG00000245614', 'lENSG00000246560', 'lENSG00000247095', 'lENSG00000247400', 'lENSG00000247498', 'lENSG00000249532', 'lENSG00000249786', 'lENSG00000249835', 'lENSG00000249993', 'lENSG00000250635', 'lENSG00000251003', 'lENSG00000251061', 'lENSG00000253315', 'lENSG00000254418', 'lENSG00000254480', 'lENSG00000254508', 'lENSG00000254635', 'lENSG00000254791', 'lENSG00000255363', 'lENSG00000255427', 'lENSG00000255553', 'lENSG00000255850', 'lENSG00000256742', 'lENSG00000256769', 'lENSG00000257084', 'lENSG00000257557', 'lENSG00000258197', 'lENSG00000259289', 'lENSG00000260219', 'lENSG00000260280', 'lENSG00000260455', 'lENSG00000260969', 'lENSG00000261183', 'lENSG00000261423', 'lENSG00000261780', 'lENSG00000264672', 'lENSG00000265374', 'lENSG00000266402', 'lENSG00000267296', 'lENSG00000267321', 'lENSG00000267395', 'lENSG00000267413', 'lENSG00000267440', 'lENSG00000267858', 'lENSG00000269019', 'lENSG00000269911', 'lENSG00000269939', 'lENSG00000270084', 'lENSG00000270344', 'lENSG00000270959', 'lENSG00000272769', 'lENSG00000274372', 'lENSG00000278709', 'lENSG00000279296', 'lENSG00000281189', 'lENSG00000284070', 'lENSG00000286004', 'lENSG00000286737', 'lENSG00000288080', 'lENSG00000224167', 'lENSG00000224739', 'lA1BG-AS1', 'lADAMTS9-AS2', 'lANKRD62P1-PARP4P3', 'lAQP4-AS1', 'lASMTL-AS1', 'lBANCR', 'lCCAT2', 'lCDKN2B-AS1', 'lCRNDE', 'lDGKK', 'lDLX6-AS1', 'lEGOT', 'lFEZF1-AS1', 'lGATA3-AS1', 'lGATA6-AS1', 'lGHET1', 'lHEIH', 'lHOTAIRM1', 'lHOXA-AS3', 'lINHBA-AS1', 'lJPX', 'lJRK', 'lKCTD21-AS1', 'lKTN1-AS1', 'lLAMTOR5-AS1', 'lLBX2-AS1', 'lLINC00173', 'lLINC00240', 'lLINC00333', 'lLINC00472', 'lLPP-AS2', 'lMCM3AP-AS1', 'lMEG3', 'lMIR181A1HG', 'lMIR31HG', 'lMYLK-AS1', 'lPANDAR', 'lPCGEM1', 'lPVT1', 'lRHPN1-AS1', 'lRMST', 'lSNHG16', 'lSNX29P2', 'lTEN1-CDK3', 'lTPTEP1', 'lTRAM2-AS1', 'lVCAN-AS1', 'lZFAS1', 'lZNF503-AS2', 'lLINC00461', 'lLINC00514', 'lSLC2A1-AS1', 'lSRP14-AS1', 'lPWAR6', 'lAC004840.8', 'lAC061992.2', 'lAC103564.7', 'lAC135048.13', 'lAC137723.5', 'lAC137932.5', 'lAL928742.12', 'lAP001058.3', 'lCTB-60B18.10', 'lCTB-91J4.1', 'lCTC-338M12.2', 'lCTD-2165H16.4', 'lCTD-2195B23.3', 'lCTD-2540L5.5', 'lKB-7G2.8', 'lLA16c-321D4.2', 'lRP1-283E3.8', 'lRP11-100F15.1', 'lRP11-104E19.1', 'lRP11-108M9.3', 'lRP11-123O10.4', 'lRP11-137H2.4', 'lRP11-21J18.1', 'lRP11-227H15.4', 'lRP11-243J18.2', 'lRP11-24P14.1', 'lRP11-264B17.3', 'lRP11-276H7.2', 'lRP11-2C24.4', 'lRP11-305P14.1', 'lRP11-439K3.1', 'lRP11-467J12.4', 'lRP11-49K24.4', 'lRP11-514P8.8', 'lRP11-54O7.3', 'lRP11-550C4.6', 'lRP11-680A11.5', 'lRP4-756H11.3', 'lRP4-790G17.7', 'lRP5-1061H20.4', 'lRP5-1074L1.1', 'lRP5-1160K1.8', 'lXXbac-B444P24.8', 'lXXbac-BPG300A18.13', 'lHNRNPU-AS1', 'lRP11-429J17.8', 'lRP11-672A2.1', 'lRP5-1063M23.1', 'lRP11-495P10.8', 'lCTA-250D10.23', 'lRP4-610C12.4', 'lLINC00035', 'lRP11-408H20.2', 'lNONHSAG000157', 'lNONHSAG000265', 'lNONHSAG000298', 'lNONHSAG000636', 'lNONHSAG000677', 'lNONHSAG000896', 'lNONHSAG000969', 'lNONHSAG000994', 'lNONHSAG001008', 'lNONHSAG001014', 'lNONHSAG001028', 'lNONHSAG001030', 'lNONHSAG001147', 'lNONHSAG001171', 'lNONHSAG001207', 'lNONHSAG001258', 'lNONHSAG001419', 'lNONHSAG001435', 'lNONHSAG001613', 'lNONHSAG002403', 'lNONHSAG002487', 'lNONHSAG002619', 'lNONHSAG002726', 'lNONHSAG002790', 'lNONHSAG002816', 'lNONHSAG003227', 'lNONHSAG003308', 'lNONHSAG003459', 'lNONHSAG003810', 'lNONHSAG003881', 'lNONHSAG004227', 'lNONHSAG004351', 'lNONHSAG004475', 'lNONHSAG004507', 'lNONHSAG004893', 'lNONHSAG005249', 'lNONHSAG005363', 'lNONHSAG005473', 'lNONHSAG005522', 'lNONHSAG005652', 'lNONHSAG005679', 'lNONHSAG005690', 'lNONHSAG005717', 'lNONHSAG005725', 'lNONHSAG005727', 'lNONHSAG005739', 'lNONHSAG005740', 'lNONHSAG005747', 'lNONHSAG005760', 'lNONHSAG005761', 'lNONHSAG005769', 'lNONHSAG005797', 'lNONHSAG005809', 'lNONHSAG005821', 'lNONHSAG005830', 'lNONHSAG005842', 'lNONHSAG005847', 'lNONHSAG005851', 'lNONHSAG005852', 'lNONHSAG005853', 'lNONHSAG005855', 'lNONHSAG005856', 'lNONHSAG005857', 'lNONHSAG005859', 'lNONHSAG005862', 'lNONHSAG005867', 'lNONHSAG005870', 'lNONHSAG005885', 'lNONHSAG005901', 'lNONHSAG005915', 'lNONHSAG005935', 'lNONHSAG005936', 'lNONHSAG005939', 'lNONHSAG005985', 'lNONHSAG005986', 'lNONHSAG006012', 'lNONHSAG006078', 'lNONHSAG006086', 'lNONHSAG006091', 'lNONHSAG006097', 'lNONHSAG006103', 'lNONHSAG006160', 'lNONHSAG006166', 'lNONHSAG006183', 'lNONHSAG006186', 'lNONHSAG006187', 'lNONHSAG006188', 'lNONHSAG006206', 'lNONHSAG006220', 'lNONHSAG006221', 'lNONHSAG006235', 'lNONHSAG006240', 'lNONHSAG006274', 'lNONHSAG006279', 'lNONHSAG006290', 'lNONHSAG006300', 'lNONHSAG006314', 'lNONHSAG006324', 'lNONHSAG006376', 'lNONHSAG006377', 'lNONHSAG006382', 'lNONHSAG006388', 'lNONHSAG006395', 'lNONHSAG006399', 'lNONHSAG006405', 'lNONHSAG006407', 'lNONHSAG006412', 'lNONHSAG006415', 'lNONHSAG006434', 'lNONHSAG006440', 'lNONHSAG006450', 'lNONHSAG006459', 'lNONHSAG006479', 'lNONHSAG006487', 'lNONHSAG006493', 'lNONHSAG006507', 'lNONHSAG006527', 'lNONHSAG006536', 'lNONHSAG006551', 'lNONHSAG006554', 'lNONHSAG006555', 'lNONHSAG006557', 'lNONHSAG006573', 'lNONHSAG006576', 'lNONHSAG006579', 'lNONHSAG006581', 'lNONHSAG006586', 'lNONHSAG006591', 'lNONHSAG006646', 'lNONHSAG006669', 'lNONHSAG006716', 'lNONHSAG006748', 'lNONHSAG006750', 'lNONHSAG006765', 'lNONHSAG006808', 'lNONHSAG006830', 'lNONHSAG006832', 'lNONHSAG006837', 'lNONHSAG006855', 'lNONHSAG006863', 'lNONHSAG006883', 'lNONHSAG006889', 'lNONHSAG006894', 'lNONHSAG006897', 'lNONHSAG006915', 'lNONHSAG006967', 'lNONHSAG006970', 'lNONHSAG006976', 'lNONHSAG007000', 'lNONHSAG007008', 'lNONHSAG007020', 'lNONHSAG007023', 'lNONHSAG007029', 'lNONHSAG007031', 'lNONHSAG007035', 'lNONHSAG007063', 'lNONHSAG007065', 'lNONHSAG007087', 'lNONHSAG007093', 'lNONHSAG007103', 'lNONHSAG007118', 'lNONHSAG007123', 'lNONHSAG007129', 'lNONHSAG007139', 'lNONHSAG007155', 'lNONHSAG007166', 'lNONHSAG007172', 'lNONHSAG007203', 'lNONHSAG007222', 'lNONHSAG007224', 'lNONHSAG007225', 'lNONHSAG007242', 'lNONHSAG007259', 'lNONHSAG007268', 'lNONHSAG007278', 'lNONHSAG007286', 'lNONHSAG007298', 'lNONHSAG007414', 'lNONHSAG007419', 'lNONHSAG007429', 'lNONHSAG007458', 'lNONHSAG007488', 'lNONHSAG007507', 'lNONHSAG007531', 'lNONHSAG007533', 'lNONHSAG007543', 'lNONHSAG007544', 'lNONHSAG007554', 'lNONHSAG007563', 'lNONHSAG007574', 'lNONHSAG007578', 'lNONHSAG007587', 'lNONHSAG007599', 'lNONHSAG007621', 'lNONHSAG007638', 'lNONHSAG007730', 'lNONHSAG007932', 'lENSG00000105501', 'lENSG00000122043', 'lENSG00000149443', 'lENSG00000167920', 'lENSG00000175746', 'lENSG00000177596', 'lENSG00000178248', 'lENSG00000197880', 'lENSG00000198671', 'lENSG00000203307', 'lENSG00000203434', 'lENSG00000203469', 'lENSG00000203472', 'lENSG00000203565', 'lENSG00000203605', 'lENSG00000203864', 'lENSG00000204393', 'lENSG00000205018', 'lENSG00000205452', 'lENSG00000219410', 'lENSG00000221845', 'lENSG00000222032', 'lENSG00000222044', 'lENSG00000223374', 'lENSG00000223381', 'lENSG00000223387', 'lENSG00000223400', 'lENSG00000223537', 'lENSG00000223563', 'lENSG00000223598', 'lENSG00000223634', 'lENSG00000223641', 'lENSG00000223643', 'lENSG00000223647', 'lENSG00000223720', 'lENSG00000223786', 'lENSG00000223809', 'lENSG00000223831', 'lENSG00000223870', 'lENSG00000223966', 'lENSG00000223993', 'lENSG00000224031', 'lENSG00000224075', 'lENSG00000224087', 'lENSG00000224095', 'lENSG00000224220', 'lENSG00000224277', 'lENSG00000224330', 'lENSG00000224384', 'lENSG00000224500', 'lENSG00000224541', 'lENSG00000224549', 'lENSG00000224595', 'lENSG00000224645', 'lENSG00000224655', 'lENSG00000224821', 'lENSG00000224844', 'lENSG00000224857', 'lENSG00000224885', 'lENSG00000224922', 'lENSG00000224972', 'lENSG00000225012', 'lENSG00000225129', 'lENSG00000225146', 'lENSG00000225218', 'lENSG00000225325', 'lENSG00000225334', 'lENSG00000225378', 'lENSG00000225537', 'lENSG00000225570', 'lENSG00000225588', 'lENSG00000225647', 'lENSG00000225750', 'lENSG00000225751', 'lENSG00000225761', 'lENSG00000225798', 'lENSG00000225919', 'lENSG00000225929', 'lENSG00000226047', 'lENSG00000226089', 'lENSG00000226133', 'lENSG00000226143', 'lENSG00000226193', 'lENSG00000226194', 'lENSG00000226238', 'lENSG00000226323', 'lENSG00000226337', 'lENSG00000226352', 'lENSG00000226398', 'lENSG00000226442', 'lENSG00000226454', 'lENSG00000226486', 'lENSG00000226508', 'lENSG00000226542', 'lENSG00000226562', 'lENSG00000226566', 'lENSG00000226576', 'lENSG00000226601', 'lENSG00000226647', 'lENSG00000226883', 'lENSG00000226956', 'lENSG00000226957', 'lENSG00000227075', 'lENSG00000227076', 'lENSG00000227125', 'lENSG00000227131', 'lENSG00000227181', 'lENSG00000227197', 'lENSG00000227330', 'lENSG00000227360', 'lENSG00000227409', 'lENSG00000227459', 'lENSG00000227482', 'lENSG00000227496', 'lENSG00000227509', 'lENSG00000227512', 'lENSG00000227549', 'lENSG00000227579', 'lENSG00000227606', 'lENSG00000227611', 'lENSG00000227680', 'lENSG00000227718', 'lENSG00000227769', 'lENSG00000227863', 'lENSG00000227893', 'lENSG00000227930', 'lENSG00000227958', 'lENSG00000228082', 'lENSG00000228108', 'lENSG00000228136', 'lENSG00000228170', 'lENSG00000228215', 'lENSG00000228231', 'lENSG00000228261', 'lENSG00000228351', 'lENSG00000228372', 'lENSG00000228383', 'lENSG00000228470', 'lENSG00000228548', 'lENSG00000228596', 'lENSG00000228627', 'lENSG00000228804', 'lENSG00000228852', 'lENSG00000228939', 'lENSG00000228950', 'lENSG00000229152', 'lENSG00000229162', 'lENSG00000229190', 'lENSG00000229224', 'lENSG00000229283', 'lENSG00000229297', 'lENSG00000229331', 'lENSG00000229345', 'lENSG00000229370', 'lENSG00000229379', 'lENSG00000229444', 'lENSG00000229457', 'lENSG00000229487', 'lENSG00000229498', 'lENSG00000229502', 'lENSG00000229528', 'lENSG00000229531', 'lENSG00000229673', 'lENSG00000229688', 'lENSG00000229848', 'lENSG00000229851', 'lENSG00000229999', 'lENSG00000230010', 'lENSG00000230065', 'lENSG00000230105', 'lENSG00000230121', 'lENSG00000230131', 'lENSG00000230153', 'lENSG00000230155', 'lENSG00000230190', 'lENSG00000230197', 'lENSG00000230212', 'lENSG00000230233', 'lENSG00000230234', 'lENSG00000230432', 'lENSG00000230483', 'lENSG00000230599', 'lENSG00000230668', 'lENSG00000230735', 'lENSG00000230741', 'lENSG00000230759', 'lENSG00000230790', 'lENSG00000230794', 'lENSG00000230826', 'lENSG00000230912', 'lENSG00000230918', 'lENSG00000230972', 'lENSG00000231082', 'lENSG00000231092', 'lENSG00000231114', 'lENSG00000231143', 'lENSG00000231253', 'lENSG00000231272', 'lENSG00000231413', 'lENSG00000231440', 'lENSG00000231492', 'lENSG00000231496', 'lENSG00000231539', 'lENSG00000231597', 'lENSG00000231678', 'lENSG00000231681', 'lENSG00000231724', 'lENSG00000231760', 'lENSG00000231772', 'lENSG00000231912', 'lENSG00000231914', 'lENSG00000231953', 'lENSG00000231964', 'lENSG00000232031', 'lENSG00000232058', 'lENSG00000232072', 'lENSG00000232120', 'lENSG00000232192', 'lENSG00000232197', 'lENSG00000232252', 'lENSG00000232286', 'lENSG00000232310', 'lENSG00000232328', 'lENSG00000232335', 'lENSG00000232359', 'lENSG00000232363', 'lENSG00000232396', 'lENSG00000232451', 'lENSG00000232465', 'lENSG00000232564', 'lENSG00000232596', 'lENSG00000232604', 'lENSG00000232710', 'lENSG00000232746', 'lENSG00000232806', 'lENSG00000232893', 'lENSG00000232895', 'lENSG00000232939', 'lENSG00000232964', 'lENSG00000233070', 'lENSG00000233079', 'lENSG00000233178', 'lENSG00000233179', 'lENSG00000233219', 'lENSG00000233222', 'lENSG00000233330', 'lENSG00000233339', 'lENSG00000233407', 'lENSG00000233472', 'lENSG00000233479', 'lENSG00000233534', 'lENSG00000233574', 'lENSG00000233581', 'lENSG00000233625', 'lENSG00000233656', 'lENSG00000233689', 'lENSG00000233706', 'lENSG00000233891', 'lENSG00000233953', 'lENSG00000233960', 'lENSG00000233969', 'lENSG00000234021', 'lENSG00000234055', 'lENSG00000234117', 'lENSG00000234160', 'lENSG00000234172', 'lENSG00000234191', 'lENSG00000234318', 'lENSG00000234567', 'lENSG00000234622', 'lENSG00000234653', 'lENSG00000234690', 'lENSG00000234693', 'lENSG00000234714', 'lENSG00000234860', 'lENSG00000234953', 'lENSG00000234961', 'lENSG00000234979', 'lENSG00000235011', 'lENSG00000235035', 'lENSG00000235059', 'lENSG00000235086', 'lENSG00000235122', 'lENSG00000235168', 'lENSG00000235262', 'lENSG00000235435', 'lENSG00000235503', 'lENSG00000235533', 'lENSG00000235628', 'lENSG00000235635', 'lENSG00000235637', 'lENSG00000235669', 'lENSG00000235786', 'lENSG00000236022', 'lENSG00000236031', 'lENSG00000236065', 'lENSG00000236109', 'lENSG00000236242', 'lENSG00000236267', 'lENSG00000236324', 'lENSG00000236326', 'lENSG00000236358', 'lENSG00000236366', 'lENSG00000236414', 'lENSG00000236452', 'lENSG00000236498', 'lENSG00000236559', 'lENSG00000236648', 'lENSG00000236662', 'lENSG00000236758', 'lENSG00000236800', 'lENSG00000236828', 'lENSG00000236854', 'lENSG00000236921', 'lENSG00000236951', 'lENSG00000236953', 'lENSG00000237015', 'lENSG00000237058', 'lENSG00000237073', 'lENSG00000237200', 'lENSG00000237293', 'lENSG00000237312', 'lENSG00000237324', 'lENSG00000237331', 'lENSG00000237337', 'lENSG00000237373', 'lENSG00000237435', 'lENSG00000237463', 'lENSG00000237477', 'lENSG00000237481', 'lENSG00000237494', 'lENSG00000237520', 'lENSG00000237571', 'lENSG00000237670', 'lENSG00000237687', 'lENSG00000237734', 'lENSG00000237756', 'lENSG00000237768', 'lENSG00000237802', 'lENSG00000237919', 'lENSG00000237921', 'lENSG00000237937', 'lENSG00000237993', 'lENSG00000238140', 'lENSG00000238185', 'lENSG00000238282', 'lENSG00000238291', 'lENSG00000239314', 'lENSG00000239415', 'lENSG00000239482', 'lENSG00000239593', 'lENSG00000240354', 'lENSG00000240573', 'lENSG00000240868', 'lENSG00000241383', 'lENSG00000241397', 'lENSG00000241577', 'lENSG00000241593', 'lENSG00000241666', 'lENSG00000241985', 'lENSG00000242012', 'lENSG00000242072', 'lENSG00000242339', 'lENSG00000242391', 'lENSG00000242545', 'lENSG00000242568', 'lENSG00000242618', 'lENSG00000242795', 'lENSG00000242861', 'lENSG00000243149', 'lENSG00000243230', 'lENSG00000243273', 'lENSG00000243797', 'lENSG00000243903', 'lENSG00000243961', 'lENSG00000244278', 'lENSG00000244327', 'lENSG00000244461', 'lENSG00000244701', 'lENSG00000245148', 'lENSG00000245385', 'lENSG00000246541', 'lENSG00000247867', 'lENSG00000247925', 'lENSG00000248125', 'lENSG00000248148', 'lENSG00000248172', 'lENSG00000248245', 'lENSG00000248358', 'lENSG00000248393', 'lENSG00000248397', 'lENSG00000248416', 'lENSG00000248457', 'lENSG00000248482', 'lENSG00000248576', 'lENSG00000248599', 'lENSG00000248627', 'lENSG00000248758', 'lENSG00000248789', 'lENSG00000248802', 'lENSG00000248925', 'lENSG00000248935', 'lENSG00000248969', 'lENSG00000248984', 'lENSG00000248995', 'lENSG00000249066', 'lENSG00000249071', 'lENSG00000249099', 'lENSG00000249111', 'lENSG00000249114', 'lENSG00000249297', 'lENSG00000249334', 'lENSG00000249382', 'lENSG00000249409', 'lENSG00000249419', 'lENSG00000249426', 'lENSG00000249441', 'lENSG00000249451', 'lENSG00000249474', 'lENSG00000249547', 'lENSG00000249605', 'lENSG00000249613', 'lENSG00000249697', 'lENSG00000249706', 'lENSG00000249742', 'lENSG00000249753', 'lENSG00000249782', 'lENSG00000249806', 'lENSG00000249830', 'lENSG00000249865', 'lENSG00000249892', 'lENSG00000250062', 'lENSG00000250092', 'lENSG00000250186', 'lENSG00000250195', 'lENSG00000250242', 'lENSG00000250524', 'lENSG00000250541', 'lENSG00000250626', 'lENSG00000250629', 'lENSG00000250646', 'lENSG00000250657', 'lENSG00000250665', 'lENSG00000250698', 'lENSG00000250761', 'lENSG00000250791', 'lENSG00000250820', 'lENSG00000250855', 'lENSG00000250866', 'lENSG00000250877', 'lENSG00000250910', 'lENSG00000250917', 'lENSG00000250929', 'lENSG00000250945', 'lENSG00000250949', 'lENSG00000250950', 'lENSG00000250955', 'lENSG00000250993', 'lENSG00000251059', 'lENSG00000251072', 'lENSG00000251088', 'lENSG00000251185', 'lENSG00000251194', 'lENSG00000251256', 'lENSG00000251266', 'lENSG00000251281', 'lENSG00000251283', 'lENSG00000251412', 'lENSG00000251414', 'lENSG00000251438', 'lENSG00000251688', 'lENSG00000253134', 'lENSG00000253142', 'lENSG00000253147', 'lENSG00000253167', 'lENSG00000253171', 'lENSG00000253189', 'lENSG00000253282', 'lENSG00000253356', 'lENSG00000253397', 'lENSG00000253449', 'lENSG00000253456', 'lENSG00000253503', 'lENSG00000253507', 'lENSG00000253526', 'lENSG00000253530', 'lENSG00000253539', 'lENSG00000253577', 'lENSG00000253616', 'lENSG00000253619', 'lENSG00000253627', 'lENSG00000253643', 'lENSG00000253645', 'lENSG00000253660', 'lENSG00000253665', 'lENSG00000253717', 'lENSG00000253722', 'lENSG00000253754', 'lENSG00000253782', 'lENSG00000253834', 'lENSG00000253851', 'lENSG00000253858', 'lENSG00000253871', 'lENSG00000253875', 'lENSG00000253880', 'lENSG00000253927', 'lENSG00000253947', 'lENSG00000253976', 'lENSG00000254011', 'lENSG00000254021', 'lENSG00000254026', 'lENSG00000254031', 'lENSG00000254033', 'lENSG00000254035', 'lENSG00000254043', 'lENSG00000254084', 'lENSG00000254094', 'lENSG00000254123', 'lENSG00000254141', 'lENSG00000254171', 'lENSG00000254177', 'lENSG00000254207', 'lENSG00000254239', 'lENSG00000254242', 'lENSG00000254263', 'lENSG00000254314', 'lENSG00000254325', 'lENSG00000254330', 'lENSG00000254347', 'lENSG00000254350', 'lENSG00000254380', 'lENSG00000254428', 'lENSG00000254429', 'lENSG00000254456', 'lENSG00000254526', 'lENSG00000254559', 'lENSG00000254563', 'lENSG00000254574', 'lENSG00000254592', 'lENSG00000254604', 'lENSG00000254620', 'lENSG00000254626', 'lENSG00000254627', 'lENSG00000254739', 'lENSG00000254775', 'lENSG00000254829', 'lENSG00000254842', 'lENSG00000254846', 'lENSG00000254847', 'lENSG00000254879', 'lENSG00000254913', 'lENSG00000254921', 'lENSG00000254928', 'lENSG00000254930', 'lENSG00000254972', 'lENSG00000254983', 'lENSG00000254990', 'lENSG00000255027', 'lENSG00000255041', 'lENSG00000255084', 'lENSG00000255114', 'lENSG00000255121', 'lENSG00000255159', 'lENSG00000255167', 'lENSG00000255227', 'lENSG00000255241', 'lENSG00000255252', 'lENSG00000255271', 'lENSG00000255300', 'lENSG00000255327', 'lENSG00000255343', 'lENSG00000255357', 'lENSG00000255366', 'lENSG00000255388', 'lENSG00000255390', 'lENSG00000255443', 'lENSG00000255462', 'lENSG00000255478', 'lENSG00000255487', 'lENSG00000255496', 'lENSG00000255498', 'lENSG00000255506', 'lENSG00000255523', 'lENSG00000255528', 'lENSG00000255539', 'lENSG00000255555', 'lENSG00000255565', 'lENSG00000255572', 'lENSG00000255580', 'lENSG00000255839', 'lENSG00000255893', 'lENSG00000255949', 'lENSG00000256071', 'lENSG00000256072', 'lENSG00000256083', 'lENSG00000256209', 'lENSG00000256226', 'lENSG00000256234', 'lENSG00000256292', 'lENSG00000256314', 'lENSG00000256364', 'lENSG00000256482', 'lENSG00000256568', 'lENSG00000256582', 'lENSG00000256670', 'lENSG00000256733', 'lENSG00000256897', 'lENSG00000256972', 'lENSG00000257004', 'lENSG00000257022', 'lENSG00000257096', 'lENSG00000257105', 'lENSG00000257137', 'lENSG00000257165', 'lENSG00000257235', 'lENSG00000257261', 'lENSG00000257264', 'lENSG00000257265', 'lENSG00000257271', 'lENSG00000257275', 'lENSG00000257342', 'lENSG00000257381', 'lENSG00000257407', 'lENSG00000257470', 'lENSG00000257494', 'lENSG00000257514', 'lENSG00000257527', 'lENSG00000257541', 'lENSG00000257587', 'lENSG00000257634', 'lENSG00000257653', 'lENSG00000257682', 'lENSG00000257732', 'lENSG00000257750', 'lENSG00000257787', 'lENSG00000257860', 'lENSG00000257904', 'lENSG00000257997', 'lENSG00000258007', 'lENSG00000258044', 'lENSG00000258084', 'lENSG00000258108', 'lENSG00000258167', 'lENSG00000258185', 'lENSG00000258210', 'lENSG00000258220', 'lENSG00000258234', 'lENSG00000258272', 'lENSG00000258292', 'lENSG00000258308', 'lENSG00000258313', 'lENSG00000258323', 'lENSG00000258331', 'lENSG00000258378', 'lENSG00000258379', 'lENSG00000258390', 'lENSG00000258425', 'lENSG00000258451', 'lENSG00000258460', 'lENSG00000258515', 'lENSG00000258520', 'lENSG00000258610', 'lENSG00000258657', 'lENSG00000258670', 'lENSG00000258690', 'lENSG00000258742', 'lENSG00000258745', 'lENSG00000258784', 'lENSG00000258800', 'lENSG00000258826', 'lENSG00000258850', 'lENSG00000258869', 'lENSG00000258892', 'lENSG00000258908', 'lENSG00000258944', 'lENSG00000258958', 'lENSG00000259007', 'lENSG00000259026', 'lENSG00000259187', 'lENSG00000259188', 'lENSG00000259194', 'lENSG00000259202', 'lENSG00000259211', 'lENSG00000259223', 'lENSG00000259250', 'lENSG00000259256', 'lENSG00000259265', 'lENSG00000259268', 'lENSG00000259290', 'lENSG00000259307', 'lENSG00000259342', 'lENSG00000259351', 'lENSG00000259385', 'lENSG00000259432', 'lENSG00000259503', 'lENSG00000259532', 'lENSG00000259595', 'lENSG00000259631', 'lENSG00000259636', 'lENSG00000259649', 'lENSG00000259659', 'lENSG00000259678', 'lENSG00000259757', 'lENSG00000259759', 'lENSG00000259767', 'lENSG00000259798', 'lENSG00000259805', 'lENSG00000259935', 'lENSG00000259945', 'lENSG00000259967', 'lENSG00000260003', 'lENSG00000260017', 'lENSG00000260022', 'lENSG00000260058', 'lENSG00000260158', 'lENSG00000260186', 'lENSG00000260190', 'lENSG00000260237', 'lENSG00000260246', 'lENSG00000260304', 'lENSG00000260454', 'lENSG00000260476', 'lENSG00000260586', 'lENSG00000260605', 'lENSG00000260720', 'lENSG00000260741', 'lENSG00000260773', 'lENSG00000260798', 'lENSG00000260814', 'lENSG00000260884', 'lENSG00000260911', 'lENSG00000260934', 'lENSG00000260970', 'lENSG00000260986', 'lENSG00000261014', 'lENSG00000261036', 'lENSG00000261065', 'lENSG00000261066', 'lENSG00000261070', 'lENSG00000261248', 'lENSG00000261261', 'lENSG00000261266', 'lENSG00000261307', 'lENSG00000261332', 'lENSG00000261379', 'lENSG00000261432', 'lENSG00000261507', 'lENSG00000261552', 'lENSG00000261569', 'lENSG00000261633', 'lENSG00000261663', 'lENSG00000261671', 'lENSG00000261695', 'lENSG00000261697', 'lENSG00000261723', 'lENSG00000261729', 'lENSG00000261731', 'lENSG00000261761', 'lENSG00000261838', 'lENSG00000261864', 'lENSG00000262151', 'lENSG00000262298', 'lENSG00000262434', 'lENSG00000262533', 'lENSG00000262652', 'lENSG00000262692', 'lENSG00000262777', 'lENSG00000262810', 'lENSG00000262815', 'lENSG00000263080', 'lENSG00000263237', 'lENSG00000263257', 'lENSG00000263321', 'lENSG00000263335', 'lENSG00000263417', 'lENSG00000263585', 'lENSG00000263618', 'lENSG00000263684', 'lENSG00000263709', 'lENSG00000263765', 'lENSG00000263797', 'lENSG00000263873', 'lENSG00000263952', 'lENSG00000263982', 'lENSG00000263986', 'lENSG00000264016', 'lENSG00000264023', 'lENSG00000264066', 'lENSG00000264107', 'lENSG00000264116', 'lENSG00000264151', 'lENSG00000264254', 'lENSG00000264269', 'lENSG00000264486', 'lENSG00000264513', 'lENSG00000264520', 'lENSG00000264546', 'lENSG00000264558', 'lENSG00000264577', 'lENSG00000264595', 'lENSG00000264622', 'lENSG00000264734', 'lENSG00000264769', 'lENSG00000264825', 'lENSG00000265125', 'lENSG00000265168', 'lENSG00000265205', 'lENSG00000265265', 'lENSG00000265334', 'lENSG00000265359', 'lENSG00000265400', 'lENSG00000265443', 'lENSG00000265474', 'lENSG00000265554', 'lENSG00000265625', 'lENSG00000265643', 'lENSG00000265728', 'lENSG00000265739', 'lENSG00000265743', 'lENSG00000265791', 'lENSG00000265800', 'lENSG00000265840', 'lENSG00000265844', 'lENSG00000265845', 'lENSG00000265980', 'lENSG00000265987', 'lENSG00000265994', 'lENSG00000266102', 'lENSG00000266311', 'lENSG00000266341', 'lENSG00000266368', 'lENSG00000266397', 'lENSG00000266535', 'lENSG00000266538', 'lENSG00000266541', 'lENSG00000266651', 'lENSG00000266696', 'lENSG00000266801', 'lENSG00000266839', 'lENSG00000266844', 'lENSG00000266877', 'lENSG00000266936', 'lENSG00000266981', 'lENSG00000266985', 'lENSG00000266993', 'lENSG00000267000', 'lENSG00000267028', 'lENSG00000267057', 'lENSG00000267177', 'lENSG00000267225', 'lENSG00000267234', 'lENSG00000267255', 'lENSG00000267263', 'lENSG00000267274', 'lENSG00000267286', 'lENSG00000267320', 'lENSG00000267354', 'lENSG00000267364', 'lENSG00000267378', 'lENSG00000267387', 'lENSG00000267436', 'lENSG00000267437', 'lENSG00000267501', 'lENSG00000267510', 'lENSG00000267583', 'lENSG00000267593', 'lENSG00000267617', 'lENSG00000267633', 'lENSG00000267638', 'lENSG00000267665', 'lENSG00000267711', 'lENSG00000267791', 'lENSG00000267838', 'lENSG00000267922', 'lENSG00000267980', 'lENSG00000268015', 'lENSG00000268051', 'lENSG00000268069', 'lENSG00000268191', 'lENSG00000268240', 'lENSG00000268289', 'lENSG00000268292', 'lENSG00000268296', 'lENSG00000268520', 'lENSG00000268605', 'lENSG00000268743', 'lENSG00000268798', 'lENSG00000268833', 'lENSG00000268906', 'lENSG00000268912', 'lENSG00000268981', 'lENSG00000269085', 'lENSG00000269191', 'lENSG00000269292', 'lENSG00000269321', 'lENSG00000269350', 'lENSG00000269495', 'lENSG00000269504', 'lENSG00000269578', 'lENSG00000269621', 'lENSG00000269656', 'lENSG00000269729', 'lENSG00000269802', 'lENSG00000269826', 'lENSG00000269843', 'lENSG00000269867', 'lENSG00000269901', 'lENSG00000269950', 'lENSG00000269987', 'lENSG00000270082', 'lENSG00000270094', 'lENSG00000270108', 'lENSG00000270380', 'lENSG00000270726', 'lENSG00000270871', 'lENSG00000270996', 'lENSG00000271032', 'lENSG00000271218', 'lENSG00000271314', 'lENSG00000271579', 'lENSG00000271717', 'lENSG00000271763', 'lENSG00000271787', 'lENSG00000271833', 'lENSG00000271901', 'lENSG00000271936', 'lENSG00000271945', 'lENSG00000271983', 'lENSG00000272027', 'lENSG00000272072', 'lENSG00000272149', 'lENSG00000272159', 'lENSG00000272510', 'lENSG00000272540', 'lENSG00000272575', 'lENSG00000272642', 'lENSG00000272661', 'lENSG00000272742', 'lENSG00000272810', 'lENSG00000272814', 'lENSG00000272866', 'lENSG00000272995', 'lENSG00000273035', 'lENSG00000273110', 'lENSG00000273198', 'lENSG00000273226', 'lENSG00000273257', 'lENSG00000273271', 'lENSG00000273275', 'lENSG00000273360', 'lENSG00000273449', 'lENSG00000273461', 'lENSG00000273485', 'lENSG00000273493', 'lENSG00000273550', 'lENSG00000273568', 'lENSG00000273838', 'lENSG00000273877', 'lENSG00000274177', 'lENSG00000274227', 'lENSG00000274561', 'lENSG00000274624', 'lENSG00000274678', 'lENSG00000274737', 'lENSG00000274893', 'lENSG00000275173', 'lENSG00000275345', 'lENSG00000275356', 'lENSG00000275401', 'lENSG00000275484', 'lENSG00000275576', 'lENSG00000275638', 'lENSG00000275871', 'lENSG00000275963', 'lENSG00000276054', 'lENSG00000276107', 'lENSG00000276266', 'lENSG00000276488', 'lENSG00000276527', 'lENSG00000276533', 'lENSG00000276668', 'lENSG00000276997', 'lENSG00000277173', 'lENSG00000277332', 'lENSG00000277639', 'lENSG00000277675', 'lENSG00000278000', 'lENSG00000278013', 'lENSG00000278202', 'lENSG00000278351', 'lENSG00000278630', 'lENSG00000278766', 'lENSG00000278944', 'lENSG00000279088', 'lENSG00000279240', 'lENSG00000279484', 'lENSG00000279501', 'lENSG00000279623', 'lENSG00000279751', 'lENSG00000280224', 'lENSG00000280455', 'lENSG00000280580', 'lENSG00000280703', 'lENSG00000280870', 'lENSG00000280881', 'lENSG00000281831', 'lENSG00000282828', 'lENSG00000282950', 'lENSG00000283083', 'lENSG00000283286', 'lENSG00000283347', 'lENSG00000283375', 'lENSG00000283436', 'lENSG00000283457', 'lENSG00000283573', 'lENSG00000283631', 'lENSG00000283766', 'lENSG00000283973', 'lENSG00000284376', 'lENSG00000284418', 'lENSG00000284500', 'lENSG00000284513', 'lENSG00000284608', 'lENSG00000284699', 'lENSG00000284846', 'lENSG00000284994', 'lENSG00000285012', 'lENSG00000285040', 'lENSG00000285117', 'lENSG00000285325', 'lENSG00000285354', 'lENSG00000285409', 'lENSG00000285473', 'lENSG00000285518', 'lENSG00000285524', 'lENSG00000285550', 'lENSG00000285551', 'lENSG00000285619', 'lENSG00000285621', 'lENSG00000285699', 'lENSG00000285709', 'lENSG00000285780', 'lENSG00000285857', 'lENSG00000285861', 'lENSG00000285889', 'lENSG00000285954', 'lENSG00000285998', 'lENSG00000286002', 'lENSG00000286010', 'lENSG00000286018', 'lENSG00000286020', 'lENSG00000286050', 'lENSG00000286076', 'lENSG00000286089', 'lENSG00000286093', 'lENSG00000286101', 'lENSG00000286168', 'lENSG00000286188', 'lENSG00000286197', 'lENSG00000286206', 'lENSG00000286242', 'lENSG00000286244', 'lENSG00000286276', 'lENSG00000286303', 'lENSG00000286331', 'lENSG00000286333', 'lENSG00000286338', 'lENSG00000286357', 'lENSG00000286419', 'lENSG00000286430', 'lENSG00000286436', 'lENSG00000286441', 'lENSG00000286453', 'lENSG00000286461', 'lENSG00000286474', 'lENSG00000286515', 'lENSG00000286565', 'lENSG00000286578', 'lENSG00000286581', 'lENSG00000286584', 'lENSG00000286588', 'lENSG00000286598', 'lENSG00000286617', 'lENSG00000286639', 'lENSG00000286645', 'lENSG00000286670', 'lENSG00000286690', 'lENSG00000286698', 'lENSG00000286715', 'lENSG00000286716', 'lENSG00000286722', 'lENSG00000286735', 'lENSG00000286738', 'lENSG00000286740', 'lENSG00000286751', 'lENSG00000286759', 'lENSG00000286767', 'lENSG00000286770', 'lENSG00000286776', 'lENSG00000286781', 'lENSG00000286795', 'lENSG00000286803', 'lENSG00000286820', 'lENSG00000286822', 'lENSG00000286838', 'lENSG00000286843', 'lENSG00000286850', 'lENSG00000286887', 'lENSG00000286963', 'lENSG00000287005', 'lENSG00000287006', 'lENSG00000287020', 'lENSG00000287028', 'lENSG00000287030', 'lENSG00000287066', 'lENSG00000287107', 'lENSG00000287108', 'lENSG00000287128', 'lENSG00000287155', 'lENSG00000287159', 'lENSG00000287191', 'lENSG00000287198', 'lENSG00000287202', 'lENSG00000287236', 'lENSG00000287321', 'lENSG00000287335', 'lENSG00000287358', 'lENSG00000287366', 'lENSG00000287367', 'lENSG00000287423', 'lENSG00000287441', 'lENSG00000287451', 'lENSG00000287456', 'lENSG00000287462', 'lENSG00000287501', 'lENSG00000287511', 'lENSG00000287517', 'lENSG00000287518', 'lENSG00000287545', 'lENSG00000287550', 'lENSG00000287551', 'lENSG00000287556', 'lENSG00000287587', 'lENSG00000287618', 'lENSG00000287660', 'lENSG00000287664', 'lENSG00000287684', 'lENSG00000287687', 'lENSG00000287691', 'lENSG00000287704', 'lENSG00000211683', 'lENSG00000214955', 'lENSG00000223379', 'lENSG00000223795', 'lENSG00000224884', 'lENSG00000225393', 'lENSG00000225836', 'lENSG00000228255', 'lENSG00000228538', 'lENSG00000229454', 'lENSG00000229458', 'lENSG00000229628', 'lENSG00000229964', 'lENSG00000230600', 'lENSG00000230649', 'lENSG00000231616', 'lENSG00000232056', 'lENSG00000232636', 'lENSG00000233200', 'lENSG00000233987', 'lENSG00000234810', 'lENSG00000234998', 'lENSG00000235337', 'lENSG00000235795', 'lENSG00000236453', 'lENSG00000239801', 'lENSG00000241792', 'lENSG00000242375', 'lENSG00000244620', 'lENSG00000247810', 'lENSG00000248359', 'lENSG00000248991', 'lENSG00000249159', 'lENSG00000250481', 'lENSG00000250567', 'lENSG00000250670', 'lENSG00000250686', 'lENSG00000250777', 'lENSG00000250948', 'lENSG00000251506', 'lENSG00000251654', 'lENSG00000253766', 'lENSG00000254306', 'lENSG00000254927', 'lENSG00000255279', 'lENSG00000255325', 'lENSG00000255644', 'lENSG00000256686', 'lENSG00000257603', 'lENSG00000257715', 'lENSG00000257962', 'lENSG00000258088', 'lENSG00000258196', 'lENSG00000258386', 'lENSG00000258949', 'lENSG00000259123', 'lENSG00000259209', 'lENSG00000259222', 'lENSG00000259255', 'lENSG00000259274', 'lENSG00000259306', 'lENSG00000260511', 'lENSG00000260983', 'lENSG00000261193', 'lENSG00000261445', 'lENSG00000261470', 'lENSG00000261775', 'lENSG00000264660', 'lENSG00000265174', 'lENSG00000266893', 'lENSG00000267081', 'lENSG00000267521', 'lENSG00000267581', 'lENSG00000269391', 'lENSG00000269460', 'lENSG00000272304', 'lENSG00000272369', 'lENSG00000273138', 'lENSG00000273403', 'lENSG00000273486', 'lENSG00000274902', 'lENSG00000275232', 'lENSG00000278514', 'lENSG00000279672', 'lENSG00000282887', 'lENSG00000226032', 'lENSG00000235736', 'lENSG00000251613', 'lENSG00000263316', 'lENSG00000258631', 'lENSG00000260141', 'lENSG00000279472', 'lENSG00000271870', 'lENSG00000272934', 'lENSG00000265556', 'lENSG00000271840', 'lENSG00000253701', 'lENSG00000281408', 'lENSG00000268166', 'lALG13-AS1', 'lDGUOK-AS1', 'lDSCR8', 'lMIR145', 'lMIR24-2', 'lMIR3179-2', 'lMIR3654', 'lACA64', 'lCDKN2B-AS', 'lC3orf65']","[1.0, 1.0, 0.0, 1.0, 0.0, 1.0, 0.0, 1.0, 1.0, 1.0, 0.0, 1.0, 1.0, 0.0, 0.0, 1.0, 0.0, 0.0, 1.0, 1.0, 0.0, 0.0, 1.0, 0.0, 0.0, 1.0, 0.0, 1.0, 0.0, 0.0, 0.0, 0.0, 0.0, 1.0, 1.0, 0.0, 0.0, 1.0, 0.0, 1.0, 1.0, 1.0, 1.0, 1.0, 0.0, 1.0, 0.0, 1.0, 1.0, 0.0, 0.0, 1.0, 1.0, 0.0, 0.0, 0.0, 1.0, 1.0, 1.0, 1.0, 0.0, 0.0, 1.0, 0.0, 0.0, 1.0, 0.0, 1.0, 0.0, 1.0, 1.0, 1.0, 0.0, 1.0, 1.0, 0.0, 1.0, 0.0, 0.0, 0.0, 0.0, 0.0, 1.0, 0.0, 1.0, 1.0, 0.0, 0.0, 0.0, 1.0, 0.0, 1.0, 1.0, 1.0, 1.0, 0.0, 0.0, 1.0, 1.0, 0.0, 0.0, 1.0, 1.0, 0.0, 1.0, 1.0, 0.0, 1.0, 0.0, 1.0, 0.0, 1.0, 0.0, 0.0, 1.0, 0.0, 1.0, 0.0, 0.0, 1.0, 0.0, 1.0, 1.0, 1.0, 1.0, 1.0, 1.0, 0.0, 0.0, 0.0, 0.0, 1.0, 1.0, 0.0, 0.0, 0.0, 1.0, 1.0, 1.0, 1.0, 1.0, 0.0, 1.0, 0.0, 0.0, 0.0, 1.0, 0.0, 1.0, 1.0, 1.0, 0.0, 0.0, 0.0, 0.0, 1.0, 1.0, 1.0, 0.0, 0.0, 0.0, 1.0, 0.0, 0.0, 0.0, 0.0, 0.0, 1.0, 0.0, 0.0, 1.0, 0.0, 0.0, 0.0, 1.0, 1.0, 0.0, 0.0, 0.0, 1.0, 1.0, 1.0, 1.0, 0.0, 1.0, 0.0, 0.0, 0.0, 0.0, 0.0, 1.0, 1.0, 0.0, 0.0, 1.0, 1.0, 1.0, 0.0, 1.0, 1.0, 0.0, 1.0, 0.0, 1.0, 0.0, 1.0, 1.0, 0.0, 0.0, 1.0, 1.0, 1.0, 0.0, 1.0, 0.0, 0.0, 1.0, 0.0, 1.0, 0.0, 1.0, 1.0, 0.0, 0.0, 1.0, 1.0, 0.0, 0.0, 1.0, 0.0, 1.0, 0.0, 1.0, 1.0, 1.0, 0.0, 0.0, 1.0, 0.0, 1.0, 1.0, 0.0, 1.0, 0.0, 0.0, 1.0, 1.0, 0.0, 1.0, 1.0, 0.0, 1.0, 1.0, 0.0, 1.0, 1.0, 0.0, 0.0, 1.0, 0.0, 1.0, 0.0, 1.0, 0.0, 1.0, 0.0, 1.0, 1.0, 1.0, 1.0, 0.0, 1.0, 1.0, 1.0, 0.0, 1.0, 0.0, 1.0, 0.0, 0.0, 1.0, 1.0, 1.0, 1.0, 0.0, 1.0, 0.0, 0.0, 0.0, 1.0, 0.0, 0.0, 1.0, 1.0, 1.0, 0.0, 1.0, 0.0, 1.0, 1.0, 1.0, 0.0, 1.0, 1.0, 0.0, 0.0, 0.0, 0.0, 0.0, 1.0, 1.0, 1.0, 0.0, 1.0, 0.0, 1.0, 0.0, 1.0, 0.0, 1.0, 0.0, 1.0, 1.0, 1.0, 1.0, 1.0, 1.0, 0.0, 1.0, 1.0, 1.0, 1.0, 0.0, 0.0, 0.0, 0.0, 1.0, 1.0, 0.0, 0.0, 1.0, 1.0, 1.0, 0.0, 1.0, 0.0, 0.0, 0.0, 0.0, 1.0, 1.0, 1.0, 0.0, 1.0, 0.0, 0.0, 1.0, 0.0, 1.0, 0.0, 0.0, 1.0, 1.0, 0.0, 1.0, 0.0, 0.0, 1.0, 0.0, 0.0, 1.0, 1.0, 0.0, 0.0, 0.0, 0.0, 0.0, 0.0, 0.0, 1.0, 0.0, 0.0, 1.0, 1.0, 0.0, 1.0, 0.0, 1.0, 1.0, 0.0, 1.0, 0.0, 0.0, 0.0, 1.0, 1.0, 0.0, 1.0, 0.0, 0.0, 1.0, 1.0, 0.0, 1.0, 0.0, 1.0, 0.0, 1.0, 1.0, 0.0, 0.0, 1.0, 1.0, 0.0, 1.0, 1.0, 0.0, 0.0, 1.0, 0.0, 0.0, 1.0, 1.0, 0.0, 1.0, 0.0, 0.0, 1.0, 1.0, 0.0, 1.0, 0.0, 1.0, 1.0, 1.0, 1.0, 1.0, 1.0, 1.0, 1.0, 1.0, 0.0, 1.0, 1.0, 0.0, 1.0, 1.0, 1.0, 0.0, 0.0, 1.0, 1.0, 1.0, 1.0, 1.0, 0.0, 1.0, 0.0, 1.0, 0.0, 1.0, 0.0, 0.0, 0.0, 1.0, 1.0, 1.0, 1.0, 1.0, 0.0, 1.0, 1.0, 0.0, 1.0, 0.0, 1.0, 1.0, 1.0, 1.0, 1.0, 1.0, 1.0, 0.0, 0.0, 0.0, 0.0, 1.0, 1.0, 1.0, 1.0, 1.0, 1.0, 1.0, 0.0, 0.0, 0.0, 0.0, 1.0, 1.0, 1.0, 0.0, 0.0, 1.0, 0.0, 1.0, 1.0, 1.0, 0.0, 1.0, 0.0, 1.0, 0.0, 0.0, 1.0, 0.0, 1.0, 1.0, 1.0, 0.0, 1.0, 0.0, 1.0, 1.0, 0.0, 1.0, 0.0, 1.0, 0.0, 1.0, 0.0, 0.0, 0.0, 0.0, 1.0, 0.0, 0.0, 1.0, 0.0, 0.0, 0.0, 1.0, 0.0, 1.0, 0.0, 1.0, 1.0, 0.0, 0.0, 1.0, 1.0, 0.0, 1.0, 1.0, 1.0, 0.0, 1.0, 1.0, 1.0, 0.0, 1.0, 0.0, 1.0, 0.0, 1.0, 0.0, 0.0, 0.0, 0.0, 0.0, 1.0, 1.0, 0.0, 1.0, 0.0, 0.0, 1.0, 1.0, 1.0, 1.0, 1.0, 1.0, 0.0, 1.0, 1.0, 0.0, 1.0, 0.0, 0.0, 1.0, 1.0, 1.0, 0.0, 1.0, 0.0, 1.0, 1.0, 0.0, 0.0, 1.0, 1.0, 1.0, 1.0, 0.0, 1.0, 1.0, 1.0, 1.0, 0.0, 0.0, 0.0, 1.0, 1.0, 1.0, 1.0, 0.0, 1.0, 1.0, 0.0, 1.0, 1.0, 0.0, 0.0, 0.0, 1.0, 1.0, 1.0, 0.0, 0.0, 1.0, 0.0, 0.0, 0.0, 1.0, 1.0, 1.0, 0.0, 1.0, 1.0, 1.0, 0.0, 0.0, 0.0, 1.0, 0.0, 0.0, 1.0, 0.0, 0.0, 0.0, 1.0, 1.0, 1.0, 1.0, 1.0, 0.0, 0.0, 0.0, 0.0, 0.0, 0.0, 0.0, 0.0, 1.0, 0.0, 0.0, 0.0, 1.0, 0.0, 0.0, 0.0, 0.0, 1.0, 0.0, 1.0, 0.0, 0.0, 1.0, 1.0, 0.0, 0.0, 1.0, 1.0, 0.0, 0.0, 1.0, 1.0, 1.0, 0.0, 0.0, 1.0, 0.0, 1.0, 0.0, 1.0, 0.0, 0.0, 0.0, 1.0, 1.0, 1.0, 0.0, 0.0, 1.0, 0.0, 0.0, 0.0, 1.0, 1.0, 0.0, 1.0, 0.0, 0.0, 1.0, 0.0, 0.0, 1.0, 0.0, 0.0, 1.0, 1.0, 1.0, 1.0, 0.0, 0.0, 0.0, 1.0, 0.0, 0.0, 0.0, 1.0, 1.0, 0.0, 1.0, 0.0, 1.0, 1.0, 0.0, 0.0, 0.0, 0.0, 1.0, 0.0, 0.0, 0.0, 1.0, 1.0, 1.0, 1.0, 0.0, 0.0, 1.0, 1.0, 0.0, 0.0, 1.0, 1.0, 0.0, 0.0, 1.0, 0.0, 0.0, 0.0, 0.0, 1.0, 1.0, 0.0, 1.0, 0.0, 1.0, 0.0, 1.0, 1.0, 0.0, 0.0, 1.0, 0.0, 1.0, 1.0, 1.0, 1.0, 0.0, 0.0, 1.0, 0.0, 0.0, 1.0, 1.0, 0.0, 0.0, 0.0, 0.0, 1.0, 0.0, 0.0, 1.0, 1.0, 1.0, 0.0, 0.0, 1.0, 0.0, 1.0, 0.0, 1.0, 1.0, 1.0, 0.0, 1.0, 1.0, 0.0, 1.0, 1.0, 0.0, 1.0, 1.0, 1.0, 0.0, 0.0, 1.0, 0.0, 0.0, 0.0, 0.0, 0.0, 1.0, 0.0, 0.0, 0.0, 0.0, 0.0, 1.0, 1.0, 1.0, 1.0, 0.0, 0.0, 0.0, 0.0, 1.0, 1.0, 1.0, 1.0, 0.0, 0.0, 1.0, 0.0, 0.0, 1.0, 0.0, 0.0, 1.0, 1.0, 1.0, 1.0, 0.0, 0.0, 0.0, 0.0, 0.0, 0.0, 0.0, 0.0, 0.0, 1.0, 1.0, 1.0, 0.0, 1.0, 0.0, 0.0, 1.0, 0.0, 1.0, 0.0, 1.0, 0.0, 1.0, 0.0, 1.0, 1.0, 0.0, 0.0, 0.0, 1.0, 0.0, 0.0, 1.0, 1.0, 0.0, 0.0, 1.0, 1.0, 1.0, 1.0, 0.0, 0.0, 1.0, 1.0, 1.0, 1.0, 0.0, 0.0, 0.0, 0.0, 1.0, 1.0, 1.0, 1.0, 1.0, 1.0, 0.0, 0.0, 1.0, 0.0, 0.0, 1.0, 1.0, 0.0, 1.0, 1.0, 1.0, 0.0, 0.0, 0.0, 1.0, 1.0, 1.0, 0.0, 1.0, 1.0, 1.0, 0.0, 0.0, 0.0, 1.0, 1.0, 0.0, 0.0, 0.0, 1.0, 1.0, 1.0, 1.0, 0.0, 1.0, 1.0, 0.0, 0.0, 1.0, 0.0, 1.0, 1.0, 1.0, 0.0, 1.0, 1.0, 1.0, 0.0, 0.0, 0.0, 0.0, 0.0, 1.0, 1.0, 0.0, 1.0, 1.0, 0.0, 0.0, 1.0, 0.0, 0.0, 0.0, 0.0, 1.0, 1.0, 1.0, 0.0, 1.0, 0.0, 1.0, 0.0, 1.0, 0.0, 1.0, 1.0, 1.0, 0.0, 1.0, 0.0, 0.0, 0.0, 0.0, 1.0, 1.0, 0.0, 0.0, 1.0, 1.0, 0.0, 1.0, 0.0, 0.0, 0.0, 0.0, 0.0, 1.0, 1.0, 0.0, 0.0, 1.0, 1.0, 1.0, 0.0, 1.0, 1.0, 1.0, 0.0, 1.0, 1.0, 1.0, 0.0, 0.0, 1.0, 0.0, 1.0, 0.0, 0.0, 0.0, 0.0, 1.0, 0.0, 0.0, 0.0, 0.0, 1.0, 0.0, 0.0, 1.0, 1.0, 1.0, 1.0, 0.0, 0.0, 0.0, 1.0, 0.0, 1.0, 0.0, 1.0, 1.0, 0.0, 0.0, 1.0, 0.0, 0.0, 1.0, 0.0, 1.0, 1.0, 0.0, 1.0, 1.0, 0.0, 0.0, 1.0, 0.0, 0.0, 0.0, 0.0, 0.0, 1.0, 0.0, 1.0, 0.0, 0.0, 0.0, 0.0, 0.0, 1.0, 1.0, 1.0, 0.0, 0.0, 1.0, 0.0, 1.0, 1.0, 0.0, 0.0, 1.0, 1.0, 0.0, 0.0, 0.0, 1.0, 0.0, 0.0, 0.0, 0.0, 1.0, 1.0, 0.0, 1.0, 1.0, 1.0, 1.0, 0.0, 0.0, 0.0, 0.0, 0.0, 0.0, 0.0, 0.0, 1.0, 1.0, 0.0, 1.0, 1.0, 0.0, 0.0, 0.0, 0.0, 0.0, 1.0, 0.0, 0.0, 0.0, 0.0, 1.0, 0.0, 1.0, 1.0, 0.0, 1.0, 0.0, 1.0, 1.0, 0.0, 0.0, 0.0, 1.0, 0.0, 0.0, 0.0, 0.0, 0.0, 0.0, 1.0, 1.0, 0.0, 0.0, 0.0, 1.0, 1.0, 0.0, 1.0, 0.0, 1.0, 1.0, 1.0, 0.0, 0.0, 0.0, 1.0, 1.0, 1.0, 1.0, 1.0, 1.0, 1.0, 0.0, 0.0, 0.0, 0.0, 1.0, 0.0, 1.0, 1.0, 0.0, 1.0, 1.0, 1.0, 1.0, 0.0, 0.0, 1.0, 0.0, 0.0, 1.0, 1.0, 0.0, 0.0, 0.0, 1.0, 1.0, 0.0, 1.0, 1.0, 0.0, 1.0, 1.0, 0.0, 1.0, 0.0, 1.0, 1.0, 0.0, 0.0, 0.0, 0.0, 1.0, 0.0, 0.0, 0.0, 1.0, 0.0, 0.0, 1.0, 1.0, 0.0, 0.0, 0.0, 1.0, 0.0, 0.0, 0.0, 0.0, 0.0, 0.0, 0.0, 1.0, 0.0, 1.0, 0.0, 1.0, 0.0, 1.0, 1.0, 1.0, 0.0, 1.0, 0.0, 1.0, 0.0, 1.0, 0.0, 1.0, 1.0, 0.0, 0.0, 0.0, 0.0, 1.0, 0.0, 0.0, 0.0, 1.0, 0.0, 0.0, 1.0, 1.0, 1.0, 1.0, 1.0, 1.0, 0.0, 1.0, 0.0, 1.0, 0.0, 1.0, 1.0, 1.0, 0.0, 1.0, 0.0, 0.0, 0.0, 1.0, 1.0, 1.0, 1.0, 1.0, 0.0, 0.0, 0.0, 1.0, 1.0, 0.0, 1.0, 0.0, 1.0, 1.0, 0.0, 1.0, 1.0, 1.0, 1.0, 1.0, 1.0, 1.0, 1.0, 0.0, 1.0, 1.0, 1.0, 0.0, 1.0, 1.0, 0.0, 0.0, 1.0, 0.0, 1.0, 1.0, 1.0, 0.0, 0.0, 0.0, 1.0, 0.0, 1.0, 0.0, 1.0, 1.0, 1.0, 0.0, 0.0, 1.0, 1.0, 0.0, 1.0, 0.0, 1.0, 0.0, 0.0, 1.0, 0.0, 1.0, 0.0, 0.0, 1.0, 0.0, 0.0, 1.0, 0.0, 1.0, 0.0, 1.0, 1.0, 1.0, 0.0, 1.0, 0.0, 0.0, 0.0, 0.0, 0.0, 1.0, 1.0, 1.0, 0.0, 1.0, 1.0, 0.0, 0.0, 1.0, 1.0, 1.0, 0.0, 0.0, 0.0, 0.0, 1.0, 0.0, 1.0, 0.0, 1.0, 1.0, 1.0, 1.0, 0.0, 0.0, 1.0, 1.0, 0.0, 1.0, 1.0, 0.0, 1.0, 1.0, 1.0, 0.0, 0.0, 0.0, 1.0, 0.0, 1.0, 1.0, 1.0, 1.0, 1.0, 1.0, 0.0, 0.0, 1.0, 0.0, 1.0, 0.0, 1.0, 1.0, 1.0, 0.0, 0.0, 1.0, 0.0, 1.0, 0.0, 0.0, 0.0, 0.0, 0.0, 0.0, 0.0, 0.0, 0.0, 0.0, 1.0, 1.0, 1.0, 1.0, 1.0, 1.0, 1.0, 0.0, 0.0, 1.0, 1.0, 1.0, 0.0, 1.0, 0.0, 1.0, 0.0, 0.0, 1.0, 0.0, 0.0, 1.0, 0.0, 1.0, 0.0, 1.0, 0.0, 0.0, 1.0, 1.0, 0.0, 0.0, 0.0, 0.0, 0.0, 0.0, 0.0, 1.0, 1.0, 1.0, 0.0, 0.0, 0.0, 0.0, 1.0, 0.0, 1.0, 1.0, 0.0, 1.0, 0.0, 1.0, 0.0, 0.0, 1.0, 0.0, 0.0, 0.0, 1.0, 0.0, 1.0, 1.0, 1.0, 0.0, 1.0, 1.0, 1.0, 0.0, 0.0, 1.0, 1.0, 0.0, 1.0, 1.0, 1.0, 1.0, 0.0, 0.0, 0.0, 0.0, 1.0, 1.0, 0.0, 1.0, 1.0, 0.0, 1.0, 0.0, 0.0, 0.0, 1.0, 0.0, 1.0, 0.0, 0.0, 0.0, 0.0, 1.0, 1.0, 0.0, 0.0, 1.0, 0.0, 1.0, 0.0, 1.0, 1.0, 0.0, 1.0, 1.0, 0.0, 0.0, 0.0, 0.0, 0.0, 1.0, 0.0, 1.0, 0.0, 0.0, 1.0, 1.0, 1.0, 1.0, 0.0, 1.0, 1.0, 0.0, 1.0, 0.0, 1.0, 1.0, 1.0, 1.0, 0.0, 1.0, 1.0, 0.0, 0.0, 0.0, 1.0, 0.0, 1.0, 0.0, 0.0, 1.0, 1.0, 1.0, 1.0, 0.0, 1.0, 1.0, 0.0, 0.0, 1.0, 0.0, 1.0, 1.0, 0.0, 1.0, 0.0, 1.0, 1.0, 0.0, 1.0, 1.0, 0.0, 0.0, 1.0, 0.0, 0.0, 0.0, 1.0, 0.0, 0.0, 1.0, 1.0, 0.0, 0.0, 0.0, 0.0, 1.0, 0.0, 0.0, 0.0, 1.0, 1.0, 0.0, 1.0, 1.0, 0.0, 1.0, 0.0, 1.0, 1.0, 1.0, 1.0, 0.0, 0.0, 1.0, 0.0, 1.0, 1.0, 1.0, 0.0, 1.0, 1.0, 0.0, 0.0, 1.0, 0.0, 1.0, 0.0, 0.0, 1.0, 1.0, 1.0, 1.0, 1.0, 1.0, 0.0, 1.0, 1.0, 0.0, 1.0, 0.0, 1.0, 1.0, 0.0, 1.0, 1.0, 0.0, 0.0, 1.0, 1.0, 0.0, 0.0, 1.0, 0.0, 1.0, 0.0, 0.0, 0.0, 0.0, 1.0, 0.0, 0.0, 1.0, 0.0, 0.0, 0.0, 0.0, 1.0, 1.0, 0.0, 1.0, 1.0, 1.0, 1.0, 1.0, 1.0, 0.0, 0.0, 0.0, 1.0, 0.0, 1.0, 0.0, 0.0, 0.0, 1.0, 1.0, 0.0, 0.0, 1.0, 0.0, 0.0, 1.0, 0.0, 0.0, 1.0, 1.0, 0.0, 1.0, 1.0, 0.0, 0.0, 1.0, 1.0, 1.0, 1.0, 1.0, 1.0, 1.0, 1.0, 0.0, 0.0, 1.0, 1.0, 0.0, 0.0, 0.0, 0.0, 0.0, 0.0, 1.0, 0.0, 1.0, 1.0, 0.0, 0.0, 0.0, 1.0, 0.0, 0.0, 1.0, 1.0, 1.0, 1.0, 0.0, 0.0, 1.0, 1.0, 0.0, 1.0, 0.0, 1.0, 1.0, 1.0, 0.0, 0.0, 1.0, 1.0, 1.0, 1.0, 1.0, 1.0, 1.0, 1.0, 0.0, 1.0, 1.0, 0.0, 0.0, 0.0, 1.0, 1.0, 0.0, 1.0, 0.0, 1.0, 1.0, 0.0, 1.0, 1.0, 1.0, 1.0, 0.0, 0.0, 1.0, 0.0, 1.0, 1.0, 0.0, 1.0, 0.0, 1.0, 0.0, 1.0, 1.0, 1.0, 0.0, 0.0, 0.0, 1.0, 1.0, 1.0, 1.0, 1.0, 1.0, 1.0, 1.0, 1.0, 1.0, 0.0, 1.0, 1.0, 1.0, 0.0, 1.0, 0.0, 0.0, 1.0, 0.0, 0.0, 1.0, 1.0, 0.0, 1.0, 0.0, 0.0, 0.0, 0.0, 1.0, 1.0, 1.0, 1.0, 0.0, 1.0, 1.0, 1.0, 1.0, 1.0, 0.0, 0.0, 1.0, 1.0, 0.0, 1.0, 0.0, 0.0, 0.0, 1.0, 0.0, 0.0, 1.0, 0.0, 0.0, 1.0, 1.0, 1.0, 1.0, 1.0, 1.0, 1.0, 1.0, 0.0, 1.0, 0.0, 0.0, 0.0, 1.0, 0.0, 1.0, 0.0, 1.0, 1.0, 1.0, 0.0, 0.0, 1.0, 1.0, 1.0, 0.0, 1.0, 1.0, 1.0, 0.0, 1.0, 1.0, 0.0, 0.0, 0.0, 0.0, 1.0, 1.0, 0.0, 0.0, 1.0, 0.0, 0.0, 0.0, 1.0, 0.0, 0.0, 0.0, 0.0, 1.0, 0.0, 0.0, 0.0, 1.0, 0.0, 0.0, 1.0, 0.0, 1.0, 0.0, 1.0, 1.0, 1.0, 0.0, 1.0, 1.0, 1.0, 1.0, 0.0, 1.0, 1.0, 1.0, 1.0, 0.0, 0.0, 0.0, 1.0, 1.0, 0.0, 0.0, 0.0, 0.0, 1.0, 1.0, 1.0, 0.0, 1.0, 1.0, 0.0, 0.0, 1.0, 0.0, 1.0, 0.0, 1.0, 1.0, 0.0, 0.0, 1.0, 1.0, 0.0, 0.0, 0.0, 0.0, 1.0, 0.0, 0.0, 1.0, 1.0, 0.0, 0.0, 0.0, 1.0, 0.0, 1.0, 1.0, 0.0, 0.0, 1.0, 0.0, 0.0, 0.0, 1.0, 1.0, 0.0, 1.0, 1.0, 0.0, 0.0, 1.0, 1.0, 0.0, 0.0, 1.0, 0.0, 0.0, 0.0, 1.0, 0.0, 0.0, 0.0, 0.0, 1.0, 0.0, 0.0, 0.0, 1.0, 1.0, 0.0, 0.0, 1.0, 0.0, 1.0, 1.0, 1.0, 1.0, 1.0, 0.0, 0.0, 0.0, 0.0, 1.0, 0.0, 1.0, 1.0, 1.0, 1.0, 0.0, 0.0, 1.0, 1.0, 1.0, 1.0, 0.0, 1.0, 0.0, 1.0, 0.0, 0.0, 0.0, 0.0, 0.0, 0.0, 0.0, 1.0, 1.0, 0.0, 1.0, 0.0, 0.0, 0.0, 1.0, 0.0, 1.0, 0.0, 1.0, 0.0, 0.0, 1.0, 1.0, 0.0, 0.0, 1.0, 0.0, 1.0, 0.0, 1.0, 0.0, 1.0, 1.0, 0.0, 1.0, 0.0, 0.0, 1.0, 0.0, 1.0, 1.0, 1.0, 0.0, 1.0, 0.0, 0.0, 0.0, 0.0, 1.0, 1.0, 1.0, 1.0, 1.0, 1.0, 0.0, 1.0, 1.0, 0.0, 0.0, 0.0, 1.0, 0.0, 0.0, 1.0, 0.0, 1.0, 0.0, 1.0, 0.0, 0.0, 0.0, 0.0, 1.0, 0.0, 0.0, 0.0, 1.0, 0.0, 0.0, 1.0, 1.0, 0.0, 1.0, 0.0, 0.0, 1.0, 1.0, 0.0, 0.0, 1.0, 0.0, 0.0, 1.0, 1.0, 1.0, 0.0, 1.0, 0.0, 1.0, 1.0, 1.0, 0.0, 0.0, 1.0, 1.0, 0.0, 0.0, 0.0, 1.0, 1.0, 0.0, 0.0, 0.0, 0.0, 1.0, 0.0, 0.0, 0.0, 1.0, 0.0, 0.0, 1.0, 0.0, 0.0, 0.0, 0.0, 0.0, 0.0, 0.0, 1.0, 1.0, 0.0, 0.0, 1.0, 1.0, 0.0, 1.0, 0.0, 0.0, 0.0, 0.0, 0.0, 0.0, 0.0, 0.0, 1.0, 0.0, 1.0, 1.0, 1.0, 1.0, 1.0, 1.0, 1.0, 0.0, 0.0, 0.0, 0.0, 1.0, 1.0, 1.0, 0.0, 0.0, 1.0, 0.0, 0.0, 0.0, 0.0, 0.0, 1.0, 1.0, 1.0, 0.0, 0.0, 0.0, 0.0, 0.0, 0.0, 0.0, 1.0, 0.0, 0.0, 1.0, 1.0, 0.0, 0.0, 1.0, 1.0, 1.0, 0.0, 0.0, 1.0, 1.0, 0.0, 1.0, 0.0, 1.0, 1.0, 1.0, 0.0, 0.0, 1.0, 1.0, 1.0, 1.0, 1.0, 1.0, 0.0, 1.0, 0.0, 1.0, 0.0, 1.0, 0.0, 1.0, 0.0, 0.0, 1.0, 0.0, 0.0, 1.0, 0.0, 0.0, 0.0, 0.0, 1.0, 0.0, 0.0, 0.0, 0.0, 1.0, 1.0, 0.0, 0.0, 1.0, 0.0, 0.0, 0.0, 0.0, 0.0, 1.0, 1.0, 1.0, 0.0, 0.0, 1.0, 1.0, 0.0, 0.0, 0.0, 1.0, 1.0, 0.0, 1.0, 1.0, 1.0, 1.0, 1.0, 1.0, 0.0, 0.0, 1.0, 1.0, 0.0, 1.0, 1.0, 1.0, 0.0, 0.0, 0.0, 1.0, 1.0, 0.0, 1.0, 1.0, 1.0, 0.0, 1.0, 0.0, 0.0, 0.0, 1.0, 1.0, 0.0, 1.0, 0.0, 1.0, 1.0, 0.0, 1.0, 1.0, 0.0, 1.0, 1.0, 1.0, 1.0, 1.0, 0.0, 1.0, 1.0, 0.0, 0.0, 1.0, 1.0, 0.0, 0.0, 0.0, 0.0, 0.0, 0.0, 0.0, 1.0, 0.0, 1.0, 1.0, 1.0, 1.0, 1.0, 0.0, 0.0, 1.0, 0.0, 1.0, 1.0, 0.0, 1.0, 0.0, 0.0, 1.0, 0.0, 0.0, 0.0, 0.0, 1.0, 1.0, 0.0, 0.0, 0.0, 0.0, 0.0, 0.0, 0.0, 0.0, 0.0, 0.0, 0.0, 1.0, 0.0, 0.0, 0.0, 1.0, 0.0, 1.0, 1.0, 1.0, 1.0, 1.0, 0.0, 1.0, 1.0, 0.0, 0.0, 1.0, 0.0, 0.0, 0.0, 1.0, 1.0, 1.0, 0.0, 0.0, 0.0, 1.0, 0.0, 1.0, 1.0, 1.0, 0.0, 1.0, 0.0, 1.0, 0.0, 1.0, 1.0, 1.0, 1.0, 0.0, 0.0, 0.0, 0.0, 0.0, 1.0, 1.0, 0.0, 0.0, 0.0, 1.0, 1.0, 1.0, 0.0, 0.0, 1.0, 0.0, 1.0, 1.0, 0.0, 0.0, 0.0, 1.0, 0.0, 0.0, 1.0, 1.0, 0.0, 0.0, 1.0, 1.0, 0.0, 1.0, 1.0, 0.0, 0.0, 0.0, 1.0, 1.0, 0.0, 1.0, 0.0, 1.0, 0.0, 0.0, 0.0, 1.0, 0.0, 0.0, 0.0, 0.0, 0.0, 0.0, 0.0, 1.0, 0.0, 0.0, 0.0, 1.0, 0.0, 1.0, 0.0, 0.0, 0.0, 0.0, 1.0, 1.0, 1.0, 0.0, 1.0, 1.0, 0.0, 1.0, 1.0, 1.0, 1.0, 0.0, 1.0, 1.0, 0.0, 0.0, 1.0, 0.0, 0.0, 1.0, 1.0, 1.0, 1.0, 1.0, 1.0, 0.0, 0.0, 0.0, 0.0, 0.0, 0.0, 0.0, 0.0, 0.0, 0.0, 1.0, 1.0, 1.0, 0.0, 1.0, 0.0, 0.0, 0.0, 1.0, 1.0, 0.0, 0.0, 0.0, 0.0, 0.0, 1.0, 1.0, 0.0, 1.0, 0.0, 1.0, 1.0, 1.0, 1.0, 1.0, 1.0, 1.0, 1.0, 1.0, 0.0, 0.0, 0.0, 1.0, 1.0, 1.0, 1.0, 0.0, 0.0, 1.0, 0.0, 0.0, 1.0, 1.0, 1.0, 1.0, 0.0, 0.0, 1.0, 1.0, 1.0, 0.0, 1.0, 1.0, 1.0, 0.0, 0.0, 0.0, 1.0, 1.0, 1.0, 1.0, 0.0, 0.0, 1.0, 0.0, 0.0, 0.0, 1.0, 1.0, 0.0, 1.0, 1.0, 1.0, 1.0, 1.0, 1.0, 1.0, 1.0, 0.0, 1.0, 1.0, 0.0, 0.0, 1.0, 1.0, 0.0, 1.0, 1.0, 0.0, 1.0, 0.0, 0.0, 1.0, 1.0, 0.0, 0.0, 1.0, 1.0, 0.0, 1.0, 0.0, 1.0, 1.0, 0.0, 1.0, 1.0, 0.0, 0.0, 1.0, 0.0, 1.0, 1.0, 0.0, 0.0, 0.0, 0.0, 1.0, 1.0, 0.0, 1.0, 1.0, 1.0, 0.0, 0.0, 1.0, 0.0, 0.0, 1.0, 1.0, 0.0, 0.0, 1.0, 1.0, 0.0, 0.0, 1.0, 0.0, 1.0, 0.0, 1.0, 0.0, 0.0, 1.0, 1.0, 1.0, 1.0, 1.0, 0.0, 1.0, 1.0, 1.0, 1.0, 0.0, 0.0, 1.0, 0.0, 1.0, 0.0, 0.0, 1.0, 0.0, 1.0, 0.0, 0.0, 0.0, 0.0, 1.0, 1.0, 0.0, 1.0, 1.0, 0.0, 1.0, 1.0, 0.0, 0.0, 0.0, 1.0, 0.0, 1.0, 1.0, 0.0, 0.0, 0.0, 0.0, 0.0, 0.0, 0.0, 0.0, 0.0, 0.0, 1.0, 0.0, 0.0, 1.0, 1.0, 0.0, 0.0, 1.0, 1.0, 1.0, 0.0, 0.0, 0.0, 0.0, 1.0, 0.0, 1.0, 1.0, 1.0, 1.0, 0.0, 1.0, 0.0, 1.0, 1.0, 0.0, 1.0, 1.0, 0.0, 0.0, 1.0, 1.0, 0.0, 1.0, 0.0, 0.0, 0.0, 0.0, 1.0, 0.0, 0.0, 1.0, 1.0, 1.0, 1.0, 0.0, 1.0, 1.0, 1.0, 1.0, 0.0, 0.0, 1.0, 1.0, 1.0, 1.0, 1.0, 0.0, 0.0, 0.0, 0.0, 0.0, 1.0, 1.0, 1.0, 1.0, 1.0, 0.0, 1.0, 0.0, 0.0, 0.0, 1.0, 1.0, 1.0, 1.0, 1.0, 0.0, 0.0, 1.0, 1.0, 0.0, 0.0, 1.0, 0.0, 1.0, 1.0, 1.0, 1.0, 1.0, 1.0, 0.0, 1.0, 1.0, 0.0, 0.0, 0.0, 1.0, 1.0, 1.0, 0.0, 1.0, 0.0, 1.0, 1.0, 1.0, 1.0, 0.0, 0.0, 1.0, 0.0, 0.0, 1.0, 1.0, 0.0, 0.0, 1.0, 1.0, 1.0, 1.0, 0.0, 1.0, 0.0, 1.0, 1.0, 1.0, 1.0, 1.0, 1.0, 0.0, 0.0, 1.0, 0.0, 1.0, 0.0, 1.0, 0.0, 0.0, 0.0, 1.0, 1.0, 1.0, 0.0, 0.0, 0.0, 0.0, 0.0, 1.0, 1.0, 1.0, 0.0, 0.0, 0.0, 0.0, 0.0, 1.0, 1.0, 0.0, 0.0, 0.0, 1.0, 0.0, 0.0, 0.0, 0.0, 1.0, 1.0, 0.0, 0.0, 1.0, 1.0, 0.0, 1.0, 1.0, 0.0, 1.0, 1.0, 1.0, 0.0, 0.0, 1.0, 0.0, 1.0, 1.0, 0.0, 1.0, 1.0, 1.0, 0.0, 0.0, 0.0, 0.0, 1.0, 0.0, 0.0, 1.0]","['lNONHSAG000069', 'lNONHSAG000158', 'lNONHSAG000310', 'lNONHSAG000938', 'lNONHSAG001499', 'lNONHSAG001696', 'lNONHSAG001993', 'lNONHSAG002376', 'lNONHSAG002617', 'lNONHSAG002701', 'lNONHSAG002859', 'lNONHSAG002978', 'lNONHSAG003119', 'lNONHSAG003198', 'lNONHSAG003260', 'lNONHSAG003374', 'lNONHSAG003911', 'lNONHSAG004673', 'lNONHSAG004779', 'lNONHSAG005084', 'lNONHSAG005482', 'lNONHSAG005780', 'lNONHSAG006050', 'lNONHSAG006238', 'lNONHSAG006301', 'lNONHSAG007487', 'lNONHSAG008728', 'lNONHSAG009130', 'lNONHSAG009950', 'lNONHSAG009968', 'lNONHSAG010179', 'lNONHSAG010190', 'lNONHSAG010200', 'lNONHSAG010658', 'lNONHSAG010989', 'lNONHSAG011028', 'lNONHSAG011121', 'lNONHSAG011337', 'lNONHSAG011576', 'lNONHSAG012339', 'lNONHSAG013475', 'lNONHSAG014112', 'lNONHSAG014130', 'lNONHSAG014672', 'lNONHSAG014890', 'lNONHSAG016118', 'lNONHSAG016307', 'lNONHSAG016576', 'lNONHSAG016822', 'lNONHSAG016893', 'lNONHSAG017060', 'lNONHSAG017376', 'lNONHSAG017486', 'lNONHSAG017504', 'lNONHSAG018313', 'lNONHSAG019021', 'lNONHSAG019049', 'lNONHSAG019332', 'lNONHSAG019439', 'lNONHSAG020091', 'lNONHSAG020155', 'lNONHSAG020252', 'lNONHSAG020260', 'lNONHSAG020312', 'lNONHSAG021390', 'lNONHSAG021433', 'lNONHSAG021557', 'lNONHSAG021698', 'lNONHSAG021874', 'lNONHSAG021893', 'lNONHSAG021976', 'lNONHSAG022339', 'lNONHSAG022972', 'lNONHSAG023864', 'lNONHSAG024381', 'lNONHSAG024393', 'lNONHSAG024826', 'lNONHSAG024925', 'lNONHSAG025352', 'lNONHSAG025964', 'lNONHSAG025997', 'lNONHSAG026103', 'lNONHSAG026176', 'lNONHSAG026852', 'lNONHSAG026854', 'lNONHSAG027837', 'lNONHSAG028142', 'lNONHSAG028857', 'lNONHSAG028870', 'lNONHSAG028913', 'lNONHSAG029830', 'lNONHSAG030278', 'lNONHSAG030304', 'lNONHSAG030410', 'lNONHSAG030739', 'lNONHSAG032297', 'lNONHSAG033121', 'lNONHSAG033898', 'lNONHSAG034021', 'lNONHSAG035096', 'lNONHSAG036054', 'lNONHSAG036926', 'lNONHSAG037061', 'lNONHSAG037946', 'lNONHSAG038001', 'lNONHSAG038343', 'lNONHSAG039654', 'lNONHSAG040700', 'lNONHSAG042970', 'lNONHSAG043433', 'lNONHSAG043657', 'lNONHSAG043770', 'lNONHSAG044041', 'lNONHSAG045163', 'lNONHSAG047197', 'lNONHSAG047830', 'lNONHSAG048602', 'lNONHSAG049185', 'lNONHSAG050769', 'lNONHSAG050786', 'lNONHSAG051291', 'lNONHSAG051567', 'lNONHSAG051568', 'lNONHSAG051898', 'lNONHSAG053802', 'lNONHSAG054780', 'lNONHSAG055092', 'lNONHSAG055418', 'lNONHSAG055546', 'lNONHSAG055565', 'lNONHSAG055582', 'lNONHSAG056746', 'lNONHSAG060586', 'lNONHSAG063700', 'lNONHSAG077527', 'lNONHSAG083289', 'lNONHSAG084701', 'lNONHSAG092907', 'lNONHSAG093078', 'lNONHSAG094269', 'lNONHSAG098653', 'lNONHSAG103457', 'lNONHSAG111667', 'lENSG00000198468', 'lENSG00000203497', 'lENSG00000230400', 'lENSG00000245067', 'lENSG00000247373', 'lENSG00000258912', 'lENSG00000259424', 'lENSG00000260924', 'lENSG00000263718', 'lENSG00000266970', 'lENSG00000278970', 'lENSG00000285644', 'lLINC00174', 'lSNHG15', 'lZNF286B', 'lAC007009.1', 'lLA16c-380H5.3', 'lLL22NC03-23C6.13', 'lRP11-197N18.2', 'lAC018766.4', 'lCTD-2231H16.1', 'lNONHSAG000297', 'lNONHSAG000623', 'lNONHSAG001033', 'lNONHSAG001240', 'lNONHSAG003418', 'lNONHSAG004638', 'lNONHSAG005746', 'lNONHSAG005789', 'lNONHSAG006022', 'lNONHSAG006293', 'lNONHSAG006602', 'lNONHSAG006653', 'lNONHSAG006779', 'lNONHSAG006909', 'lNONHSAG006922', 'lNONHSAG007632', 'lENSG00000083622', 'lENSG00000197644', 'lENSG00000198054', 'lENSG00000204464', 'lENSG00000205500', 'lENSG00000212856', 'lENSG00000222000', 'lENSG00000223727', 'lENSG00000223881', 'lENSG00000224535', 'lENSG00000224794', 'lENSG00000225050', 'lENSG00000225457', 'lENSG00000225886', 'lENSG00000226522', 'lENSG00000226699', 'lENSG00000226770', 'lENSG00000226813', 'lENSG00000226925', 'lENSG00000227716', 'lENSG00000227960', 'lENSG00000228028', 'lENSG00000228272', 'lENSG00000228485', 'lENSG00000228826', 'lENSG00000229167', 'lENSG00000229679', 'lENSG00000229953', 'lENSG00000230109', 'lENSG00000230323', 'lENSG00000230499', 'lENSG00000230830', 'lENSG00000231081', 'lENSG00000231102', 'lENSG00000231407', 'lENSG00000231781', 'lENSG00000231937', 'lENSG00000232086', 'lENSG00000232464', 'lENSG00000232719', 'lENSG00000232930', 'lENSG00000233613', 'lENSG00000233665', 'lENSG00000233851', 'lENSG00000233985', 'lENSG00000234149', 'lENSG00000234504', 'lENSG00000234626', 'lENSG00000234756', 'lENSG00000234900', 'lENSG00000235050', 'lENSG00000235494', 'lENSG00000235813', 'lENSG00000236272', 'lENSG00000236463', 'lENSG00000236723', 'lENSG00000236744', 'lENSG00000236975', 'lENSG00000237576', 'lENSG00000237581', 'lENSG00000238131', 'lENSG00000243368', 'lENSG00000248145', 'lENSG00000248373', 'lENSG00000248490', 'lENSG00000248975', 'lENSG00000250865', 'lENSG00000253865', 'lENSG00000254516', 'lENSG00000254689', 'lENSG00000254787', 'lENSG00000254864', 'lENSG00000255039', 'lENSG00000255247', 'lENSG00000255375', 'lENSG00000255482', 'lENSG00000255808', 'lENSG00000256007', 'lENSG00000256448', 'lENSG00000256452', 'lENSG00000256484', 'lENSG00000257488', 'lENSG00000257500', 'lENSG00000257764', 'lENSG00000257925', 'lENSG00000258312', 'lENSG00000258394', 'lENSG00000258516', 'lENSG00000258695', 'lENSG00000258698', 'lENSG00000258824', 'lENSG00000258829', 'lENSG00000258904', 'lENSG00000259294', 'lENSG00000259352', 'lENSG00000259360', 'lENSG00000259544', 'lENSG00000259955', 'lENSG00000260626', 'lENSG00000260659', 'lENSG00000260999', 'lENSG00000261243', 'lENSG00000261475', 'lENSG00000261523', 'lENSG00000263300', 'lENSG00000263466', 'lENSG00000263594', 'lENSG00000263847', 'lENSG00000264924', 'lENSG00000266153', 'lENSG00000267063', 'lENSG00000267341', 'lENSG00000267543', 'lENSG00000267615', 'lENSG00000268049', 'lENSG00000268078', 'lENSG00000268203', 'lENSG00000268734', 'lENSG00000269044', 'lENSG00000269145', 'lENSG00000272338', 'lENSG00000273919', 'lENSG00000274863', 'lENSG00000279687', 'lENSG00000279920', 'lENSG00000280206', 'lENSG00000281021', 'lENSG00000282478', 'lENSG00000285654', 'lENSG00000286194', 'lENSG00000286689', 'lENSG00000286908', 'lENSG00000287094', 'lENSG00000287213', 'lENSG00000287270', 'lENSG00000287285', 'lENSG00000287359', 'lENSG00000287381', 'lENSG00000231212', 'lENSG00000234083', 'lENSG00000259244', 'lENSG00000259407', 'lENSG00000286164']","[0.0, 1.0, 1.0, 1.0, 0.0, 1.0, 0.0, 0.0, 1.0, 1.0, 1.0, 1.0, 1.0, 1.0, 1.0, 0.0, 0.0, 1.0, 0.0, 0.0, 0.0, 0.0, 0.0, 0.0, 0.0, 0.0, 0.0, 1.0, 1.0, 1.0, 0.0, 1.0, 1.0, 0.0, 0.0, 0.0, 1.0, 0.0, 0.0, 0.0, 1.0, 1.0, 0.0, 1.0, 0.0, 1.0, 1.0, 0.0, 0.0, 0.0, 1.0, 0.0, 1.0, 0.0, 0.0, 0.0, 0.0, 1.0, 0.0, 1.0, 0.0, 1.0, 0.0, 0.0, 0.0, 1.0, 1.0, 0.0, 1.0, 1.0, 0.0, 1.0, 0.0, 0.0, 0.0, 1.0, 0.0, 1.0, 1.0, 1.0, 1.0, 1.0, 0.0, 0.0, 0.0, 1.0, 0.0, 0.0, 0.0, 0.0, 0.0, 1.0, 0.0, 0.0, 1.0, 0.0, 1.0, 1.0, 0.0, 0.0, 0.0, 1.0, 1.0, 0.0, 1.0, 0.0, 1.0, 1.0, 1.0, 1.0, 0.0, 0.0, 1.0, 0.0, 1.0, 1.0, 1.0, 0.0, 0.0, 1.0, 0.0, 1.0, 1.0, 0.0, 0.0, 1.0, 0.0, 0.0, 0.0, 0.0, 0.0, 0.0, 1.0, 1.0, 0.0, 1.0, 1.0, 0.0, 0.0, 1.0, 1.0, 1.0, 0.0, 0.0, 1.0, 0.0, 1.0, 1.0, 1.0, 1.0, 0.0, 0.0, 0.0, 1.0, 1.0, 1.0, 0.0, 1.0, 1.0, 1.0, 0.0, 1.0, 1.0, 0.0, 0.0, 0.0, 1.0, 0.0, 1.0, 1.0, 0.0, 0.0, 0.0, 0.0, 0.0, 0.0, 1.0, 1.0, 0.0, 1.0, 0.0, 0.0, 0.0, 0.0, 0.0, 0.0, 1.0, 0.0, 0.0, 0.0, 1.0, 1.0, 1.0, 0.0, 0.0, 1.0, 0.0, 0.0, 0.0, 0.0, 1.0, 1.0, 0.0, 0.0, 0.0, 0.0, 0.0, 1.0, 0.0, 1.0, 0.0, 1.0, 1.0, 1.0, 0.0, 1.0, 0.0, 0.0, 0.0, 0.0, 0.0, 1.0, 1.0, 0.0, 1.0, 1.0, 1.0, 1.0, 0.0, 0.0, 0.0, 1.0, 0.0, 0.0, 0.0, 1.0, 1.0, 1.0, 0.0, 1.0, 1.0, 0.0, 0.0, 0.0, 1.0, 0.0, 0.0, 0.0, 1.0, 1.0, 1.0, 1.0, 1.0, 1.0, 1.0, 0.0, 0.0, 1.0, 1.0, 1.0, 0.0, 1.0, 1.0, 1.0, 0.0, 1.0, 0.0, 1.0, 0.0, 0.0, 1.0, 0.0, 1.0, 1.0, 1.0, 0.0, 0.0, 1.0, 1.0, 0.0, 1.0, 1.0, 0.0, 1.0, 0.0, 0.0, 0.0, 1.0, 1.0, 0.0, 0.0, 0.0, 1.0, 0.0, 1.0, 1.0, 1.0, 1.0, 1.0, 1.0, 0.0, 1.0, 1.0, 1.0, 1.0, 0.0, 1.0, 1.0, 0.0, 0.0, 1.0, 0.0, 1.0, 0.0, 0.0, 1.0, 1.0, 0.0, 0.0, 0.0, 1.0, 0.0, 0.0]","[0, 0, 0, 1, 1, 1, 1, 0, 0, 1, 0, 0, 0, 1, 0, 0, 0, 0, 0, 0, 1, 1, 1, 0, 1, 0, 1, 0, 0, 1, 0, 1, 0, 1, 0, 1, 1, 1, 0, 1, 0, 1, 1, 0, 0, 1, 1, 1, 1, 0, 0, 0, 0, 0, 0, 0, 0, 1, 1, 1, 0, 0, 0, 1, 0, 1, 1, 0, 0, 1, 0, 1, 0, 1, 1, 1, 0, 0, 0, 1, 0, 0, 0, 0, 0, 1, 1, 0, 1, 0, 1, 0, 1, 0, 0, 0, 1, 1, 0, 1, 0, 1, 0, 1, 0, 0, 1, 0, 0, 0, 1, 1, 0, 0, 1, 1, 0, 0, 0, 0, 1, 1, 1, 1, 1, 0, 1, 1, 0, 1, 0, 0, 0, 0, 1, 0, 0, 1, 0, 1, 0, 1, 0, 0, 0, 1, 1, 1, 1, 1, 1, 0, 1, 1, 0, 1, 0, 1, 1, 0, 1, 1, 1, 1, 1, 1, 1, 1, 0, 1, 1, 1, 0, 0, 0, 0, 1, 0, 1, 1, 1, 1, 0, 1, 1, 1, 0, 1, 0, 0, 1, 0, 1, 0, 0, 0, 1, 0, 0, 0, 1, 1, 1, 1, 1, 1, 0, 1, 1, 0, 0, 0, 0, 1, 0, 1, 0, 0, 1, 1, 1, 0, 1, 0, 0, 1, 1, 1, 1, 1, 1, 0, 1, 0, 0, 1, 0, 1, 0, 0, 0, 0, 1, 0, 0, 0, 1, 1, 1, 1, 1, 1, 1, 0, 0, 1, 0, 1, 1, 1, 1, 0, 1, 1, 0, 1, 0, 1, 0, 1, 1, 0, 0, 0, 1, 1, 1, 1, 1, 1, 1, 1, 0, 0, 0, 0, 1, 1, 1, 1, 1, 0, 0, 0, 0, 0, 1, 0, 0, 1, 1, 1, 0, 0, 1, 1, 0, 0, 0, 1, 1, 0, 0, 0, 1, 1, 0, 0, 1, 0, 0, 1, 0]","[-0.012472657242768692, -0.24646190749992525, -0.0716387316497642, 0.1503340075729962, 0.09124081244698945, 0.1828805675480154, 0.028089336689327338, -0.0199650701770413, -0.1942134889192204, 0.08665130277290589, -0.02842278392823272, -0.03187205233688073, -0.06461778189385048, 0.021173830912813996, -0.10487842702448913, -0.007860959763269948, -0.022635739476478678, -0.08020064764179513, -0.20967296593076168, -0.26375093634399005, 0.11033304113083875, 0.13899915709441824, 0.11101923082059417, -0.14699276738871814, 0.13942919050559222, -0.018418945587037827, 0.0038953233969667433, -0.04278273955504486, -0.1795358737701005, 0.02882374004257282, -0.10946630870810847, 0.004325628303542883, -0.15945332930214495, 0.07968634225437721, -0.30053252789830087, 0.04050998988757537, 0.22220836255225218, 0.14930220281693418, -0.09615952390851246, 0.05452101524356823, -0.2035551194025189, 0.2752246527385427, 0.07145051788559509, -0.09137246912213759, -0.2061235837670552, 0.3098503094991798, 0.8726548101902007, 0.30222377139887757, 0.1730134646397843, -0.2738567998267041, -0.1813330155480799, -0.15656836064517, -0.12169450494216183, -0.13135450354439304, -0.10909211360526361, -0.305384643753974, -0.08582518915038517, 0.2002804676412182, 0.07231271833475605, 0.34062660450061233, -0.049056763564576444, -0.10818431669588446, -0.05582190914327012, 0.06552091318731068, -0.13233534776151612, 0.48247360237797277, 0.017711850439215082, -0.3044827040884688, -0.04098962102303827, 0.1696446016306037, -0.010424367405844182, 0.013389507650139576, -0.048387271887356365, 0.17199141247076422, 0.04561199329141696, 0.2865959145224781, -0.14200808701510081, -0.11149578915607106, -0.009852741959721856, 0.1374312026889395, -0.42814184329175586, -0.06163719518167743, -0.06646321905651864, -0.00629017195691195, -0.03889953265719659, 0.3476066665253448, 0.06094418904383647, -0.11652978166110839, 0.18007972497931202, -0.026161303641985656, 0.08271830362614696, -0.1558045703923583, 0.09323701958969433, -0.221022932179465, -0.06429872272542636, -0.11938704812933953, 0.18937554116377409, 0.012711125452610217, -0.20090778986692936, 0.05064368250329987, -0.01219339652512308, 0.26660531120904696, -0.37251746803975405, 0.031048184064480067, -0.04311710685180725, -0.040913975714221396, 0.5120016077003899, -0.18744860218042203, -0.04099001811926084, -0.031046995950539058, 0.3212807704061731, 0.1815338294797566, -0.1592911856618795, -0.17150943246784256, 0.08141032102766377, 0.13971802266483624, -0.16663161836271212, -0.18735694145953308, -0.35975810778536865, -0.10049473023654198, 0.23801050545802016, 0.004092214996023413, 0.1286544293197316, 0.2221020760568979, 0.6618703757316708, -0.05720088176300142, 0.048220639705669255, 0.08942568410395668, -0.04879787568534266, 0.23703777016828087, -0.06751230833840904, -0.23892530898070885, -0.17549308102639682, -0.1199624433003248, 0.014236942457226176, -0.48380718628371366, -0.0204550375273318, 0.11701558249999766, -0.04667012685599414, 0.08236302157226727, -0.21765133593940367, 0.24169413428431308, -0.19754353233129973, -0.1155834433121854, -0.02085351118918699, 0.1628586071028859, 0.09623255184901747, 0.3092634676192645, 0.005537348725174196, 0.013682858285753552, 0.03250672540681232, -0.14617381530654616, 0.44251299462723526, 0.172186167447143, -0.1108256061064854, 0.029342179882059893, -0.026281062535388644, 0.08854669383687752, 0.12087437501487908, -0.12260834549746424, 0.05994134507449078, 0.13576568467597983, 0.04751494217159968, 0.053363632129294514, 0.02695998613645645, 0.04956536250694721, 0.3037757492894808, 0.09552480685856746, -0.12158601238139721, 0.034067714677020744, 0.06773353604174903, 0.046983787175643554, -0.002900640803045862, -0.17815640141535138, -0.3520806069571425, -0.0008161553958647705, 0.10462834777521901, -0.1035027825835162, 0.18627006383719436, 0.06170542559875325, 0.06009504221034123, 0.05261269244191058, -0.12476252124939902, 0.02121256526046511, 0.1855954634379653, 0.15092579668426498, -0.06949937063004197, 0.02863602386582964, -0.13751880046992615, -0.033036029823741986, 0.19940148173980243, -0.008923083349310135, 0.03612703461431077, -0.0645439151481384, -0.10863579815017421, -0.17808152137584377, 0.1016165023207829, -0.045142042675121674, -0.02473208813199368, -0.13972922092573126, 0.14846194297709192, 0.01625924893721087, 0.039761120105602954, 0.025456705858792672, 0.17179812559402374, 0.08678357079907673, -0.07502932175401722, 0.16640435401527642, 0.3168642188778541, -0.3727245180123824, -0.06819139591798629, -0.05122461680683377, -0.1523429445288198, 0.13029136311347034, -0.10680019831634557, 0.02103264065745125, -0.022575147850152577, -0.006955845949748296, 0.24884016938552445, 0.07473520206136253, 0.008618833203468013, -0.008696421502336849, 0.14888433952836233, -0.23935843780078625, -0.05921688556599247, 0.15921421237721378, 0.10788166342156802, 0.00833012863502769, 0.013974780216305716, 0.1761731877189383, 0.06073669392151859, -0.08729434395952684, 0.03160885855999562, -0.2807347213101228, -0.05017289362992661, 0.27482069264723274, -0.1544236547099811, 0.006213967304534718, -0.2110111321879249, -0.06650086363227214, -0.18392822973535172, -0.029962175069287555, 0.04891820278491532, -0.23039146633415375, -0.29446646036725643, -0.06271891600895185, 0.06057979941932312, 0.08771926209549608, 0.035794926447185516, 0.35174883123189704, 0.1226129712695776, 0.025813743498759534, 0.0005747305659464796, -0.10918556113964795, -0.018868222778736454, 0.11016217630093084, -0.012980693811418975, 0.2947450788964818, 0.05467242876420353, 0.034643097130763634, 0.09718490568822946, -0.10906506976279862, 0.33448217273526804, 0.1414949717556293, -0.0214890530104761, 0.048559769682053, -0.05471334669578387, 0.069040887472952, -0.5500057996094665, 0.6305915627015988, 0.09681132228693268, -0.15958637993025993, -0.07879815657191469, -0.12538544132993157, 0.0476257491767107, 0.085019447421806, 0.18406961306590008, 0.04924408451660045, 0.2684457143499219, 0.04549416719648636, 0.21123275353634763, 0.031415332947580366, -0.2356229110579442, -0.0969902870517505, -0.34137258989230657, -0.3247850940706247, 0.06145315035172483, 0.14116320441846741, 0.2724603787988247, 0.06812047903648266, 0.20048507154255968, -0.10051267123965713, -0.012876259372697207, -0.012009197671681848, -0.02024159822512428, -0.005792783767057275, 0.5169774877319468, -0.09454390247694922, -0.47672871365709146, 0.0868627271230078, 0.1961456353987543, 0.2025812402661884, -0.020217553291499657, -0.02328146114875662, 0.1685425169314161, 0.25208719427427506, -0.12742083295937445, -0.03701876039689478, -0.04981900255655991, 0.05482499411004116, 0.14129443824429333, -0.06264705918429958, -0.03914558158126913, -0.13809833498099455, 0.1255573472827265, 0.09879558228142993, -0.02617929456995438, -0.07440909578048971, 0.016651625782112545, -0.23489391333177, -0.01804401980125836, 0.044161938477663254, -0.09480111143307224]"
9,"['lNONHSAG000008', 'lNONHSAG000047', 'lNONHSAG000059', 'lNONHSAG000069', 'lNONHSAG000158', 'lNONHSAG000195', 'lNONHSAG000241', 'lNONHSAG000253', 'lNONHSAG000310', 'lNONHSAG000311', 'lNONHSAG000381', 'lNONHSAG000464', 'lNONHSAG000484', 'lNONHSAG000498', 'lNONHSAG000584', 'lNONHSAG000603', 'lNONHSAG000742', 'lNONHSAG000769', 'lNONHSAG000840', 'lNONHSAG000843', 'lNONHSAG000863', 'lNONHSAG000884', 'lNONHSAG000918', 'lNONHSAG000938', 'lNONHSAG000967', 'lNONHSAG001142', 'lNONHSAG001172', 'lNONHSAG001238', 'lNONHSAG001247', 'lNONHSAG001259', 'lNONHSAG001278', 'lNONHSAG001375', 'lNONHSAG001468', 'lNONHSAG001499', 'lNONHSAG001513', 'lNONHSAG001696', 'lNONHSAG001724', 'lNONHSAG001773', 'lNONHSAG001837', 'lNONHSAG001993', 'lNONHSAG002056', 'lNONHSAG002058', 'lNONHSAG002134', 'lNONHSAG002135', 'lNONHSAG002343', 'lNONHSAG002359', 'lNONHSAG002376', 'lNONHSAG002378', 'lNONHSAG002454', 'lNONHSAG002490', 'lNONHSAG002549', 'lNONHSAG002617', 'lNONHSAG002669', 'lNONHSAG002701', 'lNONHSAG002719', 'lNONHSAG002731', 'lNONHSAG002752', 'lNONHSAG002859', 'lNONHSAG002883', 'lNONHSAG002978', 'lNONHSAG003053', 'lNONHSAG003056', 'lNONHSAG003068', 'lNONHSAG003074', 'lNONHSAG003077', 'lNONHSAG003119', 'lNONHSAG003156', 'lNONHSAG003198', 'lNONHSAG003244', 'lNONHSAG003260', 'lNONHSAG003269', 'lNONHSAG003303', 'lNONHSAG003374', 'lNONHSAG003504', 'lNONHSAG003505', 'lNONHSAG003512', 'lNONHSAG003645', 'lNONHSAG003820', 'lNONHSAG003874', 'lNONHSAG003900', 'lNONHSAG003911', 'lNONHSAG003912', 'lNONHSAG003938', 'lNONHSAG003957', 'lNONHSAG003976', 'lNONHSAG004013', 'lNONHSAG004026', 'lNONHSAG004054', 'lNONHSAG004095', 'lNONHSAG004247', 'lNONHSAG004303', 'lNONHSAG004305', 'lNONHSAG004373', 'lNONHSAG004619', 'lNONHSAG004673', 'lNONHSAG004674', 'lNONHSAG004714', 'lNONHSAG004743', 'lNONHSAG004779', 'lNONHSAG004868', 'lNONHSAG005084', 'lNONHSAG005153', 'lNONHSAG005377', 'lNONHSAG005482', 'lNONHSAG005669', 'lNONHSAG005711', 'lNONHSAG005721', 'lNONHSAG005728', 'lNONHSAG005732', 'lNONHSAG005742', 'lNONHSAG005780', 'lNONHSAG005838', 'lNONHSAG005920', 'lNONHSAG006007', 'lNONHSAG006049', 'lNONHSAG006050', 'lNONHSAG006054', 'lNONHSAG006163', 'lNONHSAG006204', 'lNONHSAG006212', 'lNONHSAG006238', 'lNONHSAG006301', 'lNONHSAG006341', 'lNONHSAG006362', 'lNONHSAG006454', 'lNONHSAG006457', 'lNONHSAG006477', 'lNONHSAG006526', 'lNONHSAG006633', 'lNONHSAG006678', 'lNONHSAG006692', 'lNONHSAG006735', 'lNONHSAG006756', 'lNONHSAG006763', 'lNONHSAG006772', 'lNONHSAG006966', 'lNONHSAG007109', 'lNONHSAG007295', 'lNONHSAG007324', 'lNONHSAG007384', 'lNONHSAG007430', 'lNONHSAG007431', 'lNONHSAG007434', 'lNONHSAG007455', 'lNONHSAG007463', 'lNONHSAG007487', 'lNONHSAG007538', 'lNONHSAG007602', 'lNONHSAG007631', 'lNONHSAG007692', 'lNONHSAG007708', 'lNONHSAG007715', 'lNONHSAG007961', 'lNONHSAG007983', 'lNONHSAG007984', 'lNONHSAG008015', 'lNONHSAG008037', 'lNONHSAG008056', 'lNONHSAG008167', 'lNONHSAG008220', 'lNONHSAG008354', 'lNONHSAG008517', 'lNONHSAG008540', 'lNONHSAG008552', 'lNONHSAG008589', 'lNONHSAG008615', 'lNONHSAG008654', 'lNONHSAG008670', 'lNONHSAG008693', 'lNONHSAG008726', 'lNONHSAG008728', 'lNONHSAG008759', 'lNONHSAG008859', 'lNONHSAG008937', 'lNONHSAG008952', 'lNONHSAG008966', 'lNONHSAG009021', 'lNONHSAG009039', 'lNONHSAG009059', 'lNONHSAG009062', 'lNONHSAG009124', 'lNONHSAG009130', 'lNONHSAG009133', 'lNONHSAG009134', 'lNONHSAG009174', 'lNONHSAG009180', 'lNONHSAG009193', 'lNONHSAG009228', 'lNONHSAG009544', 'lNONHSAG009546', 'lNONHSAG009613', 'lNONHSAG009636', 'lNONHSAG009728', 'lNONHSAG009755', 'lNONHSAG009757', 'lNONHSAG009782', 'lNONHSAG009913', 'lNONHSAG009938', 'lNONHSAG009945', 'lNONHSAG009950', 'lNONHSAG009968', 'lNONHSAG010021', 'lNONHSAG010117', 'lNONHSAG010179', 'lNONHSAG010184', 'lNONHSAG010186', 'lNONHSAG010189', 'lNONHSAG010190', 'lNONHSAG010193', 'lNONHSAG010200', 'lNONHSAG010348', 'lNONHSAG010352', 'lNONHSAG010405', 'lNONHSAG010416', 'lNONHSAG010543', 'lNONHSAG010657', 'lNONHSAG010658', 'lNONHSAG010716', 'lNONHSAG010792', 'lNONHSAG010940', 'lNONHSAG010986', 'lNONHSAG010989', 'lNONHSAG011028', 'lNONHSAG011057', 'lNONHSAG011070', 'lNONHSAG011084', 'lNONHSAG011086', 'lNONHSAG011090', 'lNONHSAG011121', 'lNONHSAG011125', 'lNONHSAG011211', 'lNONHSAG011230', 'lNONHSAG011264', 'lNONHSAG011337', 'lNONHSAG011343', 'lNONHSAG011375', 'lNONHSAG011439', 'lNONHSAG011518', 'lNONHSAG011524', 'lNONHSAG011576', 'lNONHSAG011658', 'lNONHSAG011790', 'lNONHSAG011854', 'lNONHSAG011870', 'lNONHSAG011935', 'lNONHSAG012025', 'lNONHSAG012076', 'lNONHSAG012077', 'lNONHSAG012099', 'lNONHSAG012297', 'lNONHSAG012303', 'lNONHSAG012339', 'lNONHSAG012367', 'lNONHSAG012375', 'lNONHSAG012423', 'lNONHSAG012505', 'lNONHSAG012534', 'lNONHSAG012540', 'lNONHSAG012549', 'lNONHSAG012555', 'lNONHSAG012594', 'lNONHSAG012614', 'lNONHSAG012617', 'lNONHSAG012751', 'lNONHSAG012791', 'lNONHSAG013005', 'lNONHSAG013060', 'lNONHSAG013095', 'lNONHSAG013098', 'lNONHSAG013109', 'lNONHSAG013388', 'lNONHSAG013475', 'lNONHSAG013515', 'lNONHSAG013534', 'lNONHSAG013568', 'lNONHSAG013708', 'lNONHSAG013730', 'lNONHSAG013790', 'lNONHSAG013809', 'lNONHSAG013912', 'lNONHSAG013917', 'lNONHSAG013940', 'lNONHSAG013942', 'lNONHSAG013944', 'lNONHSAG013946', 'lNONHSAG013954', 'lNONHSAG013992', 'lNONHSAG014098', 'lNONHSAG014112', 'lNONHSAG014130', 'lNONHSAG014267', 'lNONHSAG014289', 'lNONHSAG014332', 'lNONHSAG014362', 'lNONHSAG014372', 'lNONHSAG014373', 'lNONHSAG014381', 'lNONHSAG014496', 'lNONHSAG014502', 'lNONHSAG014546', 'lNONHSAG014562', 'lNONHSAG014591', 'lNONHSAG014672', 'lNONHSAG014679', 'lNONHSAG014890', 'lNONHSAG014891', 'lNONHSAG014914', 'lNONHSAG015044', 'lNONHSAG015163', 'lNONHSAG015215', 'lNONHSAG015234', 'lNONHSAG015352', 'lNONHSAG015417', 'lNONHSAG015454', 'lNONHSAG015461', 'lNONHSAG015505', 'lNONHSAG015591', 'lNONHSAG015623', 'lNONHSAG015692', 'lNONHSAG015723', 'lNONHSAG015787', 'lNONHSAG015788', 'lNONHSAG015961', 'lNONHSAG016021', 'lNONHSAG016118', 'lNONHSAG016199', 'lNONHSAG016307', 'lNONHSAG016395', 'lNONHSAG016403', 'lNONHSAG016486', 'lNONHSAG016487', 'lNONHSAG016576', 'lNONHSAG016611', 'lNONHSAG016618', 'lNONHSAG016623', 'lNONHSAG016733', 'lNONHSAG016749', 'lNONHSAG016771', 'lNONHSAG016822', 'lNONHSAG016893', 'lNONHSAG017020', 'lNONHSAG017060', 'lNONHSAG017232', 'lNONHSAG017238', 'lNONHSAG017254', 'lNONHSAG017282', 'lNONHSAG017288', 'lNONHSAG017344', 'lNONHSAG017347', 'lNONHSAG017349', 'lNONHSAG017376', 'lNONHSAG017377', 'lNONHSAG017379', 'lNONHSAG017417', 'lNONHSAG017486', 'lNONHSAG017504', 'lNONHSAG017567', 'lNONHSAG017666', 'lNONHSAG017767', 'lNONHSAG017783', 'lNONHSAG017882', 'lNONHSAG018053', 'lNONHSAG018054', 'lNONHSAG018110', 'lNONHSAG018180', 'lNONHSAG018203', 'lNONHSAG018236', 'lNONHSAG018313', 'lNONHSAG018322', 'lNONHSAG018326', 'lNONHSAG018341', 'lNONHSAG018344', 'lNONHSAG018372', 'lNONHSAG018374', 'lNONHSAG018414', 'lNONHSAG018416', 'lNONHSAG018417', 'lNONHSAG018420', 'lNONHSAG018461', 'lNONHSAG018586', 'lNONHSAG018621', 'lNONHSAG018635', 'lNONHSAG018656', 'lNONHSAG018659', 'lNONHSAG018707', 'lNONHSAG018709', 'lNONHSAG018711', 'lNONHSAG018829', 'lNONHSAG018889', 'lNONHSAG018893', 'lNONHSAG018903', 'lNONHSAG018980', 'lNONHSAG019003', 'lNONHSAG019012', 'lNONHSAG019014', 'lNONHSAG019021', 'lNONHSAG019023', 'lNONHSAG019031', 'lNONHSAG019049', 'lNONHSAG019051', 'lNONHSAG019079', 'lNONHSAG019090', 'lNONHSAG019115', 'lNONHSAG019134', 'lNONHSAG019158', 'lNONHSAG019221', 'lNONHSAG019270', 'lNONHSAG019332', 'lNONHSAG019370', 'lNONHSAG019439', 'lNONHSAG019493', 'lNONHSAG019569', 'lNONHSAG019613', 'lNONHSAG019667', 'lNONHSAG019670', 'lNONHSAG019711', 'lNONHSAG019767', 'lNONHSAG019813', 'lNONHSAG019814', 'lNONHSAG019848', 'lNONHSAG019852', 'lNONHSAG019878', 'lNONHSAG019898', 'lNONHSAG019967', 'lNONHSAG020053', 'lNONHSAG020066', 'lNONHSAG020068', 'lNONHSAG020075', 'lNONHSAG020091', 'lNONHSAG020107', 'lNONHSAG020155', 'lNONHSAG020218', 'lNONHSAG020223', 'lNONHSAG020252', 'lNONHSAG020259', 'lNONHSAG020260', 'lNONHSAG020273', 'lNONHSAG020274', 'lNONHSAG020277', 'lNONHSAG020278', 'lNONHSAG020281', 'lNONHSAG020298', 'lNONHSAG020304', 'lNONHSAG020307', 'lNONHSAG020312', 'lNONHSAG020321', 'lNONHSAG020325', 'lNONHSAG020361', 'lNONHSAG020367', 'lNONHSAG020372', 'lNONHSAG020374', 'lNONHSAG020382', 'lNONHSAG020403', 'lNONHSAG020474', 'lNONHSAG020476', 'lNONHSAG020616', 'lNONHSAG020729', 'lNONHSAG020755', 'lNONHSAG020759', 'lNONHSAG020760', 'lNONHSAG020762', 'lNONHSAG020869', 'lNONHSAG020957', 'lNONHSAG020990', 'lNONHSAG021042', 'lNONHSAG021072', 'lNONHSAG021309', 'lNONHSAG021335', 'lNONHSAG021342', 'lNONHSAG021370', 'lNONHSAG021390', 'lNONHSAG021400', 'lNONHSAG021408', 'lNONHSAG021410', 'lNONHSAG021431', 'lNONHSAG021432', 'lNONHSAG021433', 'lNONHSAG021557', 'lNONHSAG021566', 'lNONHSAG021567', 'lNONHSAG021584', 'lNONHSAG021638', 'lNONHSAG021641', 'lNONHSAG021698', 'lNONHSAG021760', 'lNONHSAG021780', 'lNONHSAG021820', 'lNONHSAG021846', 'lNONHSAG021874', 'lNONHSAG021882', 'lNONHSAG021893', 'lNONHSAG021909', 'lNONHSAG021976', 'lNONHSAG021981', 'lNONHSAG022009', 'lNONHSAG022030', 'lNONHSAG022058', 'lNONHSAG022088', 'lNONHSAG022094', 'lNONHSAG022103', 'lNONHSAG022125', 'lNONHSAG022127', 'lNONHSAG022162', 'lNONHSAG022311', 'lNONHSAG022327', 'lNONHSAG022328', 'lNONHSAG022335', 'lNONHSAG022339', 'lNONHSAG022495', 'lNONHSAG022510', 'lNONHSAG022551', 'lNONHSAG022579', 'lNONHSAG022595', 'lNONHSAG022597', 'lNONHSAG022655', 'lNONHSAG022690', 'lNONHSAG022743', 'lNONHSAG022806', 'lNONHSAG022836', 'lNONHSAG022845', 'lNONHSAG022851', 'lNONHSAG022893', 'lNONHSAG022965', 'lNONHSAG022972', 'lNONHSAG022980', 'lNONHSAG022982', 'lNONHSAG023049', 'lNONHSAG023051', 'lNONHSAG023073', 'lNONHSAG023175', 'lNONHSAG023237', 'lNONHSAG023375', 'lNONHSAG023387', 'lNONHSAG023392', 'lNONHSAG023494', 'lNONHSAG023512', 'lNONHSAG023553', 'lNONHSAG023579', 'lNONHSAG023598', 'lNONHSAG023607', 'lNONHSAG023630', 'lNONHSAG023633', 'lNONHSAG023635', 'lNONHSAG023661', 'lNONHSAG023668', 'lNONHSAG023740', 'lNONHSAG023837', 'lNONHSAG023864', 'lNONHSAG023885', 'lNONHSAG023888', 'lNONHSAG023964', 'lNONHSAG024117', 'lNONHSAG024141', 'lNONHSAG024146', 'lNONHSAG024171', 'lNONHSAG024224', 'lNONHSAG024244', 'lNONHSAG024282', 'lNONHSAG024332', 'lNONHSAG024341', 'lNONHSAG024354', 'lNONHSAG024361', 'lNONHSAG024362', 'lNONHSAG024364', 'lNONHSAG024381', 'lNONHSAG024391', 'lNONHSAG024393', 'lNONHSAG024428', 'lNONHSAG024540', 'lNONHSAG024542', 'lNONHSAG024637', 'lNONHSAG024668', 'lNONHSAG024671', 'lNONHSAG024676', 'lNONHSAG024741', 'lNONHSAG024810', 'lNONHSAG024818', 'lNONHSAG024826', 'lNONHSAG024905', 'lNONHSAG024908', 'lNONHSAG024913', 'lNONHSAG024921', 'lNONHSAG024923', 'lNONHSAG024925', 'lNONHSAG024979', 'lNONHSAG025011', 'lNONHSAG025135', 'lNONHSAG025137', 'lNONHSAG025157', 'lNONHSAG025185', 'lNONHSAG025352', 'lNONHSAG025483', 'lNONHSAG025485', 'lNONHSAG025712', 'lNONHSAG025744', 'lNONHSAG025864', 'lNONHSAG025865', 'lNONHSAG025867', 'lNONHSAG025907', 'lNONHSAG025934', 'lNONHSAG025939', 'lNONHSAG025964', 'lNONHSAG025997', 'lNONHSAG026053', 'lNONHSAG026089', 'lNONHSAG026091', 'lNONHSAG026103', 'lNONHSAG026153', 'lNONHSAG026176', 'lNONHSAG026205', 'lNONHSAG026364', 'lNONHSAG026386', 'lNONHSAG026575', 'lNONHSAG026599', 'lNONHSAG026631', 'lNONHSAG026720', 'lNONHSAG026721', 'lNONHSAG026743', 'lNONHSAG026781', 'lNONHSAG026794', 'lNONHSAG026852', 'lNONHSAG026854', 'lNONHSAG026856', 'lNONHSAG027017', 'lNONHSAG027075', 'lNONHSAG027110', 'lNONHSAG027276', 'lNONHSAG027278', 'lNONHSAG027323', 'lNONHSAG027342', 'lNONHSAG027374', 'lNONHSAG027482', 'lNONHSAG027598', 'lNONHSAG027618', 'lNONHSAG027682', 'lNONHSAG027692', 'lNONHSAG027694', 'lNONHSAG027709', 'lNONHSAG027837', 'lNONHSAG027874', 'lNONHSAG027876', 'lNONHSAG028045', 'lNONHSAG028083', 'lNONHSAG028112', 'lNONHSAG028141', 'lNONHSAG028142', 'lNONHSAG028403', 'lNONHSAG028713', 'lNONHSAG028720', 'lNONHSAG028817', 'lNONHSAG028820', 'lNONHSAG028857', 'lNONHSAG028870', 'lNONHSAG028913', 'lNONHSAG028918', 'lNONHSAG028948', 'lNONHSAG029033', 'lNONHSAG029080', 'lNONHSAG029124', 'lNONHSAG029312', 'lNONHSAG029336', 'lNONHSAG029377', 'lNONHSAG029467', 'lNONHSAG029668', 'lNONHSAG029792', 'lNONHSAG029830', 'lNONHSAG029880', 'lNONHSAG029933', 'lNONHSAG029956', 'lNONHSAG029957', 'lNONHSAG029958', 'lNONHSAG029959', 'lNONHSAG029960', 'lNONHSAG029961', 'lNONHSAG029962', 'lNONHSAG029965', 'lNONHSAG029985', 'lNONHSAG030113', 'lNONHSAG030129', 'lNONHSAG030244', 'lNONHSAG030258', 'lNONHSAG030278', 'lNONHSAG030279', 'lNONHSAG030304', 'lNONHSAG030333', 'lNONHSAG030410', 'lNONHSAG030440', 'lNONHSAG030487', 'lNONHSAG030516', 'lNONHSAG030525', 'lNONHSAG030582', 'lNONHSAG030583', 'lNONHSAG030738', 'lNONHSAG030739', 'lNONHSAG030742', 'lNONHSAG031025', 'lNONHSAG031123', 'lNONHSAG031261', 'lNONHSAG031385', 'lNONHSAG031425', 'lNONHSAG031452', 'lNONHSAG031453', 'lNONHSAG031456', 'lNONHSAG031481', 'lNONHSAG031563', 'lNONHSAG031565', 'lNONHSAG031584', 'lNONHSAG031636', 'lNONHSAG031696', 'lNONHSAG031853', 'lNONHSAG031900', 'lNONHSAG031913', 'lNONHSAG031991', 'lNONHSAG032063', 'lNONHSAG032126', 'lNONHSAG032247', 'lNONHSAG032267', 'lNONHSAG032297', 'lNONHSAG032309', 'lNONHSAG032312', 'lNONHSAG032537', 'lNONHSAG032560', 'lNONHSAG032664', 'lNONHSAG032682', 'lNONHSAG032724', 'lNONHSAG032735', 'lNONHSAG032737', 'lNONHSAG032748', 'lNONHSAG032750', 'lNONHSAG033027', 'lNONHSAG033061', 'lNONHSAG033100', 'lNONHSAG033105', 'lNONHSAG033107', 'lNONHSAG033121', 'lNONHSAG033168', 'lNONHSAG033170', 'lNONHSAG033216', 'lNONHSAG033224', 'lNONHSAG033254', 'lNONHSAG033263', 'lNONHSAG033266', 'lNONHSAG033298', 'lNONHSAG033334', 'lNONHSAG033348', 'lNONHSAG033352', 'lNONHSAG033386', 'lNONHSAG033435', 'lNONHSAG033459', 'lNONHSAG033480', 'lNONHSAG033528', 'lNONHSAG033589', 'lNONHSAG033645', 'lNONHSAG033691', 'lNONHSAG033716', 'lNONHSAG033735', 'lNONHSAG033748', 'lNONHSAG033810', 'lNONHSAG033862', 'lNONHSAG033896', 'lNONHSAG033898', 'lNONHSAG033899', 'lNONHSAG033937', 'lNONHSAG033940', 'lNONHSAG034021', 'lNONHSAG034217', 'lNONHSAG034316', 'lNONHSAG034417', 'lNONHSAG034418', 'lNONHSAG034492', 'lNONHSAG034508', 'lNONHSAG034527', 'lNONHSAG034676', 'lNONHSAG034678', 'lNONHSAG034801', 'lNONHSAG034845', 'lNONHSAG034846', 'lNONHSAG034935', 'lNONHSAG034973', 'lNONHSAG035096', 'lNONHSAG035103', 'lNONHSAG035262', 'lNONHSAG035287', 'lNONHSAG035456', 'lNONHSAG035531', 'lNONHSAG035568', 'lNONHSAG035914', 'lNONHSAG035916', 'lNONHSAG035919', 'lNONHSAG035923', 'lNONHSAG036047', 'lNONHSAG036054', 'lNONHSAG036115', 'lNONHSAG036255', 'lNONHSAG036263', 'lNONHSAG036273', 'lNONHSAG036403', 'lNONHSAG036407', 'lNONHSAG036412', 'lNONHSAG036413', 'lNONHSAG036612', 'lNONHSAG036615', 'lNONHSAG036866', 'lNONHSAG036922', 'lNONHSAG036926', 'lNONHSAG037025', 'lNONHSAG037061', 'lNONHSAG037072', 'lNONHSAG037073', 'lNONHSAG037080', 'lNONHSAG037082', 'lNONHSAG037083', 'lNONHSAG037096', 'lNONHSAG037137', 'lNONHSAG037146', 'lNONHSAG037164', 'lNONHSAG037241', 'lNONHSAG037348', 'lNONHSAG037420', 'lNONHSAG037559', 'lNONHSAG037827', 'lNONHSAG037891', 'lNONHSAG037936', 'lNONHSAG037946', 'lNONHSAG038001', 'lNONHSAG038060', 'lNONHSAG038091', 'lNONHSAG038162', 'lNONHSAG038343', 'lNONHSAG038344', 'lNONHSAG038397', 'lNONHSAG038502', 'lNONHSAG038561', 'lNONHSAG038578', 'lNONHSAG038663', 'lNONHSAG038675', 'lNONHSAG038682', 'lNONHSAG038836', 'lNONHSAG039037', 'lNONHSAG039038', 'lNONHSAG039147', 'lNONHSAG039293', 'lNONHSAG039295', 'lNONHSAG039319', 'lNONHSAG039617', 'lNONHSAG039620', 'lNONHSAG039634', 'lNONHSAG039637', 'lNONHSAG039654', 'lNONHSAG039664', 'lNONHSAG039669', 'lNONHSAG039749', 'lNONHSAG039872', 'lNONHSAG039951', 'lNONHSAG040179', 'lNONHSAG040241', 'lNONHSAG040269', 'lNONHSAG040329', 'lNONHSAG040444', 'lNONHSAG040481', 'lNONHSAG040542', 'lNONHSAG040544', 'lNONHSAG040560', 'lNONHSAG040601', 'lNONHSAG040692', 'lNONHSAG040700', 'lNONHSAG040729', 'lNONHSAG040804', 'lNONHSAG040859', 'lNONHSAG040909', 'lNONHSAG040945', 'lNONHSAG040958', 'lNONHSAG040969', 'lNONHSAG040976', 'lNONHSAG041017', 'lNONHSAG041023', 'lNONHSAG041250', 'lNONHSAG041256', 'lNONHSAG041257', 'lNONHSAG041480', 'lNONHSAG041528', 'lNONHSAG041529', 'lNONHSAG041592', 'lNONHSAG041670', 'lNONHSAG041707', 'lNONHSAG041716', 'lNONHSAG041883', 'lNONHSAG041938', 'lNONHSAG041966', 'lNONHSAG042033', 'lNONHSAG042050', 'lNONHSAG042062', 'lNONHSAG042080', 'lNONHSAG042132', 'lNONHSAG042138', 'lNONHSAG042218', 'lNONHSAG042257', 'lNONHSAG042270', 'lNONHSAG042306', 'lNONHSAG042307', 'lNONHSAG042433', 'lNONHSAG042476', 'lNONHSAG042491', 'lNONHSAG042722', 'lNONHSAG042724', 'lNONHSAG042855', 'lNONHSAG042957', 'lNONHSAG042966', 'lNONHSAG042970', 'lNONHSAG042991', 'lNONHSAG043138', 'lNONHSAG043159', 'lNONHSAG043229', 'lNONHSAG043250', 'lNONHSAG043303', 'lNONHSAG043433', 'lNONHSAG043550', 'lNONHSAG043592', 'lNONHSAG043625', 'lNONHSAG043657', 'lNONHSAG043770', 'lNONHSAG043851', 'lNONHSAG043934', 'lNONHSAG044022', 'lNONHSAG044041', 'lNONHSAG044064', 'lNONHSAG044283', 'lNONHSAG044350', 'lNONHSAG044406', 'lNONHSAG044429', 'lNONHSAG044533', 'lNONHSAG044624', 'lNONHSAG044666', 'lNONHSAG044709', 'lNONHSAG044791', 'lNONHSAG045131', 'lNONHSAG045160', 'lNONHSAG045163', 'lNONHSAG045166', 'lNONHSAG045306', 'lNONHSAG045383', 'lNONHSAG045430', 'lNONHSAG046722', 'lNONHSAG046730', 'lNONHSAG046765', 'lNONHSAG046781', 'lNONHSAG046811', 'lNONHSAG046839', 'lNONHSAG047182', 'lNONHSAG047197', 'lNONHSAG047260', 'lNONHSAG047463', 'lNONHSAG047469', 'lNONHSAG047507', 'lNONHSAG047543', 'lNONHSAG047544', 'lNONHSAG047547', 'lNONHSAG047619', 'lNONHSAG047620', 'lNONHSAG047725', 'lNONHSAG047796', 'lNONHSAG047830', 'lNONHSAG047840', 'lNONHSAG047851', 'lNONHSAG047951', 'lNONHSAG047973', 'lNONHSAG047974', 'lNONHSAG048057', 'lNONHSAG048101', 'lNONHSAG048114', 'lNONHSAG048189', 'lNONHSAG048191', 'lNONHSAG048201', 'lNONHSAG048231', 'lNONHSAG048270', 'lNONHSAG048302', 'lNONHSAG048323', 'lNONHSAG048354', 'lNONHSAG048439', 'lNONHSAG048464', 'lNONHSAG048598', 'lNONHSAG048602', 'lNONHSAG048603', 'lNONHSAG048610', 'lNONHSAG048623', 'lNONHSAG048624', 'lNONHSAG048626', 'lNONHSAG048641', 'lNONHSAG048682', 'lNONHSAG048695', 'lNONHSAG048781', 'lNONHSAG048817', 'lNONHSAG049037', 'lNONHSAG049050', 'lNONHSAG049051', 'lNONHSAG049129', 'lNONHSAG049157', 'lNONHSAG049185', 'lNONHSAG049288', 'lNONHSAG049303', 'lNONHSAG049421', 'lNONHSAG049507', 'lNONHSAG049626', 'lNONHSAG049754', 'lNONHSAG049801', 'lNONHSAG049901', 'lNONHSAG050073', 'lNONHSAG050104', 'lNONHSAG050167', 'lNONHSAG050168', 'lNONHSAG050272', 'lNONHSAG050273', 'lNONHSAG050284', 'lNONHSAG050345', 'lNONHSAG050423', 'lNONHSAG050670', 'lNONHSAG050725', 'lNONHSAG050769', 'lNONHSAG050786', 'lNONHSAG050815', 'lNONHSAG050929', 'lNONHSAG051010', 'lNONHSAG051166', 'lNONHSAG051196', 'lNONHSAG051245', 'lNONHSAG051250', 'lNONHSAG051260', 'lNONHSAG051266', 'lNONHSAG051291', 'lNONHSAG051448', 'lNONHSAG051454', 'lNONHSAG051484', 'lNONHSAG051514', 'lNONHSAG051517', 'lNONHSAG051567', 'lNONHSAG051568', 'lNONHSAG051603', 'lNONHSAG051770', 'lNONHSAG051898', 'lNONHSAG051958', 'lNONHSAG052046', 'lNONHSAG052082', 'lNONHSAG052097', 'lNONHSAG052119', 'lNONHSAG052149', 'lNONHSAG052151', 'lNONHSAG052179', 'lNONHSAG052454', 'lNONHSAG052459', 'lNONHSAG052491', 'lNONHSAG052492', 'lNONHSAG052495', 'lNONHSAG052510', 'lNONHSAG052511', 'lNONHSAG052609', 'lNONHSAG052680', 'lNONHSAG052686', 'lNONHSAG052726', 'lNONHSAG052853', 'lNONHSAG052908', 'lNONHSAG052925', 'lNONHSAG052929', 'lNONHSAG052933', 'lNONHSAG052943', 'lNONHSAG053007', 'lNONHSAG053014', 'lNONHSAG053028', 'lNONHSAG053033', 'lNONHSAG053082', 'lNONHSAG053162', 'lNONHSAG053228', 'lNONHSAG053419', 'lNONHSAG053499', 'lNONHSAG053500', 'lNONHSAG053546', 'lNONHSAG053590', 'lNONHSAG053602', 'lNONHSAG053716', 'lNONHSAG053719', 'lNONHSAG053748', 'lNONHSAG053796', 'lNONHSAG053802', 'lNONHSAG053842', 'lNONHSAG054024', 'lNONHSAG054212', 'lNONHSAG054213', 'lNONHSAG054214', 'lNONHSAG054215', 'lNONHSAG054216', 'lNONHSAG054301', 'lNONHSAG054360', 'lNONHSAG054432', 'lNONHSAG054699', 'lNONHSAG054716', 'lNONHSAG054717', 'lNONHSAG054718', 'lNONHSAG054780', 'lNONHSAG054791', 'lNONHSAG054807', 'lNONHSAG055008', 'lNONHSAG055088', 'lNONHSAG055092', 'lNONHSAG055151', 'lNONHSAG055258', 'lNONHSAG055350', 'lNONHSAG055418', 'lNONHSAG055450', 'lNONHSAG055546', 'lNONHSAG055558', 'lNONHSAG055565', 'lNONHSAG055577', 'lNONHSAG055582', 'lNONHSAG056025', 'lNONHSAG056029', 'lNONHSAG056053', 'lNONHSAG056451', 'lNONHSAG056733', 'lNONHSAG056746', 'lNONHSAG056868', 'lNONHSAG056875', 'lNONHSAG057043', 'lNONHSAG057222', 'lNONHSAG057260', 'lNONHSAG058006', 'lNONHSAG058109', 'lNONHSAG058112', 'lNONHSAG058118', 'lNONHSAG058128', 'lNONHSAG058533', 'lNONHSAG058967', 'lNONHSAG059768', 'lNONHSAG060586', 'lNONHSAG061096', 'lNONHSAG061404', 'lNONHSAG061492', 'lNONHSAG063700', 'lNONHSAG064784', 'lNONHSAG064962', 'lNONHSAG065252', 'lNONHSAG065364', 'lNONHSAG066253', 'lNONHSAG068402', 'lNONHSAG068639', 'lNONHSAG069030', 'lNONHSAG069147', 'lNONHSAG069277', 'lNONHSAG069876', 'lNONHSAG070257', 'lNONHSAG071444', 'lNONHSAG072176', 'lNONHSAG072945', 'lNONHSAG073380', 'lNONHSAG073406', 'lNONHSAG073419', 'lNONHSAG073786', 'lNONHSAG074052', 'lNONHSAG074661', 'lNONHSAG075363', 'lNONHSAG077475', 'lNONHSAG077527', 'lNONHSAG077551', 'lNONHSAG079231', 'lNONHSAG080772', 'lNONHSAG081227', 'lNONHSAG081583', 'lNONHSAG081993', 'lNONHSAG083209', 'lNONHSAG083289', 'lNONHSAG083615', 'lNONHSAG083859', 'lNONHSAG083883', 'lNONHSAG083894', 'lNONHSAG084701', 'lNONHSAG084832', 'lNONHSAG084937', 'lNONHSAG085975', 'lNONHSAG088562', 'lNONHSAG091116', 'lNONHSAG091284', 'lNONHSAG091452', 'lNONHSAG091943', 'lNONHSAG092907', 'lNONHSAG093064', 'lNONHSAG093078', 'lNONHSAG093517', 'lNONHSAG094075', 'lNONHSAG094129', 'lNONHSAG094269', 'lNONHSAG096130', 'lNONHSAG096227', 'lNONHSAG096230', 'lNONHSAG096627', 'lNONHSAG097344', 'lNONHSAG097347', 'lNONHSAG098653', 'lNONHSAG099082', 'lNONHSAG099120', 'lNONHSAG099126', 'lNONHSAG099774', 'lNONHSAG101725', 'lNONHSAG102572', 'lNONHSAG102979', 'lNONHSAG103259', 'lNONHSAG103457', 'lNONHSAG103817', 'lNONHSAG104186', 'lNONHSAG110420', 'lNONHSAG110858', 'lNONHSAG111667', 'lNONHSAG112396', 'lNONHSAG113761', 'lNONHSAG114445', 'lENSG00000103472', 'lENSG00000163364', 'lENSG00000171889', 'lENSG00000177410', 'lENSG00000179406', 'lENSG00000179523', 'lENSG00000189295', 'lENSG00000198221', 'lENSG00000198468', 'lENSG00000203497', 'lENSG00000205611', 'lENSG00000223764', 'lENSG00000223783', 'lENSG00000224057', 'lENSG00000224078', 'lENSG00000224614', 'lENSG00000225470', 'lENSG00000225506', 'lENSG00000225855', 'lENSG00000226115', 'lENSG00000226137', 'lENSG00000227256', 'lENSG00000227963', 'lENSG00000228022', 'lENSG00000229267', 'lENSG00000229335', 'lENSG00000229388', 'lENSG00000230046', 'lENSG00000230061', 'lENSG00000230257', 'lENSG00000230313', 'lENSG00000230400', 'lENSG00000230866', 'lENSG00000231019', 'lENSG00000231437', 'lENSG00000231473', 'lENSG00000231663', 'lENSG00000232265', 'lENSG00000232415', 'lENSG00000232442', 'lENSG00000232500', 'lENSG00000233047', 'lENSG00000233387', 'lENSG00000233532', 'lENSG00000234169', 'lENSG00000234222', 'lENSG00000234455', 'lENSG00000234546', 'lENSG00000234625', 'lENSG00000235385', 'lENSG00000235724', 'lENSG00000236240', 'lENSG00000236535', 'lENSG00000236671', 'lENSG00000237167', 'lENSG00000237396', 'lENSG00000237880', 'lENSG00000241388', 'lENSG00000242207', 'lENSG00000243479', 'lENSG00000244124', 'lENSG00000245067', 'lENSG00000245146', 'lENSG00000245614', 'lENSG00000246560', 'lENSG00000247095', 'lENSG00000247373', 'lENSG00000247400', 'lENSG00000247498', 'lENSG00000249532', 'lENSG00000249786', 'lENSG00000249835', 'lENSG00000249993', 'lENSG00000251003', 'lENSG00000251061', 'lENSG00000253315', 'lENSG00000254418', 'lENSG00000254480', 'lENSG00000254508', 'lENSG00000254635', 'lENSG00000254791', 'lENSG00000255363', 'lENSG00000255427', 'lENSG00000255553', 'lENSG00000255850', 'lENSG00000256742', 'lENSG00000256769', 'lENSG00000257084', 'lENSG00000257557', 'lENSG00000258197', 'lENSG00000258912', 'lENSG00000259289', 'lENSG00000259424', 'lENSG00000260219', 'lENSG00000260280', 'lENSG00000260455', 'lENSG00000260924', 'lENSG00000260969', 'lENSG00000261183', 'lENSG00000261423', 'lENSG00000261780', 'lENSG00000263718', 'lENSG00000265374', 'lENSG00000266402', 'lENSG00000266970', 'lENSG00000267296', 'lENSG00000267321', 'lENSG00000267395', 'lENSG00000267413', 'lENSG00000267440', 'lENSG00000267858', 'lENSG00000269019', 'lENSG00000269911', 'lENSG00000269939', 'lENSG00000270084', 'lENSG00000270344', 'lENSG00000270959', 'lENSG00000272769', 'lENSG00000274372', 'lENSG00000278709', 'lENSG00000278970', 'lENSG00000279296', 'lENSG00000281189', 'lENSG00000285644', 'lENSG00000286004', 'lENSG00000286737', 'lENSG00000288080', 'lENSG00000224167', 'lENSG00000224739', 'lA1BG-AS1', 'lADAMTS9-AS2', 'lANKRD62P1-PARP4P3', 'lAQP4-AS1', 'lASMTL-AS1', 'lCCAT2', 'lCDKN2B-AS1', 'lCRNDE', 'lDGKK', 'lDLX6-AS1', 'lEGOT', 'lFEZF1-AS1', 'lGATA3-AS1', 'lGATA6-AS1', 'lGHET1', 'lHEIH', 'lHOXA-AS3', 'lINHBA-AS1', 'lJRK', 'lKCTD21-AS1', 'lKTN1-AS1', 'lLAMTOR5-AS1', 'lLBX2-AS1', 'lLINC00173', 'lLINC00174', 'lLINC00240', 'lLINC00333', 'lLINC00472', 'lLPP-AS2', 'lMEG3', 'lMIR181A1HG', 'lMIR31HG', 'lMYLK-AS1', 'lPANDAR', 'lPCGEM1', 'lPVT1', 'lRHPN1-AS1', 'lSNHG15', 'lSNX29P2', 'lTEN1-CDK3', 'lTPTEP1', 'lTRAM2-AS1', 'lVCAN-AS1', 'lZNF286B', 'lZNF503-AS2', 'lLINC00461', 'lLINC00514', 'lSLC2A1-AS1', 'lSRP14-AS1', 'lAC007009.1', 'lPWAR6', 'lAC004840.8', 'lAC061992.2', 'lAC103564.7', 'lAC135048.13', 'lAC137723.5', 'lAC137932.5', 'lAL928742.12', 'lAP001058.3', 'lCTB-60B18.10', 'lCTB-91J4.1', 'lCTC-338M12.2', 'lCTD-2195B23.3', 'lCTD-2540L5.5', 'lLA16c-321D4.2', 'lLA16c-380H5.3', 'lLL22NC03-23C6.13', 'lRP1-283E3.8', 'lRP11-100F15.1', 'lRP11-104E19.1', 'lRP11-108M9.3', 'lRP11-123O10.4', 'lRP11-137H2.4', 'lRP11-197N18.2', 'lRP11-21J18.1', 'lRP11-227H15.4', 'lRP11-243J18.2', 'lRP11-24P14.1', 'lRP11-264B17.3', 'lRP11-276H7.2', 'lRP11-2C24.4', 'lRP11-305P14.1', 'lRP11-439K3.1', 'lRP11-467J12.4', 'lRP11-49K24.4', 'lRP11-514P8.8', 'lRP11-54O7.3', 'lRP11-680A11.5', 'lRP4-756H11.3', 'lRP4-790G17.7', 'lRP5-1061H20.4', 'lRP5-1074L1.1', 'lRP5-1160K1.8', 'lXXbac-B444P24.8', 'lXXbac-BPG300A18.13', 'lAC018766.4', 'lCTD-2231H16.1', 'lHNRNPU-AS1', 'lRP11-429J17.8', 'lRP11-672A2.1', 'lRP5-1063M23.1', 'lRP11-495P10.8', 'lCTA-250D10.23', 'lRP4-610C12.4', 'lLINC00035', 'lRP11-408H20.2', 'lNONHSAG000157', 'lNONHSAG000265', 'lNONHSAG000297', 'lNONHSAG000298', 'lNONHSAG000623', 'lNONHSAG000636', 'lNONHSAG000677', 'lNONHSAG000896', 'lNONHSAG000969', 'lNONHSAG000994', 'lNONHSAG001014', 'lNONHSAG001028', 'lNONHSAG001030', 'lNONHSAG001033', 'lNONHSAG001171', 'lNONHSAG001207', 'lNONHSAG001240', 'lNONHSAG001258', 'lNONHSAG001435', 'lNONHSAG001613', 'lNONHSAG002403', 'lNONHSAG002487', 'lNONHSAG002619', 'lNONHSAG002726', 'lNONHSAG002790', 'lNONHSAG002816', 'lNONHSAG003227', 'lNONHSAG003308', 'lNONHSAG003418', 'lNONHSAG003459', 'lNONHSAG003810', 'lNONHSAG004227', 'lNONHSAG004351', 'lNONHSAG004475', 'lNONHSAG004507', 'lNONHSAG004638', 'lNONHSAG004893', 'lNONHSAG005249', 'lNONHSAG005363', 'lNONHSAG005473', 'lNONHSAG005522', 'lNONHSAG005652', 'lNONHSAG005679', 'lNONHSAG005690', 'lNONHSAG005717', 'lNONHSAG005727', 'lNONHSAG005739', 'lNONHSAG005740', 'lNONHSAG005746', 'lNONHSAG005747', 'lNONHSAG005760', 'lNONHSAG005761', 'lNONHSAG005769', 'lNONHSAG005789', 'lNONHSAG005797', 'lNONHSAG005809', 'lNONHSAG005830', 'lNONHSAG005842', 'lNONHSAG005852', 'lNONHSAG005853', 'lNONHSAG005856', 'lNONHSAG005857', 'lNONHSAG005867', 'lNONHSAG005870', 'lNONHSAG005885', 'lNONHSAG005901', 'lNONHSAG005915', 'lNONHSAG005936', 'lNONHSAG005939', 'lNONHSAG005985', 'lNONHSAG005986', 'lNONHSAG006012', 'lNONHSAG006022', 'lNONHSAG006078', 'lNONHSAG006086', 'lNONHSAG006091', 'lNONHSAG006097', 'lNONHSAG006103', 'lNONHSAG006166', 'lNONHSAG006183', 'lNONHSAG006186', 'lNONHSAG006187', 'lNONHSAG006188', 'lNONHSAG006206', 'lNONHSAG006220', 'lNONHSAG006221', 'lNONHSAG006235', 'lNONHSAG006274', 'lNONHSAG006279', 'lNONHSAG006290', 'lNONHSAG006293', 'lNONHSAG006300', 'lNONHSAG006314', 'lNONHSAG006324', 'lNONHSAG006376', 'lNONHSAG006377', 'lNONHSAG006382', 'lNONHSAG006388', 'lNONHSAG006395', 'lNONHSAG006399', 'lNONHSAG006405', 'lNONHSAG006407', 'lNONHSAG006412', 'lNONHSAG006415', 'lNONHSAG006434', 'lNONHSAG006440', 'lNONHSAG006450', 'lNONHSAG006459', 'lNONHSAG006479', 'lNONHSAG006487', 'lNONHSAG006493', 'lNONHSAG006507', 'lNONHSAG006527', 'lNONHSAG006536', 'lNONHSAG006551', 'lNONHSAG006554', 'lNONHSAG006555', 'lNONHSAG006557', 'lNONHSAG006573', 'lNONHSAG006576', 'lNONHSAG006579', 'lNONHSAG006581', 'lNONHSAG006586', 'lNONHSAG006591', 'lNONHSAG006602', 'lNONHSAG006646', 'lNONHSAG006653', 'lNONHSAG006669', 'lNONHSAG006716', 'lNONHSAG006750', 'lNONHSAG006765', 'lNONHSAG006779', 'lNONHSAG006808', 'lNONHSAG006830', 'lNONHSAG006832', 'lNONHSAG006837', 'lNONHSAG006855', 'lNONHSAG006863', 'lNONHSAG006883', 'lNONHSAG006889', 'lNONHSAG006894', 'lNONHSAG006897', 'lNONHSAG006909', 'lNONHSAG006922', 'lNONHSAG006967', 'lNONHSAG006970', 'lNONHSAG006976', 'lNONHSAG007000', 'lNONHSAG007008', 'lNONHSAG007020', 'lNONHSAG007031', 'lNONHSAG007035', 'lNONHSAG007065', 'lNONHSAG007087', 'lNONHSAG007093', 'lNONHSAG007103', 'lNONHSAG007118', 'lNONHSAG007123', 'lNONHSAG007129', 'lNONHSAG007139', 'lNONHSAG007155', 'lNONHSAG007166', 'lNONHSAG007172', 'lNONHSAG007203', 'lNONHSAG007222', 'lNONHSAG007225', 'lNONHSAG007242', 'lNONHSAG007259', 'lNONHSAG007268', 'lNONHSAG007278', 'lNONHSAG007286', 'lNONHSAG007298', 'lNONHSAG007414', 'lNONHSAG007419', 'lNONHSAG007429', 'lNONHSAG007488', 'lNONHSAG007507', 'lNONHSAG007531', 'lNONHSAG007533', 'lNONHSAG007543', 'lNONHSAG007554', 'lNONHSAG007563', 'lNONHSAG007574', 'lNONHSAG007578', 'lNONHSAG007599', 'lNONHSAG007632', 'lNONHSAG007638', 'lNONHSAG007730', 'lENSG00000083622', 'lENSG00000105501', 'lENSG00000122043', 'lENSG00000149443', 'lENSG00000167920', 'lENSG00000175746', 'lENSG00000177596', 'lENSG00000178248', 'lENSG00000197644', 'lENSG00000197880', 'lENSG00000198054', 'lENSG00000198671', 'lENSG00000203307', 'lENSG00000203469', 'lENSG00000203472', 'lENSG00000203565', 'lENSG00000203605', 'lENSG00000203864', 'lENSG00000204393', 'lENSG00000204464', 'lENSG00000205018', 'lENSG00000205452', 'lENSG00000205500', 'lENSG00000212856', 'lENSG00000219410', 'lENSG00000221845', 'lENSG00000222000', 'lENSG00000222044', 'lENSG00000223374', 'lENSG00000223381', 'lENSG00000223387', 'lENSG00000223400', 'lENSG00000223537', 'lENSG00000223563', 'lENSG00000223598', 'lENSG00000223634', 'lENSG00000223641', 'lENSG00000223643', 'lENSG00000223647', 'lENSG00000223720', 'lENSG00000223727', 'lENSG00000223786', 'lENSG00000223809', 'lENSG00000223831', 'lENSG00000223870', 'lENSG00000223881', 'lENSG00000223966', 'lENSG00000223993', 'lENSG00000224031', 'lENSG00000224075', 'lENSG00000224087', 'lENSG00000224095', 'lENSG00000224220', 'lENSG00000224277', 'lENSG00000224330', 'lENSG00000224384', 'lENSG00000224500', 'lENSG00000224535', 'lENSG00000224541', 'lENSG00000224549', 'lENSG00000224645', 'lENSG00000224794', 'lENSG00000224821', 'lENSG00000224844', 'lENSG00000224857', 'lENSG00000224885', 'lENSG00000224922', 'lENSG00000224972', 'lENSG00000225012', 'lENSG00000225050', 'lENSG00000225129', 'lENSG00000225218', 'lENSG00000225325', 'lENSG00000225378', 'lENSG00000225457', 'lENSG00000225537', 'lENSG00000225570', 'lENSG00000225588', 'lENSG00000225647', 'lENSG00000225750', 'lENSG00000225751', 'lENSG00000225761', 'lENSG00000225798', 'lENSG00000225886', 'lENSG00000225919', 'lENSG00000225929', 'lENSG00000226047', 'lENSG00000226089', 'lENSG00000226133', 'lENSG00000226143', 'lENSG00000226193', 'lENSG00000226194', 'lENSG00000226238', 'lENSG00000226323', 'lENSG00000226337', 'lENSG00000226352', 'lENSG00000226398', 'lENSG00000226454', 'lENSG00000226486', 'lENSG00000226508', 'lENSG00000226522', 'lENSG00000226542', 'lENSG00000226562', 'lENSG00000226566', 'lENSG00000226576', 'lENSG00000226601', 'lENSG00000226647', 'lENSG00000226699', 'lENSG00000226770', 'lENSG00000226813', 'lENSG00000226883', 'lENSG00000226925', 'lENSG00000226956', 'lENSG00000226957', 'lENSG00000227075', 'lENSG00000227076', 'lENSG00000227125', 'lENSG00000227131', 'lENSG00000227181', 'lENSG00000227197', 'lENSG00000227330', 'lENSG00000227360', 'lENSG00000227409', 'lENSG00000227482', 'lENSG00000227496', 'lENSG00000227509', 'lENSG00000227512', 'lENSG00000227549', 'lENSG00000227579', 'lENSG00000227606', 'lENSG00000227611', 'lENSG00000227680', 'lENSG00000227716', 'lENSG00000227718', 'lENSG00000227769', 'lENSG00000227863', 'lENSG00000227893', 'lENSG00000227930', 'lENSG00000227960', 'lENSG00000228028', 'lENSG00000228082', 'lENSG00000228108', 'lENSG00000228136', 'lENSG00000228170', 'lENSG00000228215', 'lENSG00000228261', 'lENSG00000228272', 'lENSG00000228351', 'lENSG00000228372', 'lENSG00000228383', 'lENSG00000228470', 'lENSG00000228485', 'lENSG00000228548', 'lENSG00000228596', 'lENSG00000228627', 'lENSG00000228804', 'lENSG00000228826', 'lENSG00000228852', 'lENSG00000228950', 'lENSG00000229152', 'lENSG00000229162', 'lENSG00000229167', 'lENSG00000229190', 'lENSG00000229224', 'lENSG00000229283', 'lENSG00000229297', 'lENSG00000229331', 'lENSG00000229370', 'lENSG00000229379', 'lENSG00000229444', 'lENSG00000229457', 'lENSG00000229487', 'lENSG00000229498', 'lENSG00000229502', 'lENSG00000229528', 'lENSG00000229531', 'lENSG00000229673', 'lENSG00000229679', 'lENSG00000229688', 'lENSG00000229848', 'lENSG00000229851', 'lENSG00000229953', 'lENSG00000229999', 'lENSG00000230010', 'lENSG00000230065', 'lENSG00000230105', 'lENSG00000230109', 'lENSG00000230121', 'lENSG00000230131', 'lENSG00000230153', 'lENSG00000230155', 'lENSG00000230190', 'lENSG00000230197', 'lENSG00000230212', 'lENSG00000230233', 'lENSG00000230234', 'lENSG00000230323', 'lENSG00000230432', 'lENSG00000230483', 'lENSG00000230499', 'lENSG00000230599', 'lENSG00000230668', 'lENSG00000230735', 'lENSG00000230741', 'lENSG00000230759', 'lENSG00000230790', 'lENSG00000230794', 'lENSG00000230826', 'lENSG00000230830', 'lENSG00000230912', 'lENSG00000230918', 'lENSG00000230972', 'lENSG00000231081', 'lENSG00000231082', 'lENSG00000231092', 'lENSG00000231102', 'lENSG00000231114', 'lENSG00000231143', 'lENSG00000231253', 'lENSG00000231272', 'lENSG00000231407', 'lENSG00000231413', 'lENSG00000231440', 'lENSG00000231492', 'lENSG00000231496', 'lENSG00000231597', 'lENSG00000231678', 'lENSG00000231681', 'lENSG00000231724', 'lENSG00000231772', 'lENSG00000231781', 'lENSG00000231912', 'lENSG00000231937', 'lENSG00000231964', 'lENSG00000232031', 'lENSG00000232058', 'lENSG00000232072', 'lENSG00000232086', 'lENSG00000232192', 'lENSG00000232197', 'lENSG00000232286', 'lENSG00000232310', 'lENSG00000232328', 'lENSG00000232335', 'lENSG00000232359', 'lENSG00000232363', 'lENSG00000232396', 'lENSG00000232451', 'lENSG00000232464', 'lENSG00000232465', 'lENSG00000232564', 'lENSG00000232596', 'lENSG00000232604', 'lENSG00000232710', 'lENSG00000232719', 'lENSG00000232746', 'lENSG00000232806', 'lENSG00000232893', 'lENSG00000232895', 'lENSG00000232930', 'lENSG00000232939', 'lENSG00000232964', 'lENSG00000233070', 'lENSG00000233178', 'lENSG00000233179', 'lENSG00000233219', 'lENSG00000233222', 'lENSG00000233330', 'lENSG00000233339', 'lENSG00000233407', 'lENSG00000233472', 'lENSG00000233479', 'lENSG00000233534', 'lENSG00000233574', 'lENSG00000233581', 'lENSG00000233613', 'lENSG00000233625', 'lENSG00000233656', 'lENSG00000233665', 'lENSG00000233689', 'lENSG00000233706', 'lENSG00000233851', 'lENSG00000233891', 'lENSG00000233953', 'lENSG00000233960', 'lENSG00000233969', 'lENSG00000233985', 'lENSG00000234021', 'lENSG00000234055', 'lENSG00000234117', 'lENSG00000234149', 'lENSG00000234160', 'lENSG00000234172', 'lENSG00000234191', 'lENSG00000234504', 'lENSG00000234622', 'lENSG00000234626', 'lENSG00000234653', 'lENSG00000234690', 'lENSG00000234693', 'lENSG00000234714', 'lENSG00000234756', 'lENSG00000234860', 'lENSG00000234900', 'lENSG00000234953', 'lENSG00000234961', 'lENSG00000234979', 'lENSG00000235035', 'lENSG00000235050', 'lENSG00000235059', 'lENSG00000235086', 'lENSG00000235122', 'lENSG00000235168', 'lENSG00000235262', 'lENSG00000235435', 'lENSG00000235494', 'lENSG00000235503', 'lENSG00000235533', 'lENSG00000235628', 'lENSG00000235635', 'lENSG00000235637', 'lENSG00000235669', 'lENSG00000235786', 'lENSG00000235813', 'lENSG00000236022', 'lENSG00000236031', 'lENSG00000236065', 'lENSG00000236109', 'lENSG00000236242', 'lENSG00000236267', 'lENSG00000236272', 'lENSG00000236324', 'lENSG00000236326', 'lENSG00000236358', 'lENSG00000236366', 'lENSG00000236414', 'lENSG00000236452', 'lENSG00000236463', 'lENSG00000236498', 'lENSG00000236559', 'lENSG00000236648', 'lENSG00000236662', 'lENSG00000236723', 'lENSG00000236744', 'lENSG00000236758', 'lENSG00000236800', 'lENSG00000236828', 'lENSG00000236921', 'lENSG00000236951', 'lENSG00000236953', 'lENSG00000236975', 'lENSG00000237015', 'lENSG00000237058', 'lENSG00000237073', 'lENSG00000237293', 'lENSG00000237324', 'lENSG00000237331', 'lENSG00000237337', 'lENSG00000237373', 'lENSG00000237435', 'lENSG00000237463', 'lENSG00000237477', 'lENSG00000237481', 'lENSG00000237494', 'lENSG00000237571', 'lENSG00000237576', 'lENSG00000237581', 'lENSG00000237670', 'lENSG00000237687', 'lENSG00000237734', 'lENSG00000237768', 'lENSG00000237802', 'lENSG00000237919', 'lENSG00000237921', 'lENSG00000237937', 'lENSG00000237993', 'lENSG00000238131', 'lENSG00000238140', 'lENSG00000238185', 'lENSG00000238282', 'lENSG00000238291', 'lENSG00000239314', 'lENSG00000239415', 'lENSG00000239482', 'lENSG00000240354', 'lENSG00000240573', 'lENSG00000240868', 'lENSG00000241383', 'lENSG00000241397', 'lENSG00000241577', 'lENSG00000241593', 'lENSG00000241666', 'lENSG00000241985', 'lENSG00000242012', 'lENSG00000242072', 'lENSG00000242339', 'lENSG00000242391', 'lENSG00000242545', 'lENSG00000242568', 'lENSG00000242618', 'lENSG00000242795', 'lENSG00000242861', 'lENSG00000243149', 'lENSG00000243230', 'lENSG00000243273', 'lENSG00000243368', 'lENSG00000243797', 'lENSG00000243903', 'lENSG00000243961', 'lENSG00000244327', 'lENSG00000244461', 'lENSG00000244701', 'lENSG00000245148', 'lENSG00000245385', 'lENSG00000246541', 'lENSG00000247867', 'lENSG00000247925', 'lENSG00000248125', 'lENSG00000248145', 'lENSG00000248148', 'lENSG00000248245', 'lENSG00000248358', 'lENSG00000248373', 'lENSG00000248393', 'lENSG00000248397', 'lENSG00000248416', 'lENSG00000248457', 'lENSG00000248482', 'lENSG00000248490', 'lENSG00000248576', 'lENSG00000248599', 'lENSG00000248627', 'lENSG00000248758', 'lENSG00000248789', 'lENSG00000248802', 'lENSG00000248925', 'lENSG00000248935', 'lENSG00000248969', 'lENSG00000248975', 'lENSG00000248984', 'lENSG00000248995', 'lENSG00000249066', 'lENSG00000249071', 'lENSG00000249099', 'lENSG00000249111', 'lENSG00000249114', 'lENSG00000249297', 'lENSG00000249382', 'lENSG00000249409', 'lENSG00000249419', 'lENSG00000249426', 'lENSG00000249441', 'lENSG00000249474', 'lENSG00000249547', 'lENSG00000249605', 'lENSG00000249613', 'lENSG00000249697', 'lENSG00000249706', 'lENSG00000249742', 'lENSG00000249753', 'lENSG00000249782', 'lENSG00000249806', 'lENSG00000249830', 'lENSG00000249865', 'lENSG00000249892', 'lENSG00000250062', 'lENSG00000250186', 'lENSG00000250195', 'lENSG00000250242', 'lENSG00000250524', 'lENSG00000250626', 'lENSG00000250629', 'lENSG00000250646', 'lENSG00000250657', 'lENSG00000250665', 'lENSG00000250698', 'lENSG00000250761', 'lENSG00000250791', 'lENSG00000250820', 'lENSG00000250855', 'lENSG00000250865', 'lENSG00000250866', 'lENSG00000250877', 'lENSG00000250910', 'lENSG00000250917', 'lENSG00000250929', 'lENSG00000250945', 'lENSG00000250949', 'lENSG00000250950', 'lENSG00000250955', 'lENSG00000251059', 'lENSG00000251072', 'lENSG00000251088', 'lENSG00000251185', 'lENSG00000251194', 'lENSG00000251256', 'lENSG00000251266', 'lENSG00000251281', 'lENSG00000251412', 'lENSG00000251414', 'lENSG00000251438', 'lENSG00000251688', 'lENSG00000253134', 'lENSG00000253142', 'lENSG00000253167', 'lENSG00000253171', 'lENSG00000253189', 'lENSG00000253282', 'lENSG00000253356', 'lENSG00000253397', 'lENSG00000253449', 'lENSG00000253456', 'lENSG00000253503', 'lENSG00000253507', 'lENSG00000253526', 'lENSG00000253530', 'lENSG00000253539', 'lENSG00000253577', 'lENSG00000253616', 'lENSG00000253619', 'lENSG00000253627', 'lENSG00000253645', 'lENSG00000253665', 'lENSG00000253717', 'lENSG00000253722', 'lENSG00000253754', 'lENSG00000253782', 'lENSG00000253834', 'lENSG00000253858', 'lENSG00000253865', 'lENSG00000253871', 'lENSG00000253875', 'lENSG00000253880', 'lENSG00000253927', 'lENSG00000253947', 'lENSG00000253976', 'lENSG00000254011', 'lENSG00000254021', 'lENSG00000254026', 'lENSG00000254031', 'lENSG00000254033', 'lENSG00000254035', 'lENSG00000254043', 'lENSG00000254084', 'lENSG00000254094', 'lENSG00000254123', 'lENSG00000254141', 'lENSG00000254171', 'lENSG00000254177', 'lENSG00000254207', 'lENSG00000254239', 'lENSG00000254242', 'lENSG00000254263', 'lENSG00000254314', 'lENSG00000254325', 'lENSG00000254330', 'lENSG00000254347', 'lENSG00000254350', 'lENSG00000254380', 'lENSG00000254429', 'lENSG00000254456', 'lENSG00000254516', 'lENSG00000254526', 'lENSG00000254559', 'lENSG00000254563', 'lENSG00000254592', 'lENSG00000254604', 'lENSG00000254620', 'lENSG00000254626', 'lENSG00000254627', 'lENSG00000254689', 'lENSG00000254739', 'lENSG00000254775', 'lENSG00000254787', 'lENSG00000254846', 'lENSG00000254847', 'lENSG00000254864', 'lENSG00000254879', 'lENSG00000254913', 'lENSG00000254921', 'lENSG00000254928', 'lENSG00000254930', 'lENSG00000254972', 'lENSG00000254990', 'lENSG00000255027', 'lENSG00000255039', 'lENSG00000255041', 'lENSG00000255084', 'lENSG00000255114', 'lENSG00000255121', 'lENSG00000255159', 'lENSG00000255167', 'lENSG00000255227', 'lENSG00000255241', 'lENSG00000255247', 'lENSG00000255252', 'lENSG00000255271', 'lENSG00000255300', 'lENSG00000255327', 'lENSG00000255343', 'lENSG00000255357', 'lENSG00000255366', 'lENSG00000255375', 'lENSG00000255388', 'lENSG00000255390', 'lENSG00000255443', 'lENSG00000255478', 'lENSG00000255482', 'lENSG00000255487', 'lENSG00000255496', 'lENSG00000255498', 'lENSG00000255523', 'lENSG00000255528', 'lENSG00000255539', 'lENSG00000255555', 'lENSG00000255565', 'lENSG00000255808', 'lENSG00000255839', 'lENSG00000255893', 'lENSG00000255949', 'lENSG00000256007', 'lENSG00000256071', 'lENSG00000256072', 'lENSG00000256083', 'lENSG00000256209', 'lENSG00000256234', 'lENSG00000256314', 'lENSG00000256364', 'lENSG00000256448', 'lENSG00000256452', 'lENSG00000256482', 'lENSG00000256484', 'lENSG00000256568', 'lENSG00000256582', 'lENSG00000256670', 'lENSG00000256733', 'lENSG00000256897', 'lENSG00000256972', 'lENSG00000257004', 'lENSG00000257096', 'lENSG00000257105', 'lENSG00000257165', 'lENSG00000257264', 'lENSG00000257265', 'lENSG00000257271', 'lENSG00000257275', 'lENSG00000257342', 'lENSG00000257381', 'lENSG00000257407', 'lENSG00000257470', 'lENSG00000257488', 'lENSG00000257494', 'lENSG00000257500', 'lENSG00000257514', 'lENSG00000257541', 'lENSG00000257634', 'lENSG00000257653', 'lENSG00000257682', 'lENSG00000257732', 'lENSG00000257764', 'lENSG00000257860', 'lENSG00000257904', 'lENSG00000257925', 'lENSG00000257997', 'lENSG00000258007', 'lENSG00000258044', 'lENSG00000258084', 'lENSG00000258108', 'lENSG00000258167', 'lENSG00000258185', 'lENSG00000258210', 'lENSG00000258220', 'lENSG00000258272', 'lENSG00000258292', 'lENSG00000258308', 'lENSG00000258312', 'lENSG00000258313', 'lENSG00000258331', 'lENSG00000258378', 'lENSG00000258379', 'lENSG00000258394', 'lENSG00000258425', 'lENSG00000258451', 'lENSG00000258460', 'lENSG00000258515', 'lENSG00000258516', 'lENSG00000258520', 'lENSG00000258610', 'lENSG00000258657', 'lENSG00000258670', 'lENSG00000258690', 'lENSG00000258695', 'lENSG00000258698', 'lENSG00000258742', 'lENSG00000258745', 'lENSG00000258784', 'lENSG00000258800', 'lENSG00000258824', 'lENSG00000258826', 'lENSG00000258829', 'lENSG00000258850', 'lENSG00000258869', 'lENSG00000258892', 'lENSG00000258904', 'lENSG00000258908', 'lENSG00000258944', 'lENSG00000258958', 'lENSG00000259007', 'lENSG00000259026', 'lENSG00000259187', 'lENSG00000259188', 'lENSG00000259194', 'lENSG00000259202', 'lENSG00000259211', 'lENSG00000259223', 'lENSG00000259250', 'lENSG00000259256', 'lENSG00000259265', 'lENSG00000259268', 'lENSG00000259290', 'lENSG00000259294', 'lENSG00000259307', 'lENSG00000259342', 'lENSG00000259351', 'lENSG00000259352', 'lENSG00000259360', 'lENSG00000259503', 'lENSG00000259532', 'lENSG00000259544', 'lENSG00000259595', 'lENSG00000259631', 'lENSG00000259636', 'lENSG00000259649', 'lENSG00000259659', 'lENSG00000259678', 'lENSG00000259757', 'lENSG00000259759', 'lENSG00000259767', 'lENSG00000259798', 'lENSG00000259805', 'lENSG00000259935', 'lENSG00000259945', 'lENSG00000259955', 'lENSG00000260003', 'lENSG00000260017', 'lENSG00000260022', 'lENSG00000260058', 'lENSG00000260158', 'lENSG00000260186', 'lENSG00000260190', 'lENSG00000260237', 'lENSG00000260246', 'lENSG00000260304', 'lENSG00000260454', 'lENSG00000260476', 'lENSG00000260586', 'lENSG00000260605', 'lENSG00000260626', 'lENSG00000260659', 'lENSG00000260741', 'lENSG00000260773', 'lENSG00000260798', 'lENSG00000260814', 'lENSG00000260884', 'lENSG00000260911', 'lENSG00000260934', 'lENSG00000260970', 'lENSG00000260986', 'lENSG00000260999', 'lENSG00000261014', 'lENSG00000261036', 'lENSG00000261070', 'lENSG00000261243', 'lENSG00000261248', 'lENSG00000261261', 'lENSG00000261307', 'lENSG00000261332', 'lENSG00000261379', 'lENSG00000261432', 'lENSG00000261475', 'lENSG00000261507', 'lENSG00000261523', 'lENSG00000261552', 'lENSG00000261569', 'lENSG00000261633', 'lENSG00000261663', 'lENSG00000261671', 'lENSG00000261695', 'lENSG00000261697', 'lENSG00000261723', 'lENSG00000261729', 'lENSG00000261731', 'lENSG00000261761', 'lENSG00000261838', 'lENSG00000261864', 'lENSG00000262151', 'lENSG00000262298', 'lENSG00000262434', 'lENSG00000262533', 'lENSG00000262652', 'lENSG00000262692', 'lENSG00000262777', 'lENSG00000262810', 'lENSG00000262815', 'lENSG00000263237', 'lENSG00000263300', 'lENSG00000263321', 'lENSG00000263417', 'lENSG00000263466', 'lENSG00000263585', 'lENSG00000263594', 'lENSG00000263618', 'lENSG00000263684', 'lENSG00000263765', 'lENSG00000263797', 'lENSG00000263847', 'lENSG00000263873', 'lENSG00000263952', 'lENSG00000263982', 'lENSG00000263986', 'lENSG00000264023', 'lENSG00000264066', 'lENSG00000264107', 'lENSG00000264116', 'lENSG00000264151', 'lENSG00000264254', 'lENSG00000264269', 'lENSG00000264486', 'lENSG00000264513', 'lENSG00000264520', 'lENSG00000264546', 'lENSG00000264577', 'lENSG00000264622', 'lENSG00000264734', 'lENSG00000264769', 'lENSG00000264825', 'lENSG00000264924', 'lENSG00000265168', 'lENSG00000265205', 'lENSG00000265334', 'lENSG00000265359', 'lENSG00000265400', 'lENSG00000265443', 'lENSG00000265474', 'lENSG00000265554', 'lENSG00000265625', 'lENSG00000265728', 'lENSG00000265743', 'lENSG00000265791', 'lENSG00000265800', 'lENSG00000265840', 'lENSG00000265844', 'lENSG00000265845', 'lENSG00000265980', 'lENSG00000265987', 'lENSG00000265994', 'lENSG00000266102', 'lENSG00000266153', 'lENSG00000266311', 'lENSG00000266341', 'lENSG00000266368', 'lENSG00000266397', 'lENSG00000266541', 'lENSG00000266651', 'lENSG00000266801', 'lENSG00000266839', 'lENSG00000266844', 'lENSG00000266877', 'lENSG00000266936', 'lENSG00000266981', 'lENSG00000267000', 'lENSG00000267028', 'lENSG00000267057', 'lENSG00000267063', 'lENSG00000267177', 'lENSG00000267225', 'lENSG00000267234', 'lENSG00000267255', 'lENSG00000267263', 'lENSG00000267274', 'lENSG00000267286', 'lENSG00000267320', 'lENSG00000267341', 'lENSG00000267354', 'lENSG00000267378', 'lENSG00000267387', 'lENSG00000267436', 'lENSG00000267437', 'lENSG00000267501', 'lENSG00000267510', 'lENSG00000267543', 'lENSG00000267583', 'lENSG00000267615', 'lENSG00000267617', 'lENSG00000267633', 'lENSG00000267638', 'lENSG00000267665', 'lENSG00000267711', 'lENSG00000267791', 'lENSG00000267838', 'lENSG00000267922', 'lENSG00000267980', 'lENSG00000268049', 'lENSG00000268051', 'lENSG00000268069', 'lENSG00000268078', 'lENSG00000268191', 'lENSG00000268203', 'lENSG00000268240', 'lENSG00000268289', 'lENSG00000268292', 'lENSG00000268296', 'lENSG00000268520', 'lENSG00000268605', 'lENSG00000268734', 'lENSG00000268743', 'lENSG00000268798', 'lENSG00000268833', 'lENSG00000268906', 'lENSG00000268912', 'lENSG00000268981', 'lENSG00000269044', 'lENSG00000269085', 'lENSG00000269145', 'lENSG00000269191', 'lENSG00000269292', 'lENSG00000269321', 'lENSG00000269350', 'lENSG00000269495', 'lENSG00000269504', 'lENSG00000269578', 'lENSG00000269621', 'lENSG00000269656', 'lENSG00000269729', 'lENSG00000269802', 'lENSG00000269826', 'lENSG00000269843', 'lENSG00000269867', 'lENSG00000269901', 'lENSG00000269950', 'lENSG00000269987', 'lENSG00000270082', 'lENSG00000270094', 'lENSG00000270108', 'lENSG00000270380', 'lENSG00000270726', 'lENSG00000270871', 'lENSG00000270996', 'lENSG00000271032', 'lENSG00000271218', 'lENSG00000271314', 'lENSG00000271579', 'lENSG00000271717', 'lENSG00000271763', 'lENSG00000271787', 'lENSG00000271833', 'lENSG00000271901', 'lENSG00000271936', 'lENSG00000271945', 'lENSG00000271983', 'lENSG00000272027', 'lENSG00000272072', 'lENSG00000272159', 'lENSG00000272338', 'lENSG00000272510', 'lENSG00000272540', 'lENSG00000272575', 'lENSG00000272661', 'lENSG00000272742', 'lENSG00000272810', 'lENSG00000272814', 'lENSG00000272866', 'lENSG00000272995', 'lENSG00000273035', 'lENSG00000273110', 'lENSG00000273198', 'lENSG00000273226', 'lENSG00000273257', 'lENSG00000273275', 'lENSG00000273360', 'lENSG00000273449', 'lENSG00000273461', 'lENSG00000273485', 'lENSG00000273493', 'lENSG00000273550', 'lENSG00000273568', 'lENSG00000273838', 'lENSG00000273877', 'lENSG00000273919', 'lENSG00000274177', 'lENSG00000274227', 'lENSG00000274624', 'lENSG00000274678', 'lENSG00000274737', 'lENSG00000274863', 'lENSG00000274893', 'lENSG00000275173', 'lENSG00000275356', 'lENSG00000275401', 'lENSG00000275484', 'lENSG00000275576', 'lENSG00000275638', 'lENSG00000275871', 'lENSG00000275963', 'lENSG00000276054', 'lENSG00000276107', 'lENSG00000276266', 'lENSG00000276488', 'lENSG00000276533', 'lENSG00000276668', 'lENSG00000276997', 'lENSG00000277173', 'lENSG00000277332', 'lENSG00000277639', 'lENSG00000277675', 'lENSG00000278000', 'lENSG00000278013', 'lENSG00000278202', 'lENSG00000278351', 'lENSG00000278766', 'lENSG00000278944', 'lENSG00000279088', 'lENSG00000279240', 'lENSG00000279484', 'lENSG00000279623', 'lENSG00000279687', 'lENSG00000279751', 'lENSG00000279920', 'lENSG00000280206', 'lENSG00000280224', 'lENSG00000280455', 'lENSG00000280580', 'lENSG00000280703', 'lENSG00000280870', 'lENSG00000280881', 'lENSG00000281021', 'lENSG00000281831', 'lENSG00000282478', 'lENSG00000282828', 'lENSG00000282950', 'lENSG00000283083', 'lENSG00000283286', 'lENSG00000283347', 'lENSG00000283375', 'lENSG00000283436', 'lENSG00000283457', 'lENSG00000283573', 'lENSG00000283631', 'lENSG00000283766', 'lENSG00000283973', 'lENSG00000284376', 'lENSG00000284500', 'lENSG00000284513', 'lENSG00000284608', 'lENSG00000284699', 'lENSG00000284846', 'lENSG00000284994', 'lENSG00000285012', 'lENSG00000285040', 'lENSG00000285117', 'lENSG00000285325', 'lENSG00000285354', 'lENSG00000285409', 'lENSG00000285473', 'lENSG00000285518', 'lENSG00000285550', 'lENSG00000285551', 'lENSG00000285621', 'lENSG00000285654', 'lENSG00000285699', 'lENSG00000285780', 'lENSG00000285857', 'lENSG00000285861', 'lENSG00000285889', 'lENSG00000285954', 'lENSG00000285998', 'lENSG00000286002', 'lENSG00000286010', 'lENSG00000286018', 'lENSG00000286020', 'lENSG00000286050', 'lENSG00000286076', 'lENSG00000286089', 'lENSG00000286093', 'lENSG00000286101', 'lENSG00000286168', 'lENSG00000286194', 'lENSG00000286242', 'lENSG00000286276', 'lENSG00000286331', 'lENSG00000286333', 'lENSG00000286357', 'lENSG00000286419', 'lENSG00000286430', 'lENSG00000286436', 'lENSG00000286441', 'lENSG00000286453', 'lENSG00000286461', 'lENSG00000286474', 'lENSG00000286515', 'lENSG00000286565', 'lENSG00000286581', 'lENSG00000286584', 'lENSG00000286588', 'lENSG00000286598', 'lENSG00000286617', 'lENSG00000286639', 'lENSG00000286645', 'lENSG00000286670', 'lENSG00000286689', 'lENSG00000286698', 'lENSG00000286715', 'lENSG00000286716', 'lENSG00000286722', 'lENSG00000286735', 'lENSG00000286738', 'lENSG00000286740', 'lENSG00000286759', 'lENSG00000286767', 'lENSG00000286770', 'lENSG00000286776', 'lENSG00000286795', 'lENSG00000286803', 'lENSG00000286820', 'lENSG00000286822', 'lENSG00000286838', 'lENSG00000286843', 'lENSG00000286850', 'lENSG00000286887', 'lENSG00000286908', 'lENSG00000287005', 'lENSG00000287006', 'lENSG00000287020', 'lENSG00000287028', 'lENSG00000287030', 'lENSG00000287066', 'lENSG00000287094', 'lENSG00000287107', 'lENSG00000287128', 'lENSG00000287155', 'lENSG00000287159', 'lENSG00000287191', 'lENSG00000287198', 'lENSG00000287202', 'lENSG00000287213', 'lENSG00000287236', 'lENSG00000287270', 'lENSG00000287285', 'lENSG00000287321', 'lENSG00000287358', 'lENSG00000287359', 'lENSG00000287366', 'lENSG00000287381', 'lENSG00000287441', 'lENSG00000287451', 'lENSG00000287456', 'lENSG00000287462', 'lENSG00000287501', 'lENSG00000287511', 'lENSG00000287517', 'lENSG00000287518', 'lENSG00000287545', 'lENSG00000287550', 'lENSG00000287551', 'lENSG00000287556', 'lENSG00000287587', 'lENSG00000287618', 'lENSG00000287660', 'lENSG00000287664', 'lENSG00000287684', 'lENSG00000287687', 'lENSG00000287691', 'lENSG00000287704', 'lENSG00000211683', 'lENSG00000214955', 'lENSG00000223379', 'lENSG00000223795', 'lENSG00000224884', 'lENSG00000225393', 'lENSG00000225836', 'lENSG00000228255', 'lENSG00000228538', 'lENSG00000229454', 'lENSG00000229458', 'lENSG00000229628', 'lENSG00000229964', 'lENSG00000230600', 'lENSG00000230649', 'lENSG00000231212', 'lENSG00000232056', 'lENSG00000232636', 'lENSG00000233200', 'lENSG00000233987', 'lENSG00000234083', 'lENSG00000234810', 'lENSG00000234998', 'lENSG00000235337', 'lENSG00000236453', 'lENSG00000239801', 'lENSG00000241792', 'lENSG00000242375', 'lENSG00000244620', 'lENSG00000247810', 'lENSG00000248359', 'lENSG00000248991', 'lENSG00000249159', 'lENSG00000250481', 'lENSG00000250567', 'lENSG00000250777', 'lENSG00000250948', 'lENSG00000251506', 'lENSG00000251654', 'lENSG00000254306', 'lENSG00000254927', 'lENSG00000255325', 'lENSG00000255644', 'lENSG00000256686', 'lENSG00000257715', 'lENSG00000257962', 'lENSG00000258088', 'lENSG00000258196', 'lENSG00000258386', 'lENSG00000258949', 'lENSG00000259123', 'lENSG00000259209', 'lENSG00000259222', 'lENSG00000259244', 'lENSG00000259255', 'lENSG00000259274', 'lENSG00000259407', 'lENSG00000260511', 'lENSG00000260983', 'lENSG00000261193', 'lENSG00000261445', 'lENSG00000261470', 'lENSG00000261775', 'lENSG00000265174', 'lENSG00000266893', 'lENSG00000267081', 'lENSG00000267581', 'lENSG00000269391', 'lENSG00000269460', 'lENSG00000272304', 'lENSG00000272369', 'lENSG00000273138', 'lENSG00000273403', 'lENSG00000273486', 'lENSG00000274902', 'lENSG00000278514', 'lENSG00000286164', 'lENSG00000226032', 'lENSG00000251613', 'lENSG00000263316', 'lENSG00000258631', 'lENSG00000260141', 'lENSG00000279472', 'lENSG00000271870', 'lENSG00000272934', 'lENSG00000265556', 'lENSG00000271840', 'lENSG00000253701', 'lENSG00000281408', 'lENSG00000268166', 'lDGUOK-AS1', 'lDSCR8', 'lMIR145', 'lMIR24-2', 'lMIR3179-2', 'lMIR3654', 'lACA64', 'lCDKN2B-AS', 'lC3orf65']","[1.0, 1.0, 0.0, 0.0, 1.0, 0.0, 1.0, 0.0, 1.0, 1.0, 1.0, 0.0, 1.0, 1.0, 0.0, 1.0, 0.0, 1.0, 1.0, 0.0, 0.0, 1.0, 0.0, 1.0, 0.0, 1.0, 0.0, 1.0, 0.0, 0.0, 0.0, 1.0, 0.0, 0.0, 0.0, 1.0, 1.0, 0.0, 1.0, 0.0, 1.0, 1.0, 0.0, 1.0, 0.0, 1.0, 0.0, 1.0, 0.0, 0.0, 1.0, 1.0, 1.0, 1.0, 0.0, 0.0, 0.0, 1.0, 1.0, 1.0, 1.0, 1.0, 1.0, 0.0, 0.0, 1.0, 0.0, 1.0, 0.0, 1.0, 1.0, 0.0, 0.0, 1.0, 0.0, 1.0, 1.0, 1.0, 0.0, 0.0, 0.0, 1.0, 0.0, 0.0, 0.0, 0.0, 0.0, 1.0, 0.0, 1.0, 1.0, 0.0, 0.0, 0.0, 1.0, 1.0, 0.0, 1.0, 0.0, 1.0, 0.0, 1.0, 0.0, 0.0, 1.0, 0.0, 0.0, 1.0, 1.0, 0.0, 0.0, 1.0, 0.0, 1.0, 0.0, 0.0, 1.0, 1.0, 0.0, 0.0, 0.0, 0.0, 1.0, 0.0, 1.0, 0.0, 1.0, 0.0, 1.0, 1.0, 1.0, 1.0, 1.0, 1.0, 0.0, 0.0, 1.0, 1.0, 0.0, 0.0, 0.0, 1.0, 1.0, 1.0, 1.0, 0.0, 1.0, 0.0, 1.0, 0.0, 0.0, 0.0, 0.0, 1.0, 1.0, 1.0, 0.0, 0.0, 0.0, 1.0, 1.0, 1.0, 0.0, 0.0, 0.0, 1.0, 0.0, 0.0, 0.0, 0.0, 0.0, 1.0, 0.0, 0.0, 1.0, 0.0, 0.0, 0.0, 1.0, 1.0, 0.0, 1.0, 0.0, 0.0, 1.0, 1.0, 1.0, 1.0, 0.0, 1.0, 0.0, 0.0, 0.0, 0.0, 1.0, 1.0, 0.0, 0.0, 1.0, 1.0, 1.0, 1.0, 0.0, 0.0, 1.0, 1.0, 0.0, 1.0, 1.0, 1.0, 1.0, 0.0, 1.0, 1.0, 0.0, 0.0, 0.0, 1.0, 1.0, 0.0, 1.0, 0.0, 0.0, 0.0, 0.0, 1.0, 0.0, 1.0, 1.0, 0.0, 1.0, 1.0, 0.0, 0.0, 0.0, 1.0, 1.0, 0.0, 1.0, 0.0, 1.0, 0.0, 1.0, 1.0, 1.0, 0.0, 0.0, 1.0, 0.0, 1.0, 1.0, 0.0, 0.0, 1.0, 0.0, 1.0, 1.0, 0.0, 1.0, 1.0, 0.0, 1.0, 1.0, 0.0, 1.0, 1.0, 0.0, 0.0, 1.0, 0.0, 1.0, 1.0, 1.0, 0.0, 1.0, 0.0, 1.0, 1.0, 1.0, 1.0, 0.0, 1.0, 1.0, 1.0, 0.0, 1.0, 0.0, 1.0, 1.0, 0.0, 0.0, 0.0, 1.0, 1.0, 1.0, 1.0, 0.0, 1.0, 0.0, 0.0, 0.0, 1.0, 1.0, 0.0, 0.0, 1.0, 1.0, 1.0, 0.0, 1.0, 0.0, 1.0, 1.0, 1.0, 0.0, 1.0, 1.0, 0.0, 0.0, 0.0, 0.0, 0.0, 1.0, 1.0, 1.0, 0.0, 1.0, 1.0, 0.0, 1.0, 0.0, 0.0, 1.0, 0.0, 1.0, 0.0, 1.0, 1.0, 0.0, 0.0, 1.0, 1.0, 1.0, 1.0, 0.0, 1.0, 1.0, 1.0, 1.0, 0.0, 0.0, 0.0, 0.0, 0.0, 1.0, 0.0, 1.0, 1.0, 0.0, 0.0, 1.0, 0.0, 1.0, 0.0, 0.0, 0.0, 1.0, 0.0, 1.0, 1.0, 0.0, 1.0, 0.0, 0.0, 1.0, 1.0, 0.0, 0.0, 1.0, 0.0, 1.0, 0.0, 0.0, 1.0, 0.0, 0.0, 1.0, 1.0, 0.0, 0.0, 0.0, 0.0, 0.0, 0.0, 0.0, 0.0, 1.0, 0.0, 0.0, 0.0, 1.0, 1.0, 0.0, 1.0, 0.0, 1.0, 1.0, 1.0, 0.0, 0.0, 1.0, 0.0, 0.0, 0.0, 1.0, 1.0, 0.0, 1.0, 0.0, 0.0, 1.0, 1.0, 0.0, 1.0, 0.0, 1.0, 0.0, 1.0, 1.0, 1.0, 0.0, 0.0, 1.0, 1.0, 1.0, 0.0, 0.0, 1.0, 1.0, 0.0, 0.0, 1.0, 0.0, 0.0, 0.0, 1.0, 1.0, 1.0, 0.0, 0.0, 1.0, 1.0, 0.0, 1.0, 0.0, 1.0, 1.0, 1.0, 1.0, 1.0, 1.0, 0.0, 1.0, 1.0, 0.0, 1.0, 1.0, 0.0, 1.0, 1.0, 0.0, 1.0, 1.0, 0.0, 1.0, 0.0, 1.0, 1.0, 0.0, 1.0, 0.0, 0.0, 0.0, 0.0, 1.0, 1.0, 1.0, 1.0, 1.0, 0.0, 1.0, 1.0, 0.0, 1.0, 0.0, 1.0, 0.0, 1.0, 1.0, 1.0, 1.0, 1.0, 0.0, 0.0, 0.0, 0.0, 1.0, 1.0, 1.0, 1.0, 1.0, 1.0, 1.0, 0.0, 0.0, 0.0, 0.0, 1.0, 1.0, 0.0, 0.0, 0.0, 1.0, 0.0, 1.0, 1.0, 1.0, 0.0, 1.0, 0.0, 0.0, 1.0, 0.0, 1.0, 1.0, 1.0, 0.0, 1.0, 0.0, 1.0, 0.0, 1.0, 0.0, 1.0, 0.0, 1.0, 0.0, 0.0, 0.0, 0.0, 1.0, 0.0, 0.0, 1.0, 0.0, 0.0, 0.0, 1.0, 0.0, 0.0, 1.0, 1.0, 0.0, 0.0, 0.0, 1.0, 1.0, 0.0, 1.0, 1.0, 1.0, 0.0, 1.0, 1.0, 0.0, 0.0, 1.0, 0.0, 1.0, 0.0, 0.0, 0.0, 0.0, 1.0, 0.0, 1.0, 1.0, 0.0, 1.0, 0.0, 1.0, 1.0, 1.0, 1.0, 1.0, 0.0, 1.0, 1.0, 0.0, 1.0, 0.0, 1.0, 1.0, 0.0, 1.0, 1.0, 1.0, 1.0, 0.0, 0.0, 0.0, 1.0, 1.0, 0.0, 0.0, 1.0, 1.0, 0.0, 1.0, 1.0, 0.0, 0.0, 1.0, 1.0, 0.0, 0.0, 0.0, 1.0, 1.0, 1.0, 1.0, 1.0, 1.0, 0.0, 1.0, 0.0, 0.0, 0.0, 1.0, 1.0, 1.0, 1.0, 0.0, 1.0, 0.0, 0.0, 0.0, 1.0, 1.0, 1.0, 0.0, 0.0, 0.0, 0.0, 1.0, 1.0, 0.0, 0.0, 0.0, 0.0, 0.0, 1.0, 0.0, 0.0, 0.0, 0.0, 1.0, 1.0, 1.0, 1.0, 0.0, 0.0, 0.0, 0.0, 0.0, 0.0, 0.0, 0.0, 0.0, 0.0, 1.0, 1.0, 0.0, 0.0, 0.0, 0.0, 0.0, 0.0, 1.0, 0.0, 1.0, 0.0, 0.0, 1.0, 1.0, 1.0, 0.0, 1.0, 1.0, 0.0, 0.0, 1.0, 1.0, 1.0, 0.0, 0.0, 0.0, 1.0, 0.0, 1.0, 0.0, 0.0, 0.0, 1.0, 1.0, 1.0, 0.0, 0.0, 1.0, 0.0, 0.0, 0.0, 1.0, 1.0, 0.0, 1.0, 0.0, 0.0, 1.0, 0.0, 0.0, 1.0, 0.0, 0.0, 1.0, 1.0, 1.0, 1.0, 1.0, 0.0, 0.0, 0.0, 1.0, 0.0, 1.0, 1.0, 1.0, 1.0, 1.0, 0.0, 0.0, 0.0, 0.0, 0.0, 0.0, 1.0, 1.0, 1.0, 1.0, 0.0, 1.0, 0.0, 1.0, 1.0, 0.0, 1.0, 0.0, 0.0, 1.0, 0.0, 0.0, 0.0, 0.0, 1.0, 1.0, 0.0, 1.0, 0.0, 1.0, 0.0, 0.0, 1.0, 1.0, 0.0, 1.0, 0.0, 1.0, 1.0, 1.0, 0.0, 0.0, 0.0, 1.0, 0.0, 1.0, 1.0, 0.0, 0.0, 0.0, 0.0, 1.0, 0.0, 1.0, 0.0, 1.0, 0.0, 1.0, 1.0, 0.0, 1.0, 0.0, 1.0, 1.0, 1.0, 0.0, 1.0, 1.0, 0.0, 1.0, 1.0, 0.0, 1.0, 1.0, 0.0, 1.0, 0.0, 0.0, 1.0, 0.0, 0.0, 0.0, 0.0, 0.0, 1.0, 0.0, 0.0, 0.0, 0.0, 1.0, 1.0, 1.0, 1.0, 0.0, 0.0, 0.0, 0.0, 1.0, 1.0, 1.0, 1.0, 1.0, 0.0, 0.0, 1.0, 0.0, 0.0, 0.0, 1.0, 1.0, 0.0, 0.0, 0.0, 0.0, 0.0, 0.0, 1.0, 0.0, 0.0, 0.0, 1.0, 1.0, 0.0, 1.0, 0.0, 1.0, 0.0, 0.0, 1.0, 0.0, 1.0, 0.0, 1.0, 1.0, 0.0, 0.0, 0.0, 0.0, 1.0, 1.0, 0.0, 1.0, 1.0, 1.0, 1.0, 0.0, 0.0, 1.0, 1.0, 1.0, 1.0, 0.0, 0.0, 0.0, 1.0, 1.0, 1.0, 1.0, 0.0, 1.0, 0.0, 1.0, 0.0, 0.0, 1.0, 1.0, 1.0, 0.0, 1.0, 1.0, 0.0, 0.0, 1.0, 0.0, 0.0, 1.0, 0.0, 1.0, 1.0, 1.0, 0.0, 1.0, 1.0, 1.0, 0.0, 0.0, 1.0, 1.0, 0.0, 0.0, 0.0, 0.0, 1.0, 1.0, 1.0, 1.0, 0.0, 1.0, 1.0, 0.0, 1.0, 0.0, 1.0, 0.0, 1.0, 1.0, 0.0, 0.0, 0.0, 0.0, 0.0, 1.0, 1.0, 0.0, 1.0, 0.0, 0.0, 1.0, 0.0, 0.0, 0.0, 0.0, 1.0, 1.0, 0.0, 1.0, 0.0, 1.0, 0.0, 1.0, 0.0, 1.0, 1.0, 1.0, 1.0, 0.0, 1.0, 0.0, 0.0, 0.0, 0.0, 1.0, 1.0, 0.0, 0.0, 1.0, 0.0, 1.0, 0.0, 0.0, 0.0, 0.0, 1.0, 1.0, 0.0, 1.0, 1.0, 1.0, 0.0, 1.0, 1.0, 1.0, 0.0, 1.0, 1.0, 1.0, 0.0, 1.0, 0.0, 1.0, 0.0, 0.0, 0.0, 0.0, 0.0, 0.0, 0.0, 0.0, 1.0, 0.0, 1.0, 1.0, 0.0, 0.0, 0.0, 1.0, 1.0, 1.0, 0.0, 0.0, 1.0, 1.0, 0.0, 0.0, 1.0, 0.0, 0.0, 1.0, 0.0, 1.0, 1.0, 0.0, 1.0, 1.0, 0.0, 0.0, 1.0, 0.0, 0.0, 0.0, 0.0, 1.0, 0.0, 0.0, 0.0, 0.0, 0.0, 0.0, 1.0, 1.0, 0.0, 0.0, 1.0, 1.0, 1.0, 0.0, 1.0, 0.0, 0.0, 0.0, 0.0, 0.0, 0.0, 1.0, 1.0, 1.0, 1.0, 1.0, 1.0, 0.0, 0.0, 0.0, 0.0, 0.0, 0.0, 0.0, 0.0, 1.0, 1.0, 1.0, 1.0, 1.0, 0.0, 0.0, 0.0, 0.0, 0.0, 0.0, 0.0, 0.0, 0.0, 1.0, 0.0, 0.0, 0.0, 0.0, 0.0, 1.0, 0.0, 0.0, 1.0, 1.0, 0.0, 1.0, 0.0, 1.0, 1.0, 0.0, 0.0, 0.0, 1.0, 0.0, 1.0, 0.0, 0.0, 0.0, 1.0, 0.0, 0.0, 1.0, 1.0, 0.0, 0.0, 0.0, 1.0, 1.0, 0.0, 1.0, 0.0, 1.0, 1.0, 1.0, 0.0, 0.0, 1.0, 1.0, 1.0, 1.0, 1.0, 1.0, 0.0, 1.0, 0.0, 0.0, 0.0, 0.0, 1.0, 1.0, 1.0, 1.0, 0.0, 1.0, 1.0, 1.0, 1.0, 1.0, 0.0, 0.0, 0.0, 0.0, 1.0, 1.0, 0.0, 0.0, 0.0, 0.0, 0.0, 1.0, 1.0, 1.0, 0.0, 1.0, 1.0, 0.0, 1.0, 1.0, 1.0, 0.0, 1.0, 1.0, 0.0, 0.0, 0.0, 0.0, 1.0, 1.0, 0.0, 0.0, 0.0, 0.0, 1.0, 0.0, 0.0, 1.0, 1.0, 0.0, 0.0, 1.0, 0.0, 0.0, 0.0, 0.0, 1.0, 0.0, 0.0, 0.0, 0.0, 1.0, 0.0, 1.0, 0.0, 1.0, 0.0, 1.0, 1.0, 0.0, 1.0, 1.0, 0.0, 1.0, 0.0, 1.0, 1.0, 0.0, 0.0, 0.0, 0.0, 0.0, 1.0, 0.0, 0.0, 0.0, 1.0, 0.0, 0.0, 1.0, 1.0, 1.0, 1.0, 1.0, 0.0, 1.0, 0.0, 0.0, 1.0, 1.0, 1.0, 0.0, 1.0, 0.0, 0.0, 0.0, 1.0, 1.0, 1.0, 1.0, 1.0, 1.0, 0.0, 1.0, 0.0, 0.0, 1.0, 1.0, 0.0, 1.0, 1.0, 1.0, 0.0, 1.0, 1.0, 1.0, 1.0, 1.0, 1.0, 1.0, 1.0, 0.0, 1.0, 1.0, 1.0, 0.0, 1.0, 1.0, 1.0, 1.0, 0.0, 0.0, 1.0, 0.0, 0.0, 1.0, 1.0, 1.0, 0.0, 0.0, 0.0, 0.0, 1.0, 0.0, 1.0, 0.0, 1.0, 1.0, 1.0, 0.0, 0.0, 1.0, 1.0, 0.0, 1.0, 0.0, 1.0, 1.0, 0.0, 0.0, 1.0, 0.0, 1.0, 0.0, 0.0, 1.0, 0.0, 0.0, 1.0, 0.0, 1.0, 1.0, 1.0, 1.0, 0.0, 1.0, 0.0, 0.0, 0.0, 0.0, 0.0, 1.0, 1.0, 0.0, 1.0, 0.0, 0.0, 1.0, 1.0, 1.0, 1.0, 0.0, 0.0, 0.0, 0.0, 0.0, 1.0, 0.0, 1.0, 1.0, 1.0, 1.0, 0.0, 0.0, 1.0, 0.0, 1.0, 1.0, 0.0, 1.0, 1.0, 1.0, 0.0, 0.0, 0.0, 1.0, 1.0, 0.0, 1.0, 1.0, 1.0, 1.0, 1.0, 1.0, 0.0, 0.0, 1.0, 0.0, 0.0, 1.0, 1.0, 1.0, 0.0, 0.0, 0.0, 1.0, 0.0, 1.0, 0.0, 1.0, 0.0, 0.0, 0.0, 0.0, 0.0, 0.0, 0.0, 0.0, 0.0, 1.0, 1.0, 1.0, 1.0, 1.0, 1.0, 0.0, 0.0, 1.0, 1.0, 1.0, 0.0, 1.0, 0.0, 1.0, 0.0, 1.0, 0.0, 0.0, 1.0, 0.0, 0.0, 1.0, 0.0, 1.0, 0.0, 0.0, 0.0, 1.0, 0.0, 0.0, 1.0, 1.0, 0.0, 0.0, 0.0, 1.0, 0.0, 0.0, 0.0, 1.0, 1.0, 0.0, 0.0, 0.0, 0.0, 1.0, 0.0, 1.0, 1.0, 0.0, 1.0, 1.0, 0.0, 0.0, 0.0, 1.0, 0.0, 1.0, 0.0, 0.0, 1.0, 0.0, 1.0, 1.0, 1.0, 0.0, 1.0, 1.0, 0.0, 0.0, 0.0, 1.0, 1.0, 0.0, 1.0, 0.0, 1.0, 1.0, 0.0, 0.0, 1.0, 1.0, 1.0, 1.0, 0.0, 0.0, 0.0, 1.0, 0.0, 0.0, 0.0, 0.0, 0.0, 1.0, 0.0, 1.0, 0.0, 0.0, 1.0, 0.0, 0.0, 1.0, 1.0, 0.0, 1.0, 1.0, 0.0, 0.0, 0.0, 0.0, 1.0, 0.0, 0.0, 1.0, 0.0, 0.0, 1.0, 1.0, 1.0, 1.0, 0.0, 1.0, 1.0, 0.0, 1.0, 0.0, 1.0, 1.0, 1.0, 1.0, 0.0, 1.0, 1.0, 0.0, 0.0, 0.0, 1.0, 0.0, 1.0, 0.0, 0.0, 1.0, 1.0, 1.0, 1.0, 0.0, 0.0, 1.0, 0.0, 1.0, 0.0, 1.0, 0.0, 1.0, 1.0, 1.0, 0.0, 1.0, 0.0, 1.0, 1.0, 0.0, 1.0, 1.0, 1.0, 0.0, 0.0, 1.0, 0.0, 0.0, 0.0, 1.0, 1.0, 1.0, 0.0, 0.0, 0.0, 1.0, 0.0, 0.0, 0.0, 1.0, 1.0, 0.0, 1.0, 1.0, 0.0, 0.0, 1.0, 1.0, 1.0, 1.0, 0.0, 0.0, 1.0, 0.0, 1.0, 1.0, 0.0, 1.0, 1.0, 0.0, 1.0, 0.0, 1.0, 0.0, 1.0, 1.0, 1.0, 1.0, 0.0, 1.0, 0.0, 1.0, 1.0, 0.0, 1.0, 0.0, 0.0, 1.0, 0.0, 1.0, 0.0, 1.0, 0.0, 0.0, 1.0, 1.0, 0.0, 0.0, 0.0, 1.0, 0.0, 0.0, 0.0, 1.0, 1.0, 0.0, 0.0, 0.0, 1.0, 0.0, 0.0, 1.0, 0.0, 0.0, 0.0, 0.0, 1.0, 1.0, 0.0, 0.0, 1.0, 1.0, 1.0, 0.0, 1.0, 1.0, 1.0, 0.0, 0.0, 0.0, 1.0, 0.0, 1.0, 0.0, 0.0, 0.0, 0.0, 1.0, 0.0, 1.0, 1.0, 0.0, 0.0, 1.0, 0.0, 0.0, 1.0, 1.0, 1.0, 1.0, 1.0, 0.0, 1.0, 1.0, 1.0, 1.0, 1.0, 1.0, 1.0, 1.0, 1.0, 0.0, 0.0, 0.0, 1.0, 1.0, 0.0, 0.0, 0.0, 0.0, 0.0, 0.0, 1.0, 0.0, 1.0, 0.0, 0.0, 0.0, 0.0, 1.0, 0.0, 0.0, 1.0, 1.0, 1.0, 1.0, 0.0, 0.0, 1.0, 0.0, 0.0, 0.0, 1.0, 1.0, 0.0, 1.0, 0.0, 1.0, 1.0, 1.0, 0.0, 1.0, 1.0, 1.0, 1.0, 1.0, 1.0, 1.0, 1.0, 0.0, 0.0, 1.0, 1.0, 0.0, 0.0, 0.0, 1.0, 1.0, 1.0, 0.0, 1.0, 0.0, 1.0, 0.0, 0.0, 1.0, 1.0, 1.0, 1.0, 0.0, 0.0, 0.0, 1.0, 0.0, 0.0, 1.0, 0.0, 1.0, 0.0, 0.0, 1.0, 0.0, 1.0, 1.0, 1.0, 0.0, 0.0, 1.0, 1.0, 1.0, 1.0, 1.0, 1.0, 1.0, 1.0, 0.0, 1.0, 1.0, 0.0, 1.0, 1.0, 1.0, 1.0, 0.0, 0.0, 1.0, 0.0, 0.0, 1.0, 0.0, 0.0, 1.0, 1.0, 0.0, 1.0, 1.0, 0.0, 0.0, 0.0, 0.0, 0.0, 1.0, 1.0, 1.0, 1.0, 0.0, 1.0, 1.0, 1.0, 1.0, 1.0, 1.0, 1.0, 1.0, 0.0, 0.0, 1.0, 1.0, 0.0, 0.0, 1.0, 0.0, 0.0, 1.0, 0.0, 0.0, 1.0, 0.0, 1.0, 1.0, 0.0, 1.0, 1.0, 1.0, 1.0, 0.0, 0.0, 1.0, 0.0, 0.0, 1.0, 0.0, 1.0, 0.0, 1.0, 1.0, 0.0, 1.0, 0.0, 0.0, 1.0, 1.0, 0.0, 1.0, 0.0, 1.0, 1.0, 0.0, 1.0, 0.0, 1.0, 0.0, 0.0, 0.0, 0.0, 1.0, 1.0, 0.0, 0.0, 1.0, 0.0, 0.0, 0.0, 1.0, 1.0, 0.0, 1.0, 0.0, 0.0, 0.0, 0.0, 1.0, 0.0, 0.0, 1.0, 0.0, 1.0, 0.0, 1.0, 0.0, 1.0, 0.0, 1.0, 1.0, 1.0, 1.0, 1.0, 0.0, 1.0, 0.0, 1.0, 0.0, 1.0, 1.0, 0.0, 1.0, 0.0, 1.0, 1.0, 0.0, 0.0, 0.0, 1.0, 1.0, 1.0, 0.0, 0.0, 0.0, 0.0, 1.0, 1.0, 0.0, 1.0, 0.0, 1.0, 1.0, 0.0, 0.0, 0.0, 1.0, 0.0, 1.0, 0.0, 1.0, 1.0, 0.0, 0.0, 0.0, 1.0, 1.0, 1.0, 1.0, 0.0, 0.0, 0.0, 1.0, 0.0, 0.0, 1.0, 1.0, 1.0, 0.0, 0.0, 0.0, 1.0, 1.0, 0.0, 0.0, 1.0, 0.0, 0.0, 0.0, 1.0, 0.0, 1.0, 0.0, 1.0, 1.0, 0.0, 1.0, 1.0, 0.0, 0.0, 1.0, 1.0, 0.0, 0.0, 0.0, 1.0, 0.0, 0.0, 0.0, 1.0, 0.0, 0.0, 0.0, 1.0, 1.0, 0.0, 0.0, 1.0, 0.0, 1.0, 1.0, 1.0, 1.0, 1.0, 0.0, 0.0, 0.0, 0.0, 1.0, 0.0, 0.0, 1.0, 1.0, 1.0, 0.0, 0.0, 1.0, 1.0, 1.0, 1.0, 0.0, 1.0, 0.0, 0.0, 1.0, 0.0, 0.0, 0.0, 0.0, 0.0, 0.0, 0.0, 1.0, 1.0, 1.0, 0.0, 1.0, 0.0, 0.0, 0.0, 1.0, 0.0, 1.0, 0.0, 0.0, 1.0, 0.0, 0.0, 1.0, 1.0, 0.0, 0.0, 0.0, 1.0, 0.0, 1.0, 0.0, 1.0, 0.0, 1.0, 0.0, 0.0, 1.0, 0.0, 1.0, 1.0, 1.0, 0.0, 1.0, 0.0, 0.0, 0.0, 1.0, 1.0, 1.0, 1.0, 1.0, 0.0, 1.0, 1.0, 0.0, 0.0, 0.0, 1.0, 0.0, 0.0, 0.0, 1.0, 0.0, 1.0, 0.0, 1.0, 0.0, 0.0, 0.0, 1.0, 0.0, 0.0, 0.0, 1.0, 0.0, 0.0, 1.0, 0.0, 1.0, 0.0, 0.0, 1.0, 1.0, 0.0, 1.0, 0.0, 0.0, 1.0, 1.0, 1.0, 0.0, 1.0, 0.0, 1.0, 1.0, 1.0, 0.0, 0.0, 1.0, 1.0, 0.0, 1.0, 1.0, 0.0, 0.0, 0.0, 0.0, 0.0, 0.0, 0.0, 0.0, 1.0, 0.0, 0.0, 1.0, 0.0, 0.0, 0.0, 0.0, 0.0, 0.0, 0.0, 1.0, 1.0, 0.0, 0.0, 1.0, 1.0, 0.0, 1.0, 0.0, 0.0, 0.0, 0.0, 0.0, 0.0, 0.0, 0.0, 0.0, 1.0, 1.0, 1.0, 1.0, 1.0, 1.0, 1.0, 0.0, 0.0, 0.0, 1.0, 0.0, 1.0, 1.0, 0.0, 0.0, 1.0, 1.0, 0.0, 0.0, 0.0, 0.0, 0.0, 1.0, 1.0, 1.0, 0.0, 0.0, 0.0, 0.0, 0.0, 0.0, 0.0, 1.0, 1.0, 0.0, 0.0, 1.0, 1.0, 0.0, 0.0, 1.0, 1.0, 1.0, 1.0, 0.0, 1.0, 0.0, 1.0, 0.0, 1.0, 1.0, 1.0, 1.0, 0.0, 0.0, 0.0, 1.0, 1.0, 1.0, 1.0, 1.0, 0.0, 1.0, 0.0, 0.0, 0.0, 1.0, 1.0, 1.0, 0.0, 0.0, 0.0, 1.0, 0.0, 0.0, 1.0, 0.0, 0.0, 0.0, 1.0, 0.0, 1.0, 1.0, 0.0, 0.0, 1.0, 0.0, 0.0, 0.0, 1.0, 0.0, 1.0, 0.0, 1.0, 0.0, 0.0, 1.0, 1.0, 1.0, 0.0, 1.0, 0.0, 1.0, 0.0, 1.0, 1.0, 1.0, 1.0, 1.0, 1.0, 0.0, 1.0, 1.0, 0.0, 1.0, 1.0, 1.0, 0.0, 0.0, 0.0, 1.0, 1.0, 0.0, 1.0, 1.0, 1.0, 1.0, 0.0, 1.0, 0.0, 0.0, 0.0, 0.0, 0.0, 1.0, 1.0, 1.0, 0.0, 0.0, 1.0, 0.0, 1.0, 1.0, 1.0, 0.0, 1.0, 1.0, 0.0, 1.0, 1.0, 1.0, 1.0, 1.0, 0.0, 1.0, 1.0, 0.0, 0.0, 1.0, 1.0, 1.0, 0.0, 0.0, 1.0, 0.0, 0.0, 0.0, 0.0, 0.0, 1.0, 0.0, 1.0, 1.0, 1.0, 1.0, 1.0, 0.0, 0.0, 1.0, 0.0, 1.0, 1.0, 0.0, 1.0, 0.0, 0.0, 1.0, 0.0, 0.0, 0.0, 0.0, 1.0, 1.0, 0.0, 0.0, 0.0, 1.0, 0.0, 0.0, 0.0, 0.0, 0.0, 0.0, 0.0, 0.0, 1.0, 0.0, 1.0, 0.0, 0.0, 1.0, 1.0, 1.0, 1.0, 1.0, 0.0, 1.0, 1.0, 0.0, 0.0, 1.0, 0.0, 1.0, 0.0, 0.0, 0.0, 1.0, 1.0, 1.0, 0.0, 0.0, 0.0, 1.0, 0.0, 1.0, 1.0, 1.0, 0.0, 1.0, 0.0, 1.0, 0.0, 1.0, 1.0, 0.0, 0.0, 0.0, 0.0, 0.0, 0.0, 0.0, 1.0, 0.0, 0.0, 1.0, 0.0, 1.0, 1.0, 1.0, 0.0, 1.0, 0.0, 1.0, 1.0, 0.0, 0.0, 0.0, 1.0, 0.0, 0.0, 1.0, 0.0, 1.0, 1.0, 0.0, 1.0, 1.0, 0.0, 0.0, 1.0, 1.0, 0.0, 1.0, 0.0, 1.0, 0.0, 1.0, 0.0, 0.0, 0.0, 0.0, 0.0, 0.0, 0.0, 1.0, 0.0, 0.0, 0.0, 0.0, 1.0, 0.0, 0.0, 0.0, 1.0, 1.0, 1.0, 0.0, 1.0, 1.0, 1.0, 1.0, 1.0, 0.0, 0.0, 1.0, 1.0, 0.0, 0.0, 1.0, 0.0, 0.0, 0.0, 1.0, 1.0, 1.0, 1.0, 1.0, 0.0, 0.0, 1.0, 0.0, 0.0, 0.0, 0.0, 0.0, 0.0, 0.0, 0.0, 1.0, 1.0, 1.0, 1.0, 1.0, 0.0, 1.0, 0.0, 1.0, 0.0, 1.0, 1.0, 0.0, 0.0, 0.0, 1.0, 0.0, 0.0, 1.0, 1.0, 0.0, 1.0, 1.0, 0.0, 1.0, 1.0, 1.0, 1.0, 1.0, 1.0, 1.0, 1.0, 1.0, 1.0, 0.0, 0.0, 0.0, 1.0, 1.0, 1.0, 1.0, 0.0, 0.0, 1.0, 0.0, 0.0, 1.0, 1.0, 1.0, 1.0, 0.0, 0.0, 1.0, 1.0, 1.0, 0.0, 1.0, 1.0, 1.0, 0.0, 0.0, 0.0, 1.0, 1.0, 0.0, 1.0, 0.0, 0.0, 0.0, 0.0, 0.0, 1.0, 1.0, 0.0, 1.0, 1.0, 1.0, 1.0, 1.0, 1.0, 1.0, 0.0, 1.0, 1.0, 0.0, 0.0, 1.0, 1.0, 0.0, 1.0, 1.0, 1.0, 1.0, 0.0, 0.0, 1.0, 1.0, 1.0, 0.0, 1.0, 1.0, 0.0, 1.0, 0.0, 1.0, 1.0, 0.0, 1.0, 1.0, 0.0, 1.0, 0.0, 1.0, 1.0, 0.0, 0.0, 0.0, 0.0, 1.0, 1.0, 1.0, 1.0, 1.0, 0.0, 0.0, 0.0, 1.0, 0.0, 1.0, 0.0, 1.0, 1.0, 0.0, 0.0, 1.0, 1.0, 1.0, 0.0, 1.0, 0.0, 1.0, 0.0, 1.0, 0.0, 1.0, 0.0, 0.0, 1.0, 1.0, 1.0, 1.0, 1.0, 1.0, 1.0, 1.0, 1.0, 0.0, 0.0, 1.0, 0.0, 1.0, 0.0, 0.0, 1.0, 0.0, 1.0, 0.0, 0.0, 1.0, 0.0, 1.0, 1.0, 1.0, 0.0, 1.0, 1.0, 0.0, 0.0, 0.0, 1.0, 0.0, 1.0, 1.0, 0.0, 0.0, 0.0, 0.0, 0.0, 0.0, 0.0, 0.0, 0.0, 1.0, 0.0, 0.0, 1.0, 1.0, 1.0, 0.0, 0.0, 0.0, 0.0, 0.0, 1.0, 1.0, 1.0, 1.0, 0.0, 1.0, 0.0, 1.0, 1.0, 0.0, 1.0, 1.0, 0.0, 0.0, 1.0, 0.0, 1.0, 0.0, 0.0, 0.0, 1.0, 0.0, 0.0, 1.0, 1.0, 1.0, 1.0, 0.0, 1.0, 1.0, 1.0, 1.0, 0.0, 0.0, 1.0, 1.0, 1.0, 1.0, 1.0, 0.0, 0.0, 0.0, 0.0, 0.0, 0.0, 1.0, 0.0, 1.0, 1.0, 1.0, 0.0, 0.0, 1.0, 0.0, 0.0, 0.0, 1.0, 1.0, 1.0, 1.0, 1.0, 0.0, 0.0, 1.0, 1.0, 0.0, 0.0, 1.0, 0.0, 1.0, 1.0, 1.0, 1.0, 1.0, 1.0, 0.0, 1.0, 1.0, 0.0, 0.0, 0.0, 1.0, 1.0, 1.0, 0.0, 1.0, 0.0, 1.0, 1.0, 1.0, 1.0, 0.0, 0.0, 0.0, 1.0, 0.0, 1.0, 1.0, 0.0, 0.0, 1.0, 1.0, 1.0, 1.0, 0.0, 1.0, 1.0, 1.0, 1.0, 1.0, 0.0, 0.0, 0.0, 1.0, 0.0, 0.0, 0.0, 0.0, 1.0, 1.0, 1.0, 0.0, 0.0, 0.0, 1.0, 0.0, 0.0, 0.0, 1.0, 1.0, 0.0, 0.0, 0.0, 0.0, 1.0, 1.0, 0.0, 0.0, 1.0, 0.0, 0.0, 0.0, 0.0, 1.0, 1.0, 0.0, 1.0, 0.0, 1.0, 0.0, 1.0, 1.0, 1.0, 0.0, 0.0, 1.0, 0.0, 1.0, 1.0, 0.0, 1.0, 1.0, 0.0, 0.0, 0.0, 0.0, 1.0, 0.0, 0.0, 1.0]","['lNONHSAG000130', 'lNONHSAG000374', 'lNONHSAG000579', 'lNONHSAG000625', 'lNONHSAG001284', 'lNONHSAG001360', 'lNONHSAG001448', 'lNONHSAG001941', 'lNONHSAG002086', 'lNONHSAG003134', 'lNONHSAG003884', 'lNONHSAG003886', 'lNONHSAG005339', 'lNONHSAG005403', 'lNONHSAG005699', 'lNONHSAG005866', 'lNONHSAG006071', 'lNONHSAG006474', 'lNONHSAG006865', 'lNONHSAG006945', 'lNONHSAG007868', 'lNONHSAG008199', 'lNONHSAG008675', 'lNONHSAG009747', 'lNONHSAG009989', 'lNONHSAG010194', 'lNONHSAG010798', 'lNONHSAG011446', 'lNONHSAG011633', 'lNONHSAG012476', 'lNONHSAG013431', 'lNONHSAG014730', 'lNONHSAG016068', 'lNONHSAG016741', 'lNONHSAG017890', 'lNONHSAG017899', 'lNONHSAG018058', 'lNONHSAG018415', 'lNONHSAG018530', 'lNONHSAG020153', 'lNONHSAG020339', 'lNONHSAG020600', 'lNONHSAG020731', 'lNONHSAG020771', 'lNONHSAG021307', 'lNONHSAG021315', 'lNONHSAG021347', 'lNONHSAG021471', 'lNONHSAG021878', 'lNONHSAG022078', 'lNONHSAG022110', 'lNONHSAG022378', 'lNONHSAG022750', 'lNONHSAG022888', 'lNONHSAG023003', 'lNONHSAG023614', 'lNONHSAG023930', 'lNONHSAG024340', 'lNONHSAG024395', 'lNONHSAG024681', 'lNONHSAG024809', 'lNONHSAG024903', 'lNONHSAG025319', 'lNONHSAG025609', 'lNONHSAG025743', 'lNONHSAG026274', 'lNONHSAG026661', 'lNONHSAG026737', 'lNONHSAG027421', 'lNONHSAG027675', 'lNONHSAG028093', 'lNONHSAG028159', 'lNONHSAG028996', 'lNONHSAG029267', 'lNONHSAG029873', 'lNONHSAG029964', 'lNONHSAG030074', 'lNONHSAG031035', 'lNONHSAG031581', 'lNONHSAG032302', 'lNONHSAG033328', 'lNONHSAG033342', 'lNONHSAG033368', 'lNONHSAG033390', 'lNONHSAG033471', 'lNONHSAG033611', 'lNONHSAG034006', 'lNONHSAG034014', 'lNONHSAG034032', 'lNONHSAG035382', 'lNONHSAG035806', 'lNONHSAG036120', 'lNONHSAG036667', 'lNONHSAG036718', 'lNONHSAG036783', 'lNONHSAG038024', 'lNONHSAG038530', 'lNONHSAG038676', 'lNONHSAG040188', 'lNONHSAG040226', 'lNONHSAG040320', 'lNONHSAG040408', 'lNONHSAG040870', 'lNONHSAG041002', 'lNONHSAG041241', 'lNONHSAG041758', 'lNONHSAG041844', 'lNONHSAG041981', 'lNONHSAG042370', 'lNONHSAG042500', 'lNONHSAG042836', 'lNONHSAG044751', 'lNONHSAG046953', 'lNONHSAG047191', 'lNONHSAG047319', 'lNONHSAG047433', 'lNONHSAG047471', 'lNONHSAG047792', 'lNONHSAG047842', 'lNONHSAG048228', 'lNONHSAG049119', 'lNONHSAG049191', 'lNONHSAG049356', 'lNONHSAG049655', 'lNONHSAG050445', 'lNONHSAG050493', 'lNONHSAG050518', 'lNONHSAG050985', 'lNONHSAG051015', 'lNONHSAG051255', 'lNONHSAG051259', 'lNONHSAG051263', 'lNONHSAG051523', 'lNONHSAG051542', 'lNONHSAG052709', 'lNONHSAG052931', 'lNONHSAG053108', 'lNONHSAG053456', 'lNONHSAG053502', 'lNONHSAG053547', 'lNONHSAG053626', 'lNONHSAG053631', 'lNONHSAG053651', 'lNONHSAG054038', 'lNONHSAG054832', 'lNONHSAG073025', 'lNONHSAG082891', 'lNONHSAG089857', 'lNONHSAG099742', 'lNONHSAG101229', 'lENSG00000175061', 'lENSG00000227082', 'lENSG00000228526', 'lENSG00000233590', 'lENSG00000235535', 'lENSG00000250635', 'lENSG00000264672', 'lENSG00000284070', 'lBANCR', 'lHOTAIRM1', 'lJPX', 'lMCM3AP-AS1', 'lRMST', 'lSNHG16', 'lZFAS1', 'lCTD-2165H16.4', 'lKB-7G2.8', 'lRP11-550C4.6', 'lNONHSAG001008', 'lNONHSAG001147', 'lNONHSAG001419', 'lNONHSAG003881', 'lNONHSAG005725', 'lNONHSAG005821', 'lNONHSAG005847', 'lNONHSAG005851', 'lNONHSAG005855', 'lNONHSAG005859', 'lNONHSAG005862', 'lNONHSAG005935', 'lNONHSAG006160', 'lNONHSAG006240', 'lNONHSAG006748', 'lNONHSAG006915', 'lNONHSAG007023', 'lNONHSAG007029', 'lNONHSAG007063', 'lNONHSAG007224', 'lNONHSAG007458', 'lNONHSAG007544', 'lNONHSAG007587', 'lNONHSAG007621', 'lNONHSAG007932', 'lENSG00000203434', 'lENSG00000222032', 'lENSG00000224595', 'lENSG00000224655', 'lENSG00000225146', 'lENSG00000225334', 'lENSG00000226442', 'lENSG00000227459', 'lENSG00000227958', 'lENSG00000228231', 'lENSG00000228939', 'lENSG00000229345', 'lENSG00000231539', 'lENSG00000231760', 'lENSG00000231914', 'lENSG00000231953', 'lENSG00000232120', 'lENSG00000232252', 'lENSG00000233079', 'lENSG00000234318', 'lENSG00000234567', 'lENSG00000235011', 'lENSG00000236854', 'lENSG00000237200', 'lENSG00000237312', 'lENSG00000237520', 'lENSG00000237756', 'lENSG00000239593', 'lENSG00000244278', 'lENSG00000248172', 'lENSG00000249334', 'lENSG00000249451', 'lENSG00000250092', 'lENSG00000250541', 'lENSG00000250993', 'lENSG00000251283', 'lENSG00000253147', 'lENSG00000253643', 'lENSG00000253660', 'lENSG00000253851', 'lENSG00000254428', 'lENSG00000254574', 'lENSG00000254829', 'lENSG00000254842', 'lENSG00000254983', 'lENSG00000255462', 'lENSG00000255506', 'lENSG00000255572', 'lENSG00000255580', 'lENSG00000256226', 'lENSG00000256292', 'lENSG00000257022', 'lENSG00000257137', 'lENSG00000257235', 'lENSG00000257261', 'lENSG00000257527', 'lENSG00000257587', 'lENSG00000257750', 'lENSG00000257787', 'lENSG00000258234', 'lENSG00000258323', 'lENSG00000258390', 'lENSG00000259385', 'lENSG00000259432', 'lENSG00000259967', 'lENSG00000260720', 'lENSG00000261065', 'lENSG00000261066', 'lENSG00000261266', 'lENSG00000263080', 'lENSG00000263257', 'lENSG00000263335', 'lENSG00000263709', 'lENSG00000264016', 'lENSG00000264558', 'lENSG00000264595', 'lENSG00000265125', 'lENSG00000265265', 'lENSG00000265643', 'lENSG00000265739', 'lENSG00000266535', 'lENSG00000266538', 'lENSG00000266696', 'lENSG00000266985', 'lENSG00000266993', 'lENSG00000267364', 'lENSG00000267593', 'lENSG00000268015', 'lENSG00000272149', 'lENSG00000272642', 'lENSG00000273271', 'lENSG00000274561', 'lENSG00000275345', 'lENSG00000276527', 'lENSG00000278630', 'lENSG00000279501', 'lENSG00000284418', 'lENSG00000285524', 'lENSG00000285619', 'lENSG00000285709', 'lENSG00000286188', 'lENSG00000286197', 'lENSG00000286206', 'lENSG00000286244', 'lENSG00000286303', 'lENSG00000286338', 'lENSG00000286578', 'lENSG00000286690', 'lENSG00000286751', 'lENSG00000286781', 'lENSG00000286963', 'lENSG00000287108', 'lENSG00000287335', 'lENSG00000287367', 'lENSG00000287423', 'lENSG00000231616', 'lENSG00000235795', 'lENSG00000250670', 'lENSG00000250686', 'lENSG00000253766', 'lENSG00000255279', 'lENSG00000257603', 'lENSG00000259306', 'lENSG00000264660', 'lENSG00000267521', 'lENSG00000275232', 'lENSG00000279672', 'lENSG00000282887', 'lENSG00000235736', 'lALG13-AS1']","[1.0, 1.0, 0.0, 0.0, 0.0, 0.0, 1.0, 1.0, 1.0, 1.0, 1.0, 1.0, 1.0, 0.0, 1.0, 1.0, 0.0, 0.0, 0.0, 0.0, 1.0, 0.0, 0.0, 0.0, 1.0, 0.0, 1.0, 0.0, 0.0, 0.0, 0.0, 0.0, 1.0, 1.0, 1.0, 1.0, 0.0, 0.0, 1.0, 0.0, 0.0, 1.0, 1.0, 1.0, 1.0, 0.0, 1.0, 1.0, 1.0, 1.0, 1.0, 1.0, 1.0, 1.0, 0.0, 1.0, 0.0, 1.0, 1.0, 1.0, 1.0, 0.0, 0.0, 1.0, 1.0, 1.0, 1.0, 1.0, 0.0, 1.0, 0.0, 0.0, 1.0, 1.0, 1.0, 0.0, 1.0, 0.0, 1.0, 0.0, 0.0, 0.0, 0.0, 0.0, 0.0, 1.0, 0.0, 0.0, 1.0, 0.0, 1.0, 0.0, 0.0, 1.0, 1.0, 1.0, 0.0, 0.0, 0.0, 1.0, 1.0, 1.0, 1.0, 0.0, 1.0, 1.0, 0.0, 0.0, 0.0, 1.0, 1.0, 0.0, 0.0, 1.0, 1.0, 1.0, 1.0, 1.0, 1.0, 1.0, 1.0, 0.0, 0.0, 0.0, 0.0, 0.0, 1.0, 0.0, 1.0, 1.0, 0.0, 1.0, 1.0, 0.0, 0.0, 1.0, 1.0, 0.0, 0.0, 1.0, 0.0, 0.0, 1.0, 0.0, 0.0, 0.0, 0.0, 1.0, 0.0, 1.0, 0.0, 1.0, 0.0, 1.0, 1.0, 0.0, 0.0, 1.0, 0.0, 1.0, 1.0, 1.0, 0.0, 1.0, 1.0, 1.0, 1.0, 1.0, 0.0, 0.0, 1.0, 1.0, 1.0, 1.0, 0.0, 0.0, 0.0, 0.0, 1.0, 1.0, 1.0, 0.0, 0.0, 0.0, 0.0, 0.0, 0.0, 1.0, 1.0, 0.0, 0.0, 1.0, 1.0, 1.0, 0.0, 1.0, 0.0, 0.0, 0.0, 1.0, 0.0, 1.0, 1.0, 1.0, 0.0, 0.0, 0.0, 1.0, 1.0, 1.0, 0.0, 1.0, 1.0, 0.0, 1.0, 0.0, 0.0, 1.0, 1.0, 0.0, 0.0, 1.0, 0.0, 1.0, 1.0, 0.0, 1.0, 0.0, 1.0, 0.0, 0.0, 0.0, 1.0, 1.0, 1.0, 1.0, 1.0, 1.0, 0.0, 0.0, 1.0, 1.0, 1.0, 1.0, 0.0, 0.0, 0.0, 0.0, 1.0, 1.0, 0.0, 0.0, 0.0, 1.0, 0.0, 0.0, 0.0, 1.0, 0.0, 1.0, 0.0, 1.0, 1.0, 1.0, 0.0, 1.0, 0.0, 1.0, 0.0, 1.0, 0.0, 0.0, 0.0, 1.0, 0.0, 0.0, 0.0, 1.0, 1.0, 0.0, 0.0, 1.0, 1.0, 1.0, 0.0, 0.0, 0.0, 0.0, 1.0, 0.0, 0.0, 0.0, 0.0, 0.0, 0.0, 0.0, 0.0, 1.0, 1.0, 1.0, 1.0, 1.0, 0.0, 0.0, 1.0, 1.0, 1.0, 1.0, 0.0, 0.0, 0.0, 1.0, 1.0, 1.0, 1.0, 1.0, 0.0, 0.0, 0.0, 1.0, 0.0, 1.0, 1.0]","[1, 1, 1, 0, 0, 1, 0, 0, 1, 0, 0, 1, 1, 1, 1, 1, 1, 1, 0, 1, 1, 1, 1, 0, 1, 1, 0, 1, 0, 0, 0, 0, 0, 1, 1, 0, 1, 1, 0, 1, 0, 1, 0, 1, 1, 0, 1, 1, 0, 0, 1, 0, 1, 1, 1, 0, 1, 0, 0, 0, 0, 1, 0, 0, 1, 1, 1, 1, 0, 0, 0, 1, 0, 1, 0, 1, 0, 1, 1, 0, 0, 1, 1, 0, 0, 1, 0, 0, 0, 1, 0, 1, 1, 1, 0, 0, 0, 0, 1, 1, 0, 0, 1, 0, 0, 1, 0, 0, 1, 1, 0, 0, 1, 1, 0, 1, 1, 1, 1, 1, 0, 1, 0, 0, 0, 1, 1, 0, 1, 1, 0, 0, 1, 0, 1, 0, 1, 0, 1, 1, 0, 1, 0, 0, 0, 0, 1, 0, 0, 0, 1, 0, 1, 0, 0, 0, 0, 0, 1, 1, 1, 1, 0, 0, 0, 0, 0, 0, 1, 1, 1, 0, 1, 0, 0, 1, 0, 0, 0, 0, 1, 1, 1, 1, 1, 0, 0, 1, 1, 0, 0, 0, 0, 0, 1, 0, 1, 0, 1, 1, 1, 1, 0, 0, 1, 1, 0, 0, 1, 1, 0, 0, 1, 0, 0, 0, 1, 1, 0, 0, 0, 0, 1, 1, 1, 1, 0, 1, 0, 0, 1, 1, 0, 1, 1, 0, 1, 0, 0, 1, 0, 0, 0, 0, 0, 0, 0, 0, 0, 0, 1, 0, 1, 1, 0, 1, 0, 0, 0, 0, 0, 0, 1, 1, 0, 1, 1, 0, 0, 1, 0, 1, 0, 1, 0, 1, 0, 0, 1, 1, 1, 0, 1, 0, 0, 0, 0, 0, 0, 0, 1, 1, 0, 0, 1, 1, 1, 0, 0, 0, 0, 1, 0, 1, 0, 1, 0, 1, 1, 1, 1, 0, 1, 0, 0, 0, 0, 0, 1, 1, 0, 0, 0]","[0.02905003296114772, 0.2814413680001392, 0.1846893054796025, -0.31903814620599447, -0.29572050420799434, 0.10300739688848226, -0.06492084861414205, -0.10682498911745297, 0.0717818535513638, -0.05697305379751383, -0.022883958262000292, 0.13947644808209725, 0.004115817227833829, 0.17883112134935197, 0.059284977970811226, 0.1967318883780672, 0.20733292336806686, 0.06462639607036047, -0.005246060039246658, 0.32528026906029284, 0.012573172129605736, 0.18333176295713238, 0.6306911010817741, -0.09452511233426952, 0.10291909878648242, 0.47361665918017637, -0.28667573751267794, 0.1461109956357779, -0.11157513298630362, -0.19387044509446894, -0.004582906499756789, -0.08024606342126417, -0.05389170796931586, 0.0792156995864518, 0.005483391162452889, -0.13291321307587067, 0.0969032151211694, 0.13989691082096856, -0.11298069974759761, 0.06445500870371335, -0.036490623368250596, 0.06035423438136023, -0.559905467515519, 0.3855322182320092, 0.2327332800881935, -0.0505623676464767, 0.14398809216273045, 0.26828046100891834, -0.9020500793743343, -0.15888285074874509, 0.02433874750334064, -0.1825032214601171, 0.18624228993821867, 0.17462045742919174, 0.19024354354751816, -0.08661479265545025, 0.026086138579930362, -0.2564170400245397, -0.23924284325277745, -0.10840438635412453, -0.1567378652354391, 0.01997264860763026, -0.0653059547062741, -0.04960302460834198, 0.1725995990319168, 0.06463833756093373, 0.15265815827411744, 0.19938096473288647, -0.2046025074811807, -0.4227825734546494, -0.09386656443438268, 0.0703552018178536, -0.06772481765895633, 0.009956223139505282, -0.1926316236623814, 0.10017991352750089, -0.122452707509345, 0.3044651919383087, 0.0363485888883458, -0.4888362432938701, -0.1183359693696856, 0.10552829774308081, 0.045051293987915186, -0.03839557206259647, -0.09197155628238163, 0.20990524002531197, -0.0839267429014422, -0.05771964889182313, -0.008286574089460985, 0.27332806151751343, -0.18404438495606412, 0.17638026822605057, 0.15803314617991882, 0.07798975629909088, -0.6719718657917696, -0.16852748763861725, -0.21474586660242656, -0.002242165328815049, 0.31403443391114594, 0.09402301319355943, -0.09624473407408785, -0.16014805316941028, 0.0541359345693978, -0.25153628263094474, -0.008486849198054203, 0.8762174623629763, -0.185208314589263, -0.27579627273878293, 0.12835200078537257, 0.1456123027406887, -0.18973914168801953, -0.10962729757547562, 0.08519452597507582, 0.08416896825487485, -0.29803059982253066, 0.04057890633613803, 0.06278796800129827, 0.1211453175169156, 0.10174987242865308, 0.020431384686154686, -0.318134284402524, 0.06905598000285929, -1.5646797085520316, -0.11941421011082076, -0.03335130422523547, 0.14702229095968578, 0.06784877944355594, -0.08278726419598448, 0.025392029068873057, 0.269748918957608, -0.03215895579806072, -0.21148523954253895, 0.0299862582968492, -0.19944161871763433, 0.03854139573116144, -0.29854121347741425, 0.1111961223516923, -0.1136374593051942, 0.17941514638580658, 0.1248832880035996, -0.04596251669609919, 0.09961285868266267, -0.1494356266572462, -0.0433486581648973, -0.27057459216744795, -0.11091599269964425, 0.11431839319697212, -0.07498902389226514, -0.07575557635961216, -0.0576512106413537, 0.12225432193717312, -0.13219306908309092, 0.004460567405885185, -0.1815149232182579, -0.14272595786124553, -0.14532793347368556, -0.0956134114543824, -0.1988277401917996, 0.694438939460681, 0.16420394877645295, 0.10663853049535932, 0.7420296617550809, -0.15646347240604064, -0.2598213495612681, -0.08837527509043552, -0.3558479244768128, -0.09616616077590712, -0.057199919573252545, 0.424716688446796, 0.043119602269979906, 0.10375646596135668, -0.06966393567773521, 0.03648498273991352, -0.0069620899346768406, -0.07315594916935508, 0.008802666162261885, -0.009482728912872163, -0.05978839280354242, -0.013511688264632782, -0.3068896779846787, 0.1436518290436547, 0.016540874114462922, 0.28381528774385545, 0.07065422952783906, 0.04775853615610559, -0.22851074635935176, -0.23438661999988197, 0.3731421761941819, 0.20957393256822543, -0.05334156269746748, -0.1333152751869756, -0.07726483257338101, -0.05946369180791378, -0.11051138396494287, 0.017020622517822104, -0.11878343212943376, 0.11332556695421248, -0.13745932839440178, 0.14063188667463622, 0.1810131352295551, 0.15180929113601438, 0.4078119401370598, -0.12862489682814326, -0.09838218212541838, 0.1493789784590559, 0.08246454183184448, -0.08870312200023511, -0.20266303748730208, 0.08057325028247442, 0.06498483790992837, -0.01309045962696287, -0.08866583583545007, 0.06535406468082205, -0.5663882354741668, -0.04700325825462548, -0.27955480316111425, 0.05805202425410927, 0.06183223962449291, -0.17856317734428873, -0.11196061948017422, -0.17960115178333658, -0.060689649552334246, 0.03386969463197198, 0.11733260359425424, 0.2969466955184282, 0.21592112279392894, -0.14743038315968404, 0.007205617829053934, -0.13669712491423047, -0.19802006683668572, 0.05526325279599875, 0.02459905353183467, -0.28332628009578775, 0.02522257887214374, 0.17675486209952085, -0.1179895248142101, 0.12634892511441487, -0.012434070747279535, -0.03144768114771834, 0.1763774951510898, -0.09811241015217276, -0.0023884830954591374, -0.1135727673971273, -0.1733950529898186, -0.08862739956309851, -0.07400132623250377, -0.12599753119173818, -0.16461546402836247, -0.0019241087852416294, -0.10887354358683743, 0.18144804380428725, -0.28076535564629224, 0.07993874351282437, 0.21268777131975847, -0.11636341208529599, 0.4654034616199064, -0.09092307335470784, -0.061281465940128066, -0.25857898832963555, -0.7441512026130092, -0.06959439487207908, -0.062334610051842376, 0.000854904961921199, 0.10151733073470603, -0.011629311517236673, 0.23155812838627676, 0.419639875500159, -0.1246722984149985, -0.012665090425305281, 0.024344878063146225, -0.027825349119578235, 0.2896928185821833, -0.06100955486804216, 0.2611555125098318, -0.09862296093408729, 0.19927751307449115, -0.5159532881155956, -0.021139189650619117, 0.17090433142639527, 0.1279737088327243, 0.18381784540236212, -0.18101667714598213, 0.11765594825735393, -0.25889947553967885, -0.5279974413153786, -0.1256662006681909, -0.2707574515232777, -0.2707222623853843, -0.1909996889546589, -0.28234448186097494, 0.09243383824969642, 0.15351398754546197, -0.14653092128624634, -0.33188586283350985, 0.5521093573373038, 0.09200720665063267, 0.08577271778511475, -0.03968749411854999, -0.24003435842019505, -0.27752196034729926, -0.03681904573563399, 0.12299405253576923, -0.214810319573021, 0.20948894009272168, -0.30332667714419925, 0.08265266124724435, -0.10228043524425401, 0.09516584301295461, 0.14184920194911876, 0.041831824626388125, 0.024597382930582667, -0.012626862910757652, 0.11742065213100916, -0.12335044011140595, -0.044054936203997586, -0.15119972828904393, -0.3256244289379554, -0.0775732591939301, 0.23712653847908827, 0.1210894166648705, -0.014500328874204826, -0.19363105008790404, -0.04505839935588141]"
10,"['lNONHSAG000008', 'lNONHSAG000059', 'lNONHSAG000069', 'lNONHSAG000130', 'lNONHSAG000158', 'lNONHSAG000195', 'lNONHSAG000241', 'lNONHSAG000253', 'lNONHSAG000310', 'lNONHSAG000311', 'lNONHSAG000374', 'lNONHSAG000381', 'lNONHSAG000464', 'lNONHSAG000484', 'lNONHSAG000498', 'lNONHSAG000579', 'lNONHSAG000584', 'lNONHSAG000603', 'lNONHSAG000625', 'lNONHSAG000742', 'lNONHSAG000840', 'lNONHSAG000843', 'lNONHSAG000863', 'lNONHSAG000884', 'lNONHSAG000918', 'lNONHSAG000938', 'lNONHSAG000967', 'lNONHSAG001142', 'lNONHSAG001172', 'lNONHSAG001238', 'lNONHSAG001247', 'lNONHSAG001259', 'lNONHSAG001284', 'lNONHSAG001360', 'lNONHSAG001375', 'lNONHSAG001448', 'lNONHSAG001468', 'lNONHSAG001499', 'lNONHSAG001513', 'lNONHSAG001696', 'lNONHSAG001724', 'lNONHSAG001773', 'lNONHSAG001837', 'lNONHSAG001941', 'lNONHSAG001993', 'lNONHSAG002056', 'lNONHSAG002058', 'lNONHSAG002086', 'lNONHSAG002134', 'lNONHSAG002135', 'lNONHSAG002343', 'lNONHSAG002359', 'lNONHSAG002376', 'lNONHSAG002378', 'lNONHSAG002454', 'lNONHSAG002490', 'lNONHSAG002549', 'lNONHSAG002617', 'lNONHSAG002669', 'lNONHSAG002701', 'lNONHSAG002719', 'lNONHSAG002752', 'lNONHSAG002859', 'lNONHSAG002883', 'lNONHSAG002978', 'lNONHSAG003053', 'lNONHSAG003056', 'lNONHSAG003068', 'lNONHSAG003074', 'lNONHSAG003077', 'lNONHSAG003119', 'lNONHSAG003134', 'lNONHSAG003156', 'lNONHSAG003198', 'lNONHSAG003244', 'lNONHSAG003260', 'lNONHSAG003269', 'lNONHSAG003303', 'lNONHSAG003374', 'lNONHSAG003504', 'lNONHSAG003505', 'lNONHSAG003512', 'lNONHSAG003645', 'lNONHSAG003820', 'lNONHSAG003874', 'lNONHSAG003884', 'lNONHSAG003886', 'lNONHSAG003900', 'lNONHSAG003911', 'lNONHSAG003912', 'lNONHSAG003938', 'lNONHSAG003976', 'lNONHSAG004013', 'lNONHSAG004054', 'lNONHSAG004095', 'lNONHSAG004247', 'lNONHSAG004303', 'lNONHSAG004373', 'lNONHSAG004619', 'lNONHSAG004673', 'lNONHSAG004674', 'lNONHSAG004714', 'lNONHSAG004743', 'lNONHSAG004779', 'lNONHSAG004868', 'lNONHSAG005084', 'lNONHSAG005153', 'lNONHSAG005339', 'lNONHSAG005377', 'lNONHSAG005403', 'lNONHSAG005482', 'lNONHSAG005669', 'lNONHSAG005699', 'lNONHSAG005711', 'lNONHSAG005721', 'lNONHSAG005732', 'lNONHSAG005742', 'lNONHSAG005780', 'lNONHSAG005838', 'lNONHSAG005866', 'lNONHSAG005920', 'lNONHSAG006007', 'lNONHSAG006050', 'lNONHSAG006054', 'lNONHSAG006071', 'lNONHSAG006163', 'lNONHSAG006204', 'lNONHSAG006212', 'lNONHSAG006238', 'lNONHSAG006301', 'lNONHSAG006341', 'lNONHSAG006362', 'lNONHSAG006454', 'lNONHSAG006457', 'lNONHSAG006474', 'lNONHSAG006477', 'lNONHSAG006526', 'lNONHSAG006678', 'lNONHSAG006692', 'lNONHSAG006735', 'lNONHSAG006756', 'lNONHSAG006763', 'lNONHSAG006772', 'lNONHSAG006865', 'lNONHSAG006945', 'lNONHSAG006966', 'lNONHSAG007109', 'lNONHSAG007295', 'lNONHSAG007324', 'lNONHSAG007384', 'lNONHSAG007434', 'lNONHSAG007455', 'lNONHSAG007463', 'lNONHSAG007487', 'lNONHSAG007538', 'lNONHSAG007602', 'lNONHSAG007631', 'lNONHSAG007692', 'lNONHSAG007708', 'lNONHSAG007715', 'lNONHSAG007868', 'lNONHSAG007961', 'lNONHSAG007983', 'lNONHSAG007984', 'lNONHSAG008015', 'lNONHSAG008037', 'lNONHSAG008056', 'lNONHSAG008167', 'lNONHSAG008199', 'lNONHSAG008220', 'lNONHSAG008354', 'lNONHSAG008517', 'lNONHSAG008540', 'lNONHSAG008552', 'lNONHSAG008615', 'lNONHSAG008654', 'lNONHSAG008675', 'lNONHSAG008693', 'lNONHSAG008726', 'lNONHSAG008728', 'lNONHSAG008759', 'lNONHSAG008859', 'lNONHSAG008937', 'lNONHSAG008966', 'lNONHSAG009021', 'lNONHSAG009124', 'lNONHSAG009130', 'lNONHSAG009133', 'lNONHSAG009174', 'lNONHSAG009180', 'lNONHSAG009193', 'lNONHSAG009228', 'lNONHSAG009544', 'lNONHSAG009546', 'lNONHSAG009613', 'lNONHSAG009636', 'lNONHSAG009728', 'lNONHSAG009747', 'lNONHSAG009755', 'lNONHSAG009757', 'lNONHSAG009782', 'lNONHSAG009913', 'lNONHSAG009938', 'lNONHSAG009945', 'lNONHSAG009950', 'lNONHSAG009968', 'lNONHSAG009989', 'lNONHSAG010021', 'lNONHSAG010117', 'lNONHSAG010179', 'lNONHSAG010184', 'lNONHSAG010186', 'lNONHSAG010189', 'lNONHSAG010190', 'lNONHSAG010193', 'lNONHSAG010194', 'lNONHSAG010200', 'lNONHSAG010348', 'lNONHSAG010352', 'lNONHSAG010405', 'lNONHSAG010416', 'lNONHSAG010543', 'lNONHSAG010658', 'lNONHSAG010716', 'lNONHSAG010792', 'lNONHSAG010798', 'lNONHSAG010940', 'lNONHSAG010986', 'lNONHSAG010989', 'lNONHSAG011028', 'lNONHSAG011057', 'lNONHSAG011070', 'lNONHSAG011084', 'lNONHSAG011090', 'lNONHSAG011121', 'lNONHSAG011125', 'lNONHSAG011211', 'lNONHSAG011230', 'lNONHSAG011264', 'lNONHSAG011337', 'lNONHSAG011343', 'lNONHSAG011439', 'lNONHSAG011446', 'lNONHSAG011518', 'lNONHSAG011524', 'lNONHSAG011576', 'lNONHSAG011633', 'lNONHSAG011658', 'lNONHSAG011790', 'lNONHSAG011854', 'lNONHSAG011870', 'lNONHSAG011935', 'lNONHSAG012025', 'lNONHSAG012076', 'lNONHSAG012077', 'lNONHSAG012099', 'lNONHSAG012297', 'lNONHSAG012303', 'lNONHSAG012339', 'lNONHSAG012367', 'lNONHSAG012375', 'lNONHSAG012423', 'lNONHSAG012476', 'lNONHSAG012505', 'lNONHSAG012534', 'lNONHSAG012540', 'lNONHSAG012549', 'lNONHSAG012555', 'lNONHSAG012594', 'lNONHSAG012614', 'lNONHSAG012617', 'lNONHSAG012791', 'lNONHSAG013005', 'lNONHSAG013060', 'lNONHSAG013095', 'lNONHSAG013098', 'lNONHSAG013109', 'lNONHSAG013388', 'lNONHSAG013431', 'lNONHSAG013475', 'lNONHSAG013515', 'lNONHSAG013534', 'lNONHSAG013568', 'lNONHSAG013708', 'lNONHSAG013730', 'lNONHSAG013790', 'lNONHSAG013809', 'lNONHSAG013912', 'lNONHSAG013917', 'lNONHSAG013940', 'lNONHSAG013942', 'lNONHSAG013944', 'lNONHSAG013946', 'lNONHSAG013954', 'lNONHSAG014098', 'lNONHSAG014112', 'lNONHSAG014130', 'lNONHSAG014267', 'lNONHSAG014289', 'lNONHSAG014332', 'lNONHSAG014362', 'lNONHSAG014372', 'lNONHSAG014373', 'lNONHSAG014381', 'lNONHSAG014496', 'lNONHSAG014502', 'lNONHSAG014562', 'lNONHSAG014591', 'lNONHSAG014672', 'lNONHSAG014679', 'lNONHSAG014730', 'lNONHSAG014890', 'lNONHSAG014914', 'lNONHSAG015044', 'lNONHSAG015163', 'lNONHSAG015215', 'lNONHSAG015234', 'lNONHSAG015352', 'lNONHSAG015417', 'lNONHSAG015454', 'lNONHSAG015461', 'lNONHSAG015505', 'lNONHSAG015591', 'lNONHSAG015623', 'lNONHSAG015692', 'lNONHSAG015723', 'lNONHSAG015787', 'lNONHSAG015788', 'lNONHSAG015961', 'lNONHSAG016021', 'lNONHSAG016068', 'lNONHSAG016118', 'lNONHSAG016199', 'lNONHSAG016307', 'lNONHSAG016395', 'lNONHSAG016403', 'lNONHSAG016486', 'lNONHSAG016487', 'lNONHSAG016576', 'lNONHSAG016611', 'lNONHSAG016618', 'lNONHSAG016623', 'lNONHSAG016733', 'lNONHSAG016741', 'lNONHSAG016749', 'lNONHSAG016771', 'lNONHSAG016822', 'lNONHSAG016893', 'lNONHSAG017020', 'lNONHSAG017060', 'lNONHSAG017232', 'lNONHSAG017238', 'lNONHSAG017288', 'lNONHSAG017344', 'lNONHSAG017347', 'lNONHSAG017349', 'lNONHSAG017376', 'lNONHSAG017377', 'lNONHSAG017379', 'lNONHSAG017417', 'lNONHSAG017486', 'lNONHSAG017504', 'lNONHSAG017567', 'lNONHSAG017783', 'lNONHSAG017882', 'lNONHSAG017890', 'lNONHSAG017899', 'lNONHSAG018054', 'lNONHSAG018058', 'lNONHSAG018180', 'lNONHSAG018203', 'lNONHSAG018313', 'lNONHSAG018322', 'lNONHSAG018326', 'lNONHSAG018341', 'lNONHSAG018344', 'lNONHSAG018372', 'lNONHSAG018374', 'lNONHSAG018414', 'lNONHSAG018415', 'lNONHSAG018416', 'lNONHSAG018417', 'lNONHSAG018420', 'lNONHSAG018461', 'lNONHSAG018530', 'lNONHSAG018621', 'lNONHSAG018635', 'lNONHSAG018656', 'lNONHSAG018659', 'lNONHSAG018707', 'lNONHSAG018709', 'lNONHSAG018711', 'lNONHSAG018829', 'lNONHSAG018889', 'lNONHSAG018893', 'lNONHSAG018903', 'lNONHSAG018980', 'lNONHSAG019003', 'lNONHSAG019012', 'lNONHSAG019014', 'lNONHSAG019021', 'lNONHSAG019023', 'lNONHSAG019031', 'lNONHSAG019049', 'lNONHSAG019051', 'lNONHSAG019079', 'lNONHSAG019090', 'lNONHSAG019115', 'lNONHSAG019134', 'lNONHSAG019158', 'lNONHSAG019221', 'lNONHSAG019270', 'lNONHSAG019332', 'lNONHSAG019370', 'lNONHSAG019439', 'lNONHSAG019493', 'lNONHSAG019569', 'lNONHSAG019613', 'lNONHSAG019670', 'lNONHSAG019711', 'lNONHSAG019813', 'lNONHSAG019814', 'lNONHSAG019848', 'lNONHSAG019878', 'lNONHSAG019898', 'lNONHSAG019967', 'lNONHSAG020053', 'lNONHSAG020066', 'lNONHSAG020068', 'lNONHSAG020091', 'lNONHSAG020107', 'lNONHSAG020153', 'lNONHSAG020155', 'lNONHSAG020218', 'lNONHSAG020223', 'lNONHSAG020252', 'lNONHSAG020260', 'lNONHSAG020273', 'lNONHSAG020274', 'lNONHSAG020277', 'lNONHSAG020278', 'lNONHSAG020281', 'lNONHSAG020298', 'lNONHSAG020304', 'lNONHSAG020307', 'lNONHSAG020312', 'lNONHSAG020321', 'lNONHSAG020325', 'lNONHSAG020339', 'lNONHSAG020367', 'lNONHSAG020372', 'lNONHSAG020374', 'lNONHSAG020403', 'lNONHSAG020474', 'lNONHSAG020476', 'lNONHSAG020600', 'lNONHSAG020616', 'lNONHSAG020729', 'lNONHSAG020731', 'lNONHSAG020755', 'lNONHSAG020759', 'lNONHSAG020762', 'lNONHSAG020771', 'lNONHSAG020869', 'lNONHSAG020957', 'lNONHSAG020990', 'lNONHSAG021042', 'lNONHSAG021072', 'lNONHSAG021307', 'lNONHSAG021309', 'lNONHSAG021315', 'lNONHSAG021335', 'lNONHSAG021342', 'lNONHSAG021347', 'lNONHSAG021370', 'lNONHSAG021390', 'lNONHSAG021400', 'lNONHSAG021408', 'lNONHSAG021410', 'lNONHSAG021431', 'lNONHSAG021432', 'lNONHSAG021433', 'lNONHSAG021471', 'lNONHSAG021557', 'lNONHSAG021566', 'lNONHSAG021567', 'lNONHSAG021584', 'lNONHSAG021638', 'lNONHSAG021641', 'lNONHSAG021698', 'lNONHSAG021760', 'lNONHSAG021780', 'lNONHSAG021820', 'lNONHSAG021846', 'lNONHSAG021874', 'lNONHSAG021878', 'lNONHSAG021882', 'lNONHSAG021893', 'lNONHSAG021976', 'lNONHSAG021981', 'lNONHSAG022009', 'lNONHSAG022030', 'lNONHSAG022058', 'lNONHSAG022078', 'lNONHSAG022088', 'lNONHSAG022094', 'lNONHSAG022103', 'lNONHSAG022110', 'lNONHSAG022125', 'lNONHSAG022127', 'lNONHSAG022162', 'lNONHSAG022311', 'lNONHSAG022327', 'lNONHSAG022328', 'lNONHSAG022335', 'lNONHSAG022339', 'lNONHSAG022378', 'lNONHSAG022495', 'lNONHSAG022510', 'lNONHSAG022595', 'lNONHSAG022597', 'lNONHSAG022655', 'lNONHSAG022690', 'lNONHSAG022743', 'lNONHSAG022750', 'lNONHSAG022806', 'lNONHSAG022836', 'lNONHSAG022845', 'lNONHSAG022851', 'lNONHSAG022888', 'lNONHSAG022893', 'lNONHSAG022965', 'lNONHSAG022972', 'lNONHSAG022980', 'lNONHSAG022982', 'lNONHSAG023003', 'lNONHSAG023049', 'lNONHSAG023051', 'lNONHSAG023073', 'lNONHSAG023175', 'lNONHSAG023237', 'lNONHSAG023387', 'lNONHSAG023392', 'lNONHSAG023494', 'lNONHSAG023512', 'lNONHSAG023553', 'lNONHSAG023579', 'lNONHSAG023598', 'lNONHSAG023607', 'lNONHSAG023614', 'lNONHSAG023630', 'lNONHSAG023633', 'lNONHSAG023635', 'lNONHSAG023661', 'lNONHSAG023740', 'lNONHSAG023837', 'lNONHSAG023864', 'lNONHSAG023885', 'lNONHSAG023888', 'lNONHSAG023930', 'lNONHSAG023964', 'lNONHSAG024141', 'lNONHSAG024146', 'lNONHSAG024171', 'lNONHSAG024224', 'lNONHSAG024244', 'lNONHSAG024282', 'lNONHSAG024332', 'lNONHSAG024340', 'lNONHSAG024341', 'lNONHSAG024354', 'lNONHSAG024361', 'lNONHSAG024362', 'lNONHSAG024364', 'lNONHSAG024381', 'lNONHSAG024393', 'lNONHSAG024395', 'lNONHSAG024428', 'lNONHSAG024542', 'lNONHSAG024637', 'lNONHSAG024668', 'lNONHSAG024671', 'lNONHSAG024676', 'lNONHSAG024681', 'lNONHSAG024741', 'lNONHSAG024809', 'lNONHSAG024810', 'lNONHSAG024818', 'lNONHSAG024826', 'lNONHSAG024903', 'lNONHSAG024913', 'lNONHSAG024921', 'lNONHSAG024923', 'lNONHSAG024925', 'lNONHSAG025011', 'lNONHSAG025137', 'lNONHSAG025157', 'lNONHSAG025185', 'lNONHSAG025319', 'lNONHSAG025352', 'lNONHSAG025483', 'lNONHSAG025485', 'lNONHSAG025609', 'lNONHSAG025712', 'lNONHSAG025743', 'lNONHSAG025864', 'lNONHSAG025865', 'lNONHSAG025867', 'lNONHSAG025934', 'lNONHSAG025939', 'lNONHSAG025964', 'lNONHSAG025997', 'lNONHSAG026053', 'lNONHSAG026089', 'lNONHSAG026091', 'lNONHSAG026103', 'lNONHSAG026153', 'lNONHSAG026176', 'lNONHSAG026205', 'lNONHSAG026274', 'lNONHSAG026364', 'lNONHSAG026386', 'lNONHSAG026575', 'lNONHSAG026599', 'lNONHSAG026631', 'lNONHSAG026661', 'lNONHSAG026720', 'lNONHSAG026737', 'lNONHSAG026743', 'lNONHSAG026781', 'lNONHSAG026794', 'lNONHSAG026852', 'lNONHSAG026854', 'lNONHSAG026856', 'lNONHSAG027017', 'lNONHSAG027075', 'lNONHSAG027110', 'lNONHSAG027276', 'lNONHSAG027278', 'lNONHSAG027323', 'lNONHSAG027342', 'lNONHSAG027421', 'lNONHSAG027482', 'lNONHSAG027598', 'lNONHSAG027675', 'lNONHSAG027682', 'lNONHSAG027692', 'lNONHSAG027694', 'lNONHSAG027709', 'lNONHSAG027837', 'lNONHSAG027876', 'lNONHSAG028045', 'lNONHSAG028083', 'lNONHSAG028093', 'lNONHSAG028112', 'lNONHSAG028141', 'lNONHSAG028142', 'lNONHSAG028159', 'lNONHSAG028403', 'lNONHSAG028713', 'lNONHSAG028720', 'lNONHSAG028817', 'lNONHSAG028820', 'lNONHSAG028857', 'lNONHSAG028870', 'lNONHSAG028913', 'lNONHSAG028918', 'lNONHSAG028948', 'lNONHSAG028996', 'lNONHSAG029033', 'lNONHSAG029080', 'lNONHSAG029124', 'lNONHSAG029267', 'lNONHSAG029312', 'lNONHSAG029336', 'lNONHSAG029377', 'lNONHSAG029467', 'lNONHSAG029668', 'lNONHSAG029792', 'lNONHSAG029830', 'lNONHSAG029873', 'lNONHSAG029880', 'lNONHSAG029933', 'lNONHSAG029956', 'lNONHSAG029957', 'lNONHSAG029958', 'lNONHSAG029959', 'lNONHSAG029961', 'lNONHSAG029962', 'lNONHSAG029964', 'lNONHSAG029965', 'lNONHSAG029985', 'lNONHSAG030074', 'lNONHSAG030113', 'lNONHSAG030129', 'lNONHSAG030244', 'lNONHSAG030258', 'lNONHSAG030278', 'lNONHSAG030279', 'lNONHSAG030304', 'lNONHSAG030333', 'lNONHSAG030410', 'lNONHSAG030487', 'lNONHSAG030516', 'lNONHSAG030582', 'lNONHSAG030583', 'lNONHSAG030739', 'lNONHSAG030742', 'lNONHSAG031025', 'lNONHSAG031035', 'lNONHSAG031123', 'lNONHSAG031385', 'lNONHSAG031425', 'lNONHSAG031452', 'lNONHSAG031456', 'lNONHSAG031481', 'lNONHSAG031563', 'lNONHSAG031565', 'lNONHSAG031581', 'lNONHSAG031584', 'lNONHSAG031636', 'lNONHSAG031696', 'lNONHSAG031853', 'lNONHSAG031900', 'lNONHSAG031913', 'lNONHSAG032063', 'lNONHSAG032126', 'lNONHSAG032247', 'lNONHSAG032297', 'lNONHSAG032302', 'lNONHSAG032309', 'lNONHSAG032312', 'lNONHSAG032537', 'lNONHSAG032560', 'lNONHSAG032664', 'lNONHSAG032682', 'lNONHSAG032735', 'lNONHSAG032737', 'lNONHSAG032748', 'lNONHSAG032750', 'lNONHSAG033027', 'lNONHSAG033061', 'lNONHSAG033100', 'lNONHSAG033105', 'lNONHSAG033107', 'lNONHSAG033121', 'lNONHSAG033170', 'lNONHSAG033216', 'lNONHSAG033224', 'lNONHSAG033254', 'lNONHSAG033263', 'lNONHSAG033266', 'lNONHSAG033298', 'lNONHSAG033328', 'lNONHSAG033334', 'lNONHSAG033342', 'lNONHSAG033348', 'lNONHSAG033352', 'lNONHSAG033368', 'lNONHSAG033386', 'lNONHSAG033390', 'lNONHSAG033435', 'lNONHSAG033459', 'lNONHSAG033471', 'lNONHSAG033480', 'lNONHSAG033589', 'lNONHSAG033611', 'lNONHSAG033645', 'lNONHSAG033691', 'lNONHSAG033716', 'lNONHSAG033735', 'lNONHSAG033748', 'lNONHSAG033810', 'lNONHSAG033862', 'lNONHSAG033896', 'lNONHSAG033898', 'lNONHSAG033899', 'lNONHSAG033937', 'lNONHSAG033940', 'lNONHSAG034006', 'lNONHSAG034014', 'lNONHSAG034021', 'lNONHSAG034032', 'lNONHSAG034316', 'lNONHSAG034417', 'lNONHSAG034418', 'lNONHSAG034492', 'lNONHSAG034508', 'lNONHSAG034676', 'lNONHSAG034678', 'lNONHSAG034845', 'lNONHSAG034846', 'lNONHSAG034935', 'lNONHSAG034973', 'lNONHSAG035096', 'lNONHSAG035103', 'lNONHSAG035287', 'lNONHSAG035382', 'lNONHSAG035456', 'lNONHSAG035531', 'lNONHSAG035568', 'lNONHSAG035806', 'lNONHSAG035919', 'lNONHSAG036047', 'lNONHSAG036054', 'lNONHSAG036115', 'lNONHSAG036120', 'lNONHSAG036255', 'lNONHSAG036263', 'lNONHSAG036273', 'lNONHSAG036403', 'lNONHSAG036407', 'lNONHSAG036412', 'lNONHSAG036413', 'lNONHSAG036612', 'lNONHSAG036615', 'lNONHSAG036667', 'lNONHSAG036718', 'lNONHSAG036783', 'lNONHSAG036866', 'lNONHSAG036922', 'lNONHSAG036926', 'lNONHSAG037025', 'lNONHSAG037061', 'lNONHSAG037072', 'lNONHSAG037073', 'lNONHSAG037080', 'lNONHSAG037082', 'lNONHSAG037083', 'lNONHSAG037096', 'lNONHSAG037137', 'lNONHSAG037146', 'lNONHSAG037164', 'lNONHSAG037241', 'lNONHSAG037348', 'lNONHSAG037420', 'lNONHSAG037559', 'lNONHSAG037827', 'lNONHSAG037891', 'lNONHSAG037936', 'lNONHSAG037946', 'lNONHSAG038001', 'lNONHSAG038024', 'lNONHSAG038060', 'lNONHSAG038091', 'lNONHSAG038162', 'lNONHSAG038343', 'lNONHSAG038344', 'lNONHSAG038397', 'lNONHSAG038502', 'lNONHSAG038530', 'lNONHSAG038561', 'lNONHSAG038578', 'lNONHSAG038663', 'lNONHSAG038675', 'lNONHSAG038676', 'lNONHSAG038682', 'lNONHSAG038836', 'lNONHSAG039037', 'lNONHSAG039038', 'lNONHSAG039147', 'lNONHSAG039293', 'lNONHSAG039295', 'lNONHSAG039319', 'lNONHSAG039617', 'lNONHSAG039620', 'lNONHSAG039634', 'lNONHSAG039637', 'lNONHSAG039654', 'lNONHSAG039664', 'lNONHSAG039669', 'lNONHSAG039749', 'lNONHSAG039872', 'lNONHSAG039951', 'lNONHSAG040179', 'lNONHSAG040188', 'lNONHSAG040226', 'lNONHSAG040320', 'lNONHSAG040329', 'lNONHSAG040408', 'lNONHSAG040481', 'lNONHSAG040542', 'lNONHSAG040544', 'lNONHSAG040560', 'lNONHSAG040601', 'lNONHSAG040692', 'lNONHSAG040700', 'lNONHSAG040729', 'lNONHSAG040804', 'lNONHSAG040859', 'lNONHSAG040870', 'lNONHSAG040945', 'lNONHSAG040958', 'lNONHSAG040976', 'lNONHSAG041002', 'lNONHSAG041017', 'lNONHSAG041023', 'lNONHSAG041241', 'lNONHSAG041250', 'lNONHSAG041256', 'lNONHSAG041257', 'lNONHSAG041480', 'lNONHSAG041528', 'lNONHSAG041529', 'lNONHSAG041592', 'lNONHSAG041670', 'lNONHSAG041707', 'lNONHSAG041716', 'lNONHSAG041758', 'lNONHSAG041844', 'lNONHSAG041883', 'lNONHSAG041938', 'lNONHSAG041981', 'lNONHSAG042033', 'lNONHSAG042050', 'lNONHSAG042062', 'lNONHSAG042080', 'lNONHSAG042132', 'lNONHSAG042138', 'lNONHSAG042218', 'lNONHSAG042257', 'lNONHSAG042270', 'lNONHSAG042306', 'lNONHSAG042307', 'lNONHSAG042370', 'lNONHSAG042433', 'lNONHSAG042476', 'lNONHSAG042491', 'lNONHSAG042500', 'lNONHSAG042722', 'lNONHSAG042724', 'lNONHSAG042836', 'lNONHSAG042957', 'lNONHSAG042966', 'lNONHSAG042970', 'lNONHSAG043159', 'lNONHSAG043229', 'lNONHSAG043250', 'lNONHSAG043303', 'lNONHSAG043433', 'lNONHSAG043550', 'lNONHSAG043625', 'lNONHSAG043657', 'lNONHSAG043770', 'lNONHSAG043851', 'lNONHSAG043934', 'lNONHSAG044022', 'lNONHSAG044041', 'lNONHSAG044064', 'lNONHSAG044283', 'lNONHSAG044406', 'lNONHSAG044429', 'lNONHSAG044533', 'lNONHSAG044624', 'lNONHSAG044666', 'lNONHSAG044709', 'lNONHSAG044751', 'lNONHSAG044791', 'lNONHSAG045131', 'lNONHSAG045160', 'lNONHSAG045163', 'lNONHSAG045166', 'lNONHSAG045383', 'lNONHSAG045430', 'lNONHSAG046722', 'lNONHSAG046730', 'lNONHSAG046765', 'lNONHSAG046781', 'lNONHSAG046811', 'lNONHSAG046953', 'lNONHSAG047182', 'lNONHSAG047191', 'lNONHSAG047197', 'lNONHSAG047260', 'lNONHSAG047319', 'lNONHSAG047433', 'lNONHSAG047463', 'lNONHSAG047469', 'lNONHSAG047471', 'lNONHSAG047507', 'lNONHSAG047543', 'lNONHSAG047544', 'lNONHSAG047547', 'lNONHSAG047619', 'lNONHSAG047620', 'lNONHSAG047792', 'lNONHSAG047796', 'lNONHSAG047830', 'lNONHSAG047840', 'lNONHSAG047842', 'lNONHSAG047951', 'lNONHSAG047973', 'lNONHSAG047974', 'lNONHSAG048057', 'lNONHSAG048101', 'lNONHSAG048114', 'lNONHSAG048189', 'lNONHSAG048191', 'lNONHSAG048201', 'lNONHSAG048228', 'lNONHSAG048231', 'lNONHSAG048270', 'lNONHSAG048323', 'lNONHSAG048354', 'lNONHSAG048439', 'lNONHSAG048464', 'lNONHSAG048598', 'lNONHSAG048602', 'lNONHSAG048603', 'lNONHSAG048610', 'lNONHSAG048623', 'lNONHSAG048624', 'lNONHSAG048626', 'lNONHSAG048641', 'lNONHSAG048682', 'lNONHSAG048695', 'lNONHSAG048781', 'lNONHSAG048817', 'lNONHSAG049037', 'lNONHSAG049050', 'lNONHSAG049051', 'lNONHSAG049119', 'lNONHSAG049129', 'lNONHSAG049157', 'lNONHSAG049185', 'lNONHSAG049191', 'lNONHSAG049288', 'lNONHSAG049303', 'lNONHSAG049356', 'lNONHSAG049421', 'lNONHSAG049507', 'lNONHSAG049626', 'lNONHSAG049655', 'lNONHSAG049754', 'lNONHSAG049801', 'lNONHSAG050104', 'lNONHSAG050167', 'lNONHSAG050168', 'lNONHSAG050272', 'lNONHSAG050273', 'lNONHSAG050345', 'lNONHSAG050423', 'lNONHSAG050445', 'lNONHSAG050493', 'lNONHSAG050518', 'lNONHSAG050670', 'lNONHSAG050725', 'lNONHSAG050769', 'lNONHSAG050786', 'lNONHSAG050815', 'lNONHSAG050985', 'lNONHSAG051010', 'lNONHSAG051015', 'lNONHSAG051166', 'lNONHSAG051255', 'lNONHSAG051259', 'lNONHSAG051260', 'lNONHSAG051263', 'lNONHSAG051266', 'lNONHSAG051291', 'lNONHSAG051448', 'lNONHSAG051484', 'lNONHSAG051514', 'lNONHSAG051517', 'lNONHSAG051523', 'lNONHSAG051542', 'lNONHSAG051567', 'lNONHSAG051568', 'lNONHSAG051603', 'lNONHSAG051770', 'lNONHSAG051898', 'lNONHSAG051958', 'lNONHSAG052046', 'lNONHSAG052082', 'lNONHSAG052097', 'lNONHSAG052119', 'lNONHSAG052149', 'lNONHSAG052151', 'lNONHSAG052454', 'lNONHSAG052459', 'lNONHSAG052495', 'lNONHSAG052510', 'lNONHSAG052511', 'lNONHSAG052609', 'lNONHSAG052680', 'lNONHSAG052686', 'lNONHSAG052709', 'lNONHSAG052726', 'lNONHSAG052853', 'lNONHSAG052908', 'lNONHSAG052925', 'lNONHSAG052929', 'lNONHSAG052931', 'lNONHSAG052933', 'lNONHSAG052943', 'lNONHSAG053007', 'lNONHSAG053014', 'lNONHSAG053028', 'lNONHSAG053033', 'lNONHSAG053082', 'lNONHSAG053108', 'lNONHSAG053162', 'lNONHSAG053228', 'lNONHSAG053419', 'lNONHSAG053456', 'lNONHSAG053499', 'lNONHSAG053500', 'lNONHSAG053502', 'lNONHSAG053546', 'lNONHSAG053547', 'lNONHSAG053602', 'lNONHSAG053626', 'lNONHSAG053631', 'lNONHSAG053651', 'lNONHSAG053716', 'lNONHSAG053719', 'lNONHSAG053748', 'lNONHSAG053796', 'lNONHSAG053802', 'lNONHSAG053842', 'lNONHSAG054024', 'lNONHSAG054038', 'lNONHSAG054212', 'lNONHSAG054213', 'lNONHSAG054214', 'lNONHSAG054215', 'lNONHSAG054216', 'lNONHSAG054301', 'lNONHSAG054360', 'lNONHSAG054432', 'lNONHSAG054699', 'lNONHSAG054716', 'lNONHSAG054718', 'lNONHSAG054780', 'lNONHSAG054791', 'lNONHSAG054807', 'lNONHSAG054832', 'lNONHSAG055008', 'lNONHSAG055088', 'lNONHSAG055092', 'lNONHSAG055151', 'lNONHSAG055258', 'lNONHSAG055350', 'lNONHSAG055418', 'lNONHSAG055450', 'lNONHSAG055546', 'lNONHSAG055558', 'lNONHSAG055565', 'lNONHSAG055577', 'lNONHSAG055582', 'lNONHSAG056029', 'lNONHSAG056053', 'lNONHSAG056451', 'lNONHSAG056733', 'lNONHSAG056746', 'lNONHSAG056868', 'lNONHSAG056875', 'lNONHSAG057043', 'lNONHSAG057222', 'lNONHSAG058006', 'lNONHSAG058109', 'lNONHSAG058112', 'lNONHSAG058118', 'lNONHSAG058128', 'lNONHSAG058533', 'lNONHSAG058967', 'lNONHSAG060586', 'lNONHSAG061096', 'lNONHSAG061404', 'lNONHSAG061492', 'lNONHSAG063700', 'lNONHSAG064784', 'lNONHSAG065252', 'lNONHSAG065364', 'lNONHSAG066253', 'lNONHSAG068402', 'lNONHSAG068639', 'lNONHSAG069030', 'lNONHSAG069147', 'lNONHSAG069277', 'lNONHSAG070257', 'lNONHSAG071444', 'lNONHSAG072945', 'lNONHSAG073025', 'lNONHSAG073406', 'lNONHSAG073419', 'lNONHSAG074052', 'lNONHSAG074661', 'lNONHSAG075363', 'lNONHSAG077475', 'lNONHSAG077527', 'lNONHSAG079231', 'lNONHSAG080772', 'lNONHSAG081227', 'lNONHSAG081583', 'lNONHSAG081993', 'lNONHSAG082891', 'lNONHSAG083209', 'lNONHSAG083289', 'lNONHSAG083615', 'lNONHSAG083859', 'lNONHSAG083883', 'lNONHSAG083894', 'lNONHSAG084701', 'lNONHSAG084832', 'lNONHSAG084937', 'lNONHSAG085975', 'lNONHSAG088562', 'lNONHSAG089857', 'lNONHSAG091116', 'lNONHSAG091284', 'lNONHSAG091943', 'lNONHSAG092907', 'lNONHSAG093064', 'lNONHSAG093078', 'lNONHSAG093517', 'lNONHSAG094075', 'lNONHSAG094129', 'lNONHSAG094269', 'lNONHSAG096130', 'lNONHSAG096227', 'lNONHSAG096230', 'lNONHSAG096627', 'lNONHSAG097344', 'lNONHSAG097347', 'lNONHSAG098653', 'lNONHSAG099082', 'lNONHSAG099120', 'lNONHSAG099126', 'lNONHSAG099742', 'lNONHSAG099774', 'lNONHSAG101229', 'lNONHSAG101725', 'lNONHSAG102572', 'lNONHSAG102979', 'lNONHSAG103259', 'lNONHSAG103457', 'lNONHSAG104186', 'lNONHSAG110420', 'lNONHSAG110858', 'lNONHSAG111667', 'lNONHSAG112396', 'lNONHSAG113761', 'lNONHSAG114445', 'lENSG00000103472', 'lENSG00000171889', 'lENSG00000175061', 'lENSG00000177410', 'lENSG00000179523', 'lENSG00000198221', 'lENSG00000198468', 'lENSG00000203497', 'lENSG00000205611', 'lENSG00000223764', 'lENSG00000223783', 'lENSG00000224057', 'lENSG00000224078', 'lENSG00000224614', 'lENSG00000225470', 'lENSG00000225506', 'lENSG00000225855', 'lENSG00000226115', 'lENSG00000226137', 'lENSG00000227082', 'lENSG00000227256', 'lENSG00000227963', 'lENSG00000228022', 'lENSG00000228526', 'lENSG00000229267', 'lENSG00000229388', 'lENSG00000230046', 'lENSG00000230061', 'lENSG00000230257', 'lENSG00000230313', 'lENSG00000230400', 'lENSG00000230866', 'lENSG00000231019', 'lENSG00000231437', 'lENSG00000231663', 'lENSG00000232265', 'lENSG00000232415', 'lENSG00000232442', 'lENSG00000232500', 'lENSG00000233047', 'lENSG00000233387', 'lENSG00000233590', 'lENSG00000234169', 'lENSG00000234222', 'lENSG00000234455', 'lENSG00000234546', 'lENSG00000234625', 'lENSG00000235535', 'lENSG00000235724', 'lENSG00000236240', 'lENSG00000236535', 'lENSG00000236671', 'lENSG00000237167', 'lENSG00000237396', 'lENSG00000237880', 'lENSG00000241388', 'lENSG00000242207', 'lENSG00000243479', 'lENSG00000244124', 'lENSG00000245067', 'lENSG00000245146', 'lENSG00000245614', 'lENSG00000246560', 'lENSG00000247095', 'lENSG00000247373', 'lENSG00000247498', 'lENSG00000249532', 'lENSG00000249786', 'lENSG00000250635', 'lENSG00000251003', 'lENSG00000251061', 'lENSG00000254418', 'lENSG00000254508', 'lENSG00000254635', 'lENSG00000254791', 'lENSG00000255363', 'lENSG00000255427', 'lENSG00000255553', 'lENSG00000255850', 'lENSG00000256742', 'lENSG00000256769', 'lENSG00000257084', 'lENSG00000257557', 'lENSG00000258197', 'lENSG00000258912', 'lENSG00000259289', 'lENSG00000259424', 'lENSG00000260219', 'lENSG00000260280', 'lENSG00000260455', 'lENSG00000260924', 'lENSG00000260969', 'lENSG00000261183', 'lENSG00000261423', 'lENSG00000261780', 'lENSG00000263718', 'lENSG00000264672', 'lENSG00000265374', 'lENSG00000266402', 'lENSG00000266970', 'lENSG00000267296', 'lENSG00000267321', 'lENSG00000267395', 'lENSG00000267413', 'lENSG00000269019', 'lENSG00000269911', 'lENSG00000270084', 'lENSG00000272769', 'lENSG00000274372', 'lENSG00000278709', 'lENSG00000278970', 'lENSG00000279296', 'lENSG00000281189', 'lENSG00000284070', 'lENSG00000285644', 'lENSG00000286004', 'lENSG00000224167', 'lENSG00000224739', 'lA1BG-AS1', 'lANKRD62P1-PARP4P3', 'lAQP4-AS1', 'lASMTL-AS1', 'lBANCR', 'lCCAT2', 'lCDKN2B-AS1', 'lCRNDE', 'lDGKK', 'lDLX6-AS1', 'lEGOT', 'lFEZF1-AS1', 'lGATA3-AS1', 'lGATA6-AS1', 'lGHET1', 'lHOTAIRM1', 'lHOXA-AS3', 'lINHBA-AS1', 'lJPX', 'lKCTD21-AS1', 'lLAMTOR5-AS1', 'lLBX2-AS1', 'lLINC00173', 'lLINC00174', 'lLPP-AS2', 'lMCM3AP-AS1', 'lMEG3', 'lMIR181A1HG', 'lMYLK-AS1', 'lPANDAR', 'lPCGEM1', 'lPVT1', 'lRHPN1-AS1', 'lRMST', 'lSNHG15', 'lSNHG16', 'lSNX29P2', 'lTEN1-CDK3', 'lTPTEP1', 'lTRAM2-AS1', 'lVCAN-AS1', 'lZFAS1', 'lZNF286B', 'lZNF503-AS2', 'lLINC00461', 'lLINC00514', 'lSLC2A1-AS1', 'lSRP14-AS1', 'lAC007009.1', 'lPWAR6', 'lAC004840.8', 'lAC061992.2', 'lAC103564.7', 'lAC135048.13', 'lAC137723.5', 'lAC137932.5', 'lAL928742.12', 'lAP001058.3', 'lCTB-60B18.10', 'lCTB-91J4.1', 'lCTC-338M12.2', 'lCTD-2165H16.4', 'lCTD-2195B23.3', 'lKB-7G2.8', 'lLA16c-321D4.2', 'lLA16c-380H5.3', 'lLL22NC03-23C6.13', 'lRP1-283E3.8', 'lRP11-100F15.1', 'lRP11-104E19.1', 'lRP11-108M9.3', 'lRP11-137H2.4', 'lRP11-197N18.2', 'lRP11-21J18.1', 'lRP11-227H15.4', 'lRP11-243J18.2', 'lRP11-264B17.3', 'lRP11-276H7.2', 'lRP11-2C24.4', 'lRP11-439K3.1', 'lRP11-467J12.4', 'lRP11-49K24.4', 'lRP11-514P8.8', 'lRP11-54O7.3', 'lRP11-550C4.6', 'lRP11-680A11.5', 'lRP4-790G17.7', 'lRP5-1061H20.4', 'lRP5-1074L1.1', 'lRP5-1160K1.8', 'lXXbac-B444P24.8', 'lAC018766.4', 'lCTD-2231H16.1', 'lHNRNPU-AS1', 'lRP11-429J17.8', 'lRP11-672A2.1', 'lRP5-1063M23.1', 'lRP11-495P10.8', 'lCTA-250D10.23', 'lRP4-610C12.4', 'lLINC00035', 'lRP11-408H20.2', 'lNONHSAG000157', 'lNONHSAG000265', 'lNONHSAG000297', 'lNONHSAG000298', 'lNONHSAG000623', 'lNONHSAG000636', 'lNONHSAG000677', 'lNONHSAG000896', 'lNONHSAG000969', 'lNONHSAG000994', 'lNONHSAG001008', 'lNONHSAG001014', 'lNONHSAG001028', 'lNONHSAG001030', 'lNONHSAG001033', 'lNONHSAG001147', 'lNONHSAG001207', 'lNONHSAG001240', 'lNONHSAG001419', 'lNONHSAG001613', 'lNONHSAG002487', 'lNONHSAG002619', 'lNONHSAG002726', 'lNONHSAG002790', 'lNONHSAG003227', 'lNONHSAG003308', 'lNONHSAG003418', 'lNONHSAG003459', 'lNONHSAG003881', 'lNONHSAG004227', 'lNONHSAG004351', 'lNONHSAG004475', 'lNONHSAG004507', 'lNONHSAG004638', 'lNONHSAG004893', 'lNONHSAG005249', 'lNONHSAG005363', 'lNONHSAG005473', 'lNONHSAG005522', 'lNONHSAG005652', 'lNONHSAG005690', 'lNONHSAG005725', 'lNONHSAG005727', 'lNONHSAG005739', 'lNONHSAG005740', 'lNONHSAG005746', 'lNONHSAG005747', 'lNONHSAG005760', 'lNONHSAG005761', 'lNONHSAG005769', 'lNONHSAG005789', 'lNONHSAG005797', 'lNONHSAG005809', 'lNONHSAG005821', 'lNONHSAG005830', 'lNONHSAG005847', 'lNONHSAG005851', 'lNONHSAG005852', 'lNONHSAG005855', 'lNONHSAG005856', 'lNONHSAG005859', 'lNONHSAG005862', 'lNONHSAG005867', 'lNONHSAG005870', 'lNONHSAG005885', 'lNONHSAG005901', 'lNONHSAG005915', 'lNONHSAG005935', 'lNONHSAG005936', 'lNONHSAG005986', 'lNONHSAG006022', 'lNONHSAG006078', 'lNONHSAG006086', 'lNONHSAG006091', 'lNONHSAG006097', 'lNONHSAG006160', 'lNONHSAG006166', 'lNONHSAG006186', 'lNONHSAG006187', 'lNONHSAG006188', 'lNONHSAG006206', 'lNONHSAG006220', 'lNONHSAG006221', 'lNONHSAG006235', 'lNONHSAG006240', 'lNONHSAG006274', 'lNONHSAG006279', 'lNONHSAG006290', 'lNONHSAG006293', 'lNONHSAG006300', 'lNONHSAG006314', 'lNONHSAG006376', 'lNONHSAG006377', 'lNONHSAG006382', 'lNONHSAG006388', 'lNONHSAG006395', 'lNONHSAG006399', 'lNONHSAG006405', 'lNONHSAG006407', 'lNONHSAG006412', 'lNONHSAG006415', 'lNONHSAG006450', 'lNONHSAG006459', 'lNONHSAG006479', 'lNONHSAG006487', 'lNONHSAG006493', 'lNONHSAG006507', 'lNONHSAG006527', 'lNONHSAG006536', 'lNONHSAG006551', 'lNONHSAG006554', 'lNONHSAG006555', 'lNONHSAG006557', 'lNONHSAG006573', 'lNONHSAG006576', 'lNONHSAG006579', 'lNONHSAG006581', 'lNONHSAG006591', 'lNONHSAG006602', 'lNONHSAG006646', 'lNONHSAG006653', 'lNONHSAG006669', 'lNONHSAG006748', 'lNONHSAG006765', 'lNONHSAG006779', 'lNONHSAG006808', 'lNONHSAG006830', 'lNONHSAG006832', 'lNONHSAG006837', 'lNONHSAG006855', 'lNONHSAG006863', 'lNONHSAG006889', 'lNONHSAG006894', 'lNONHSAG006897', 'lNONHSAG006909', 'lNONHSAG006915', 'lNONHSAG006922', 'lNONHSAG006967', 'lNONHSAG006970', 'lNONHSAG006976', 'lNONHSAG007000', 'lNONHSAG007008', 'lNONHSAG007020', 'lNONHSAG007023', 'lNONHSAG007029', 'lNONHSAG007031', 'lNONHSAG007035', 'lNONHSAG007063', 'lNONHSAG007065', 'lNONHSAG007093', 'lNONHSAG007103', 'lNONHSAG007118', 'lNONHSAG007123', 'lNONHSAG007129', 'lNONHSAG007139', 'lNONHSAG007166', 'lNONHSAG007203', 'lNONHSAG007222', 'lNONHSAG007224', 'lNONHSAG007225', 'lNONHSAG007242', 'lNONHSAG007268', 'lNONHSAG007278', 'lNONHSAG007286', 'lNONHSAG007414', 'lNONHSAG007419', 'lNONHSAG007429', 'lNONHSAG007458', 'lNONHSAG007488', 'lNONHSAG007507', 'lNONHSAG007531', 'lNONHSAG007533', 'lNONHSAG007543', 'lNONHSAG007544', 'lNONHSAG007554', 'lNONHSAG007563', 'lNONHSAG007578', 'lNONHSAG007587', 'lNONHSAG007599', 'lNONHSAG007621', 'lNONHSAG007632', 'lNONHSAG007638', 'lNONHSAG007730', 'lNONHSAG007932', 'lENSG00000083622', 'lENSG00000105501', 'lENSG00000122043', 'lENSG00000149443', 'lENSG00000167920', 'lENSG00000175746', 'lENSG00000177596', 'lENSG00000178248', 'lENSG00000197644', 'lENSG00000197880', 'lENSG00000198054', 'lENSG00000198671', 'lENSG00000203307', 'lENSG00000203434', 'lENSG00000203469', 'lENSG00000203565', 'lENSG00000203605', 'lENSG00000203864', 'lENSG00000204393', 'lENSG00000204464', 'lENSG00000205018', 'lENSG00000205452', 'lENSG00000205500', 'lENSG00000212856', 'lENSG00000221845', 'lENSG00000222000', 'lENSG00000222032', 'lENSG00000222044', 'lENSG00000223374', 'lENSG00000223381', 'lENSG00000223387', 'lENSG00000223400', 'lENSG00000223537', 'lENSG00000223598', 'lENSG00000223634', 'lENSG00000223641', 'lENSG00000223643', 'lENSG00000223647', 'lENSG00000223720', 'lENSG00000223727', 'lENSG00000223786', 'lENSG00000223809', 'lENSG00000223831', 'lENSG00000223870', 'lENSG00000223881', 'lENSG00000223966', 'lENSG00000223993', 'lENSG00000224031', 'lENSG00000224075', 'lENSG00000224087', 'lENSG00000224220', 'lENSG00000224277', 'lENSG00000224384', 'lENSG00000224500', 'lENSG00000224535', 'lENSG00000224541', 'lENSG00000224549', 'lENSG00000224595', 'lENSG00000224645', 'lENSG00000224655', 'lENSG00000224794', 'lENSG00000224821', 'lENSG00000224857', 'lENSG00000224885', 'lENSG00000224922', 'lENSG00000225012', 'lENSG00000225050', 'lENSG00000225129', 'lENSG00000225146', 'lENSG00000225218', 'lENSG00000225325', 'lENSG00000225334', 'lENSG00000225378', 'lENSG00000225457', 'lENSG00000225537', 'lENSG00000225570', 'lENSG00000225588', 'lENSG00000225647', 'lENSG00000225750', 'lENSG00000225751', 'lENSG00000225761', 'lENSG00000225798', 'lENSG00000225886', 'lENSG00000225919', 'lENSG00000226047', 'lENSG00000226089', 'lENSG00000226133', 'lENSG00000226193', 'lENSG00000226194', 'lENSG00000226238', 'lENSG00000226323', 'lENSG00000226337', 'lENSG00000226352', 'lENSG00000226442', 'lENSG00000226454', 'lENSG00000226486', 'lENSG00000226508', 'lENSG00000226522', 'lENSG00000226542', 'lENSG00000226562', 'lENSG00000226566', 'lENSG00000226576', 'lENSG00000226601', 'lENSG00000226647', 'lENSG00000226699', 'lENSG00000226770', 'lENSG00000226813', 'lENSG00000226883', 'lENSG00000226925', 'lENSG00000226956', 'lENSG00000226957', 'lENSG00000227075', 'lENSG00000227076', 'lENSG00000227125', 'lENSG00000227131', 'lENSG00000227181', 'lENSG00000227197', 'lENSG00000227360', 'lENSG00000227409', 'lENSG00000227459', 'lENSG00000227496', 'lENSG00000227509', 'lENSG00000227512', 'lENSG00000227549', 'lENSG00000227579', 'lENSG00000227606', 'lENSG00000227611', 'lENSG00000227680', 'lENSG00000227716', 'lENSG00000227769', 'lENSG00000227863', 'lENSG00000227893', 'lENSG00000227930', 'lENSG00000227958', 'lENSG00000227960', 'lENSG00000228028', 'lENSG00000228082', 'lENSG00000228108', 'lENSG00000228136', 'lENSG00000228170', 'lENSG00000228231', 'lENSG00000228261', 'lENSG00000228272', 'lENSG00000228351', 'lENSG00000228383', 'lENSG00000228470', 'lENSG00000228485', 'lENSG00000228548', 'lENSG00000228596', 'lENSG00000228627', 'lENSG00000228804', 'lENSG00000228826', 'lENSG00000228852', 'lENSG00000228939', 'lENSG00000228950', 'lENSG00000229162', 'lENSG00000229167', 'lENSG00000229190', 'lENSG00000229224', 'lENSG00000229283', 'lENSG00000229297', 'lENSG00000229331', 'lENSG00000229345', 'lENSG00000229370', 'lENSG00000229379', 'lENSG00000229444', 'lENSG00000229457', 'lENSG00000229487', 'lENSG00000229498', 'lENSG00000229502', 'lENSG00000229528', 'lENSG00000229531', 'lENSG00000229673', 'lENSG00000229679', 'lENSG00000229688', 'lENSG00000229848', 'lENSG00000229851', 'lENSG00000229953', 'lENSG00000229999', 'lENSG00000230010', 'lENSG00000230065', 'lENSG00000230105', 'lENSG00000230109', 'lENSG00000230131', 'lENSG00000230153', 'lENSG00000230155', 'lENSG00000230190', 'lENSG00000230197', 'lENSG00000230212', 'lENSG00000230233', 'lENSG00000230234', 'lENSG00000230323', 'lENSG00000230432', 'lENSG00000230499', 'lENSG00000230599', 'lENSG00000230735', 'lENSG00000230741', 'lENSG00000230759', 'lENSG00000230790', 'lENSG00000230794', 'lENSG00000230830', 'lENSG00000230918', 'lENSG00000230972', 'lENSG00000231081', 'lENSG00000231082', 'lENSG00000231092', 'lENSG00000231102', 'lENSG00000231143', 'lENSG00000231253', 'lENSG00000231272', 'lENSG00000231407', 'lENSG00000231492', 'lENSG00000231496', 'lENSG00000231539', 'lENSG00000231597', 'lENSG00000231678', 'lENSG00000231724', 'lENSG00000231760', 'lENSG00000231772', 'lENSG00000231781', 'lENSG00000231912', 'lENSG00000231914', 'lENSG00000231937', 'lENSG00000231953', 'lENSG00000231964', 'lENSG00000232031', 'lENSG00000232058', 'lENSG00000232072', 'lENSG00000232086', 'lENSG00000232120', 'lENSG00000232192', 'lENSG00000232197', 'lENSG00000232252', 'lENSG00000232286', 'lENSG00000232310', 'lENSG00000232335', 'lENSG00000232359', 'lENSG00000232363', 'lENSG00000232396', 'lENSG00000232451', 'lENSG00000232464', 'lENSG00000232465', 'lENSG00000232564', 'lENSG00000232596', 'lENSG00000232604', 'lENSG00000232710', 'lENSG00000232719', 'lENSG00000232806', 'lENSG00000232893', 'lENSG00000232895', 'lENSG00000232930', 'lENSG00000232939', 'lENSG00000232964', 'lENSG00000233070', 'lENSG00000233079', 'lENSG00000233178', 'lENSG00000233179', 'lENSG00000233219', 'lENSG00000233222', 'lENSG00000233330', 'lENSG00000233339', 'lENSG00000233407', 'lENSG00000233472', 'lENSG00000233479', 'lENSG00000233534', 'lENSG00000233574', 'lENSG00000233581', 'lENSG00000233613', 'lENSG00000233625', 'lENSG00000233656', 'lENSG00000233665', 'lENSG00000233689', 'lENSG00000233706', 'lENSG00000233851', 'lENSG00000233891', 'lENSG00000233953', 'lENSG00000233960', 'lENSG00000233969', 'lENSG00000233985', 'lENSG00000234021', 'lENSG00000234117', 'lENSG00000234149', 'lENSG00000234160', 'lENSG00000234191', 'lENSG00000234318', 'lENSG00000234504', 'lENSG00000234567', 'lENSG00000234622', 'lENSG00000234626', 'lENSG00000234690', 'lENSG00000234693', 'lENSG00000234714', 'lENSG00000234756', 'lENSG00000234860', 'lENSG00000234900', 'lENSG00000234953', 'lENSG00000234961', 'lENSG00000234979', 'lENSG00000235011', 'lENSG00000235035', 'lENSG00000235050', 'lENSG00000235059', 'lENSG00000235122', 'lENSG00000235168', 'lENSG00000235262', 'lENSG00000235435', 'lENSG00000235494', 'lENSG00000235503', 'lENSG00000235533', 'lENSG00000235628', 'lENSG00000235637', 'lENSG00000235669', 'lENSG00000235786', 'lENSG00000235813', 'lENSG00000236022', 'lENSG00000236031', 'lENSG00000236065', 'lENSG00000236109', 'lENSG00000236242', 'lENSG00000236267', 'lENSG00000236272', 'lENSG00000236324', 'lENSG00000236358', 'lENSG00000236366', 'lENSG00000236414', 'lENSG00000236452', 'lENSG00000236463', 'lENSG00000236498', 'lENSG00000236559', 'lENSG00000236648', 'lENSG00000236723', 'lENSG00000236744', 'lENSG00000236758', 'lENSG00000236800', 'lENSG00000236828', 'lENSG00000236854', 'lENSG00000236975', 'lENSG00000237015', 'lENSG00000237058', 'lENSG00000237073', 'lENSG00000237200', 'lENSG00000237293', 'lENSG00000237312', 'lENSG00000237324', 'lENSG00000237331', 'lENSG00000237337', 'lENSG00000237373', 'lENSG00000237435', 'lENSG00000237463', 'lENSG00000237481', 'lENSG00000237494', 'lENSG00000237520', 'lENSG00000237571', 'lENSG00000237576', 'lENSG00000237581', 'lENSG00000237670', 'lENSG00000237687', 'lENSG00000237734', 'lENSG00000237756', 'lENSG00000237768', 'lENSG00000237802', 'lENSG00000237919', 'lENSG00000237921', 'lENSG00000237937', 'lENSG00000237993', 'lENSG00000238131', 'lENSG00000238140', 'lENSG00000238185', 'lENSG00000238282', 'lENSG00000239314', 'lENSG00000239482', 'lENSG00000239593', 'lENSG00000240354', 'lENSG00000240573', 'lENSG00000240868', 'lENSG00000241383', 'lENSG00000241397', 'lENSG00000241577', 'lENSG00000241593', 'lENSG00000241666', 'lENSG00000241985', 'lENSG00000242012', 'lENSG00000242072', 'lENSG00000242339', 'lENSG00000242391', 'lENSG00000242568', 'lENSG00000242795', 'lENSG00000242861', 'lENSG00000243149', 'lENSG00000243230', 'lENSG00000243273', 'lENSG00000243368', 'lENSG00000243797', 'lENSG00000243903', 'lENSG00000244278', 'lENSG00000244327', 'lENSG00000244701', 'lENSG00000245148', 'lENSG00000245385', 'lENSG00000246541', 'lENSG00000247867', 'lENSG00000247925', 'lENSG00000248125', 'lENSG00000248145', 'lENSG00000248148', 'lENSG00000248172', 'lENSG00000248358', 'lENSG00000248373', 'lENSG00000248393', 'lENSG00000248397', 'lENSG00000248416', 'lENSG00000248457', 'lENSG00000248482', 'lENSG00000248490', 'lENSG00000248576', 'lENSG00000248599', 'lENSG00000248627', 'lENSG00000248758', 'lENSG00000248789', 'lENSG00000248802', 'lENSG00000248925', 'lENSG00000248969', 'lENSG00000248975', 'lENSG00000248984', 'lENSG00000248995', 'lENSG00000249066', 'lENSG00000249111', 'lENSG00000249114', 'lENSG00000249297', 'lENSG00000249334', 'lENSG00000249382', 'lENSG00000249409', 'lENSG00000249419', 'lENSG00000249426', 'lENSG00000249441', 'lENSG00000249451', 'lENSG00000249474', 'lENSG00000249547', 'lENSG00000249605', 'lENSG00000249613', 'lENSG00000249697', 'lENSG00000249742', 'lENSG00000249753', 'lENSG00000249782', 'lENSG00000249806', 'lENSG00000249830', 'lENSG00000249865', 'lENSG00000250062', 'lENSG00000250092', 'lENSG00000250195', 'lENSG00000250242', 'lENSG00000250524', 'lENSG00000250541', 'lENSG00000250626', 'lENSG00000250629', 'lENSG00000250646', 'lENSG00000250657', 'lENSG00000250698', 'lENSG00000250761', 'lENSG00000250791', 'lENSG00000250820', 'lENSG00000250855', 'lENSG00000250865', 'lENSG00000250877', 'lENSG00000250910', 'lENSG00000250917', 'lENSG00000250929', 'lENSG00000250945', 'lENSG00000250949', 'lENSG00000250950', 'lENSG00000250955', 'lENSG00000250993', 'lENSG00000251059', 'lENSG00000251072', 'lENSG00000251088', 'lENSG00000251185', 'lENSG00000251194', 'lENSG00000251256', 'lENSG00000251266', 'lENSG00000251281', 'lENSG00000251283', 'lENSG00000251412', 'lENSG00000251438', 'lENSG00000251688', 'lENSG00000253134', 'lENSG00000253142', 'lENSG00000253147', 'lENSG00000253167', 'lENSG00000253171', 'lENSG00000253189', 'lENSG00000253282', 'lENSG00000253356', 'lENSG00000253397', 'lENSG00000253449', 'lENSG00000253456', 'lENSG00000253503', 'lENSG00000253507', 'lENSG00000253526', 'lENSG00000253530', 'lENSG00000253539', 'lENSG00000253577', 'lENSG00000253616', 'lENSG00000253619', 'lENSG00000253643', 'lENSG00000253645', 'lENSG00000253660', 'lENSG00000253665', 'lENSG00000253717', 'lENSG00000253754', 'lENSG00000253834', 'lENSG00000253851', 'lENSG00000253858', 'lENSG00000253865', 'lENSG00000253871', 'lENSG00000253875', 'lENSG00000253880', 'lENSG00000253927', 'lENSG00000253947', 'lENSG00000253976', 'lENSG00000254011', 'lENSG00000254021', 'lENSG00000254026', 'lENSG00000254031', 'lENSG00000254033', 'lENSG00000254035', 'lENSG00000254043', 'lENSG00000254084', 'lENSG00000254094', 'lENSG00000254123', 'lENSG00000254141', 'lENSG00000254171', 'lENSG00000254177', 'lENSG00000254207', 'lENSG00000254239', 'lENSG00000254242', 'lENSG00000254263', 'lENSG00000254314', 'lENSG00000254325', 'lENSG00000254330', 'lENSG00000254347', 'lENSG00000254350', 'lENSG00000254380', 'lENSG00000254428', 'lENSG00000254429', 'lENSG00000254456', 'lENSG00000254516', 'lENSG00000254526', 'lENSG00000254574', 'lENSG00000254604', 'lENSG00000254620', 'lENSG00000254626', 'lENSG00000254627', 'lENSG00000254689', 'lENSG00000254739', 'lENSG00000254775', 'lENSG00000254787', 'lENSG00000254829', 'lENSG00000254842', 'lENSG00000254846', 'lENSG00000254847', 'lENSG00000254864', 'lENSG00000254921', 'lENSG00000254928', 'lENSG00000254930', 'lENSG00000254983', 'lENSG00000254990', 'lENSG00000255027', 'lENSG00000255039', 'lENSG00000255041', 'lENSG00000255084', 'lENSG00000255114', 'lENSG00000255121', 'lENSG00000255159', 'lENSG00000255167', 'lENSG00000255227', 'lENSG00000255241', 'lENSG00000255247', 'lENSG00000255252', 'lENSG00000255271', 'lENSG00000255300', 'lENSG00000255327', 'lENSG00000255343', 'lENSG00000255357', 'lENSG00000255366', 'lENSG00000255375', 'lENSG00000255388', 'lENSG00000255390', 'lENSG00000255443', 'lENSG00000255462', 'lENSG00000255478', 'lENSG00000255482', 'lENSG00000255487', 'lENSG00000255496', 'lENSG00000255498', 'lENSG00000255506', 'lENSG00000255523', 'lENSG00000255528', 'lENSG00000255539', 'lENSG00000255565', 'lENSG00000255572', 'lENSG00000255580', 'lENSG00000255808', 'lENSG00000255839', 'lENSG00000255893', 'lENSG00000255949', 'lENSG00000256007', 'lENSG00000256071', 'lENSG00000256072', 'lENSG00000256083', 'lENSG00000256209', 'lENSG00000256226', 'lENSG00000256234', 'lENSG00000256292', 'lENSG00000256314', 'lENSG00000256364', 'lENSG00000256448', 'lENSG00000256452', 'lENSG00000256482', 'lENSG00000256484', 'lENSG00000256582', 'lENSG00000256670', 'lENSG00000256733', 'lENSG00000256897', 'lENSG00000256972', 'lENSG00000257004', 'lENSG00000257022', 'lENSG00000257096', 'lENSG00000257137', 'lENSG00000257165', 'lENSG00000257235', 'lENSG00000257261', 'lENSG00000257264', 'lENSG00000257265', 'lENSG00000257271', 'lENSG00000257275', 'lENSG00000257342', 'lENSG00000257381', 'lENSG00000257407', 'lENSG00000257488', 'lENSG00000257494', 'lENSG00000257500', 'lENSG00000257514', 'lENSG00000257527', 'lENSG00000257541', 'lENSG00000257587', 'lENSG00000257634', 'lENSG00000257653', 'lENSG00000257682', 'lENSG00000257732', 'lENSG00000257750', 'lENSG00000257764', 'lENSG00000257787', 'lENSG00000257860', 'lENSG00000257904', 'lENSG00000257925', 'lENSG00000257997', 'lENSG00000258007', 'lENSG00000258044', 'lENSG00000258084', 'lENSG00000258108', 'lENSG00000258167', 'lENSG00000258234', 'lENSG00000258272', 'lENSG00000258292', 'lENSG00000258308', 'lENSG00000258312', 'lENSG00000258313', 'lENSG00000258323', 'lENSG00000258331', 'lENSG00000258378', 'lENSG00000258390', 'lENSG00000258394', 'lENSG00000258425', 'lENSG00000258460', 'lENSG00000258515', 'lENSG00000258516', 'lENSG00000258520', 'lENSG00000258610', 'lENSG00000258657', 'lENSG00000258670', 'lENSG00000258690', 'lENSG00000258695', 'lENSG00000258698', 'lENSG00000258742', 'lENSG00000258745', 'lENSG00000258784', 'lENSG00000258800', 'lENSG00000258824', 'lENSG00000258826', 'lENSG00000258829', 'lENSG00000258850', 'lENSG00000258869', 'lENSG00000258892', 'lENSG00000258904', 'lENSG00000258908', 'lENSG00000258944', 'lENSG00000258958', 'lENSG00000259007', 'lENSG00000259187', 'lENSG00000259188', 'lENSG00000259194', 'lENSG00000259202', 'lENSG00000259211', 'lENSG00000259250', 'lENSG00000259256', 'lENSG00000259265', 'lENSG00000259268', 'lENSG00000259290', 'lENSG00000259294', 'lENSG00000259307', 'lENSG00000259352', 'lENSG00000259360', 'lENSG00000259385', 'lENSG00000259432', 'lENSG00000259503', 'lENSG00000259532', 'lENSG00000259544', 'lENSG00000259595', 'lENSG00000259631', 'lENSG00000259636', 'lENSG00000259649', 'lENSG00000259678', 'lENSG00000259757', 'lENSG00000259759', 'lENSG00000259767', 'lENSG00000259798', 'lENSG00000259805', 'lENSG00000259935', 'lENSG00000259945', 'lENSG00000259955', 'lENSG00000259967', 'lENSG00000260003', 'lENSG00000260017', 'lENSG00000260022', 'lENSG00000260058', 'lENSG00000260186', 'lENSG00000260190', 'lENSG00000260237', 'lENSG00000260246', 'lENSG00000260304', 'lENSG00000260454', 'lENSG00000260476', 'lENSG00000260586', 'lENSG00000260605', 'lENSG00000260626', 'lENSG00000260659', 'lENSG00000260720', 'lENSG00000260741', 'lENSG00000260773', 'lENSG00000260798', 'lENSG00000260814', 'lENSG00000260884', 'lENSG00000260911', 'lENSG00000260934', 'lENSG00000260986', 'lENSG00000260999', 'lENSG00000261014', 'lENSG00000261036', 'lENSG00000261065', 'lENSG00000261066', 'lENSG00000261070', 'lENSG00000261243', 'lENSG00000261248', 'lENSG00000261261', 'lENSG00000261266', 'lENSG00000261307', 'lENSG00000261332', 'lENSG00000261379', 'lENSG00000261475', 'lENSG00000261507', 'lENSG00000261523', 'lENSG00000261552', 'lENSG00000261633', 'lENSG00000261663', 'lENSG00000261671', 'lENSG00000261695', 'lENSG00000261697', 'lENSG00000261723', 'lENSG00000261729', 'lENSG00000261731', 'lENSG00000261761', 'lENSG00000261864', 'lENSG00000262151', 'lENSG00000262434', 'lENSG00000262652', 'lENSG00000262692', 'lENSG00000262777', 'lENSG00000262810', 'lENSG00000262815', 'lENSG00000263080', 'lENSG00000263237', 'lENSG00000263257', 'lENSG00000263300', 'lENSG00000263321', 'lENSG00000263335', 'lENSG00000263417', 'lENSG00000263466', 'lENSG00000263585', 'lENSG00000263594', 'lENSG00000263618', 'lENSG00000263684', 'lENSG00000263709', 'lENSG00000263765', 'lENSG00000263797', 'lENSG00000263847', 'lENSG00000263873', 'lENSG00000263952', 'lENSG00000263982', 'lENSG00000263986', 'lENSG00000264016', 'lENSG00000264023', 'lENSG00000264066', 'lENSG00000264107', 'lENSG00000264116', 'lENSG00000264151', 'lENSG00000264254', 'lENSG00000264269', 'lENSG00000264513', 'lENSG00000264546', 'lENSG00000264558', 'lENSG00000264595', 'lENSG00000264622', 'lENSG00000264734', 'lENSG00000264769', 'lENSG00000264825', 'lENSG00000264924', 'lENSG00000265125', 'lENSG00000265168', 'lENSG00000265205', 'lENSG00000265265', 'lENSG00000265334', 'lENSG00000265359', 'lENSG00000265443', 'lENSG00000265474', 'lENSG00000265554', 'lENSG00000265625', 'lENSG00000265643', 'lENSG00000265728', 'lENSG00000265739', 'lENSG00000265743', 'lENSG00000265791', 'lENSG00000265800', 'lENSG00000265840', 'lENSG00000265844', 'lENSG00000265845', 'lENSG00000265980', 'lENSG00000265987', 'lENSG00000265994', 'lENSG00000266102', 'lENSG00000266153', 'lENSG00000266311', 'lENSG00000266368', 'lENSG00000266397', 'lENSG00000266535', 'lENSG00000266538', 'lENSG00000266541', 'lENSG00000266696', 'lENSG00000266801', 'lENSG00000266839', 'lENSG00000266877', 'lENSG00000266936', 'lENSG00000266981', 'lENSG00000266985', 'lENSG00000266993', 'lENSG00000267000', 'lENSG00000267028', 'lENSG00000267057', 'lENSG00000267063', 'lENSG00000267177', 'lENSG00000267225', 'lENSG00000267234', 'lENSG00000267263', 'lENSG00000267274', 'lENSG00000267286', 'lENSG00000267320', 'lENSG00000267341', 'lENSG00000267364', 'lENSG00000267378', 'lENSG00000267436', 'lENSG00000267437', 'lENSG00000267501', 'lENSG00000267510', 'lENSG00000267543', 'lENSG00000267583', 'lENSG00000267593', 'lENSG00000267615', 'lENSG00000267617', 'lENSG00000267633', 'lENSG00000267638', 'lENSG00000267711', 'lENSG00000267791', 'lENSG00000267922', 'lENSG00000267980', 'lENSG00000268015', 'lENSG00000268049', 'lENSG00000268051', 'lENSG00000268069', 'lENSG00000268078', 'lENSG00000268191', 'lENSG00000268203', 'lENSG00000268289', 'lENSG00000268292', 'lENSG00000268296', 'lENSG00000268520', 'lENSG00000268605', 'lENSG00000268734', 'lENSG00000268743', 'lENSG00000268798', 'lENSG00000268833', 'lENSG00000268906', 'lENSG00000268912', 'lENSG00000268981', 'lENSG00000269044', 'lENSG00000269085', 'lENSG00000269145', 'lENSG00000269191', 'lENSG00000269292', 'lENSG00000269350', 'lENSG00000269495', 'lENSG00000269504', 'lENSG00000269578', 'lENSG00000269621', 'lENSG00000269729', 'lENSG00000269802', 'lENSG00000269826', 'lENSG00000269843', 'lENSG00000269901', 'lENSG00000269950', 'lENSG00000269987', 'lENSG00000270082', 'lENSG00000270094', 'lENSG00000270108', 'lENSG00000270380', 'lENSG00000270726', 'lENSG00000270871', 'lENSG00000271032', 'lENSG00000271218', 'lENSG00000271314', 'lENSG00000271579', 'lENSG00000271717', 'lENSG00000271787', 'lENSG00000271833', 'lENSG00000271901', 'lENSG00000271936', 'lENSG00000271945', 'lENSG00000271983', 'lENSG00000272027', 'lENSG00000272072', 'lENSG00000272149', 'lENSG00000272338', 'lENSG00000272510', 'lENSG00000272540', 'lENSG00000272575', 'lENSG00000272642', 'lENSG00000272661', 'lENSG00000272742', 'lENSG00000272810', 'lENSG00000272866', 'lENSG00000272995', 'lENSG00000273035', 'lENSG00000273110', 'lENSG00000273198', 'lENSG00000273226', 'lENSG00000273257', 'lENSG00000273271', 'lENSG00000273275', 'lENSG00000273360', 'lENSG00000273449', 'lENSG00000273461', 'lENSG00000273485', 'lENSG00000273493', 'lENSG00000273550', 'lENSG00000273838', 'lENSG00000273877', 'lENSG00000273919', 'lENSG00000274177', 'lENSG00000274227', 'lENSG00000274561', 'lENSG00000274678', 'lENSG00000274737', 'lENSG00000274863', 'lENSG00000274893', 'lENSG00000275173', 'lENSG00000275345', 'lENSG00000275356', 'lENSG00000275484', 'lENSG00000275638', 'lENSG00000275871', 'lENSG00000275963', 'lENSG00000276054', 'lENSG00000276107', 'lENSG00000276266', 'lENSG00000276488', 'lENSG00000276527', 'lENSG00000276533', 'lENSG00000276997', 'lENSG00000277173', 'lENSG00000277332', 'lENSG00000277639', 'lENSG00000277675', 'lENSG00000278000', 'lENSG00000278013', 'lENSG00000278351', 'lENSG00000278630', 'lENSG00000278766', 'lENSG00000278944', 'lENSG00000279484', 'lENSG00000279501', 'lENSG00000279623', 'lENSG00000279687', 'lENSG00000279751', 'lENSG00000279920', 'lENSG00000280206', 'lENSG00000280224', 'lENSG00000280455', 'lENSG00000280580', 'lENSG00000280703', 'lENSG00000280870', 'lENSG00000280881', 'lENSG00000281021', 'lENSG00000281831', 'lENSG00000282478', 'lENSG00000282828', 'lENSG00000282950', 'lENSG00000283083', 'lENSG00000283286', 'lENSG00000283347', 'lENSG00000283375', 'lENSG00000283436', 'lENSG00000283457', 'lENSG00000283573', 'lENSG00000283631', 'lENSG00000283766', 'lENSG00000283973', 'lENSG00000284376', 'lENSG00000284418', 'lENSG00000284500', 'lENSG00000284608', 'lENSG00000284699', 'lENSG00000284846', 'lENSG00000284994', 'lENSG00000285012', 'lENSG00000285040', 'lENSG00000285117', 'lENSG00000285354', 'lENSG00000285409', 'lENSG00000285473', 'lENSG00000285518', 'lENSG00000285524', 'lENSG00000285550', 'lENSG00000285551', 'lENSG00000285619', 'lENSG00000285621', 'lENSG00000285654', 'lENSG00000285699', 'lENSG00000285709', 'lENSG00000285780', 'lENSG00000285861', 'lENSG00000285889', 'lENSG00000285954', 'lENSG00000286002', 'lENSG00000286018', 'lENSG00000286020', 'lENSG00000286050', 'lENSG00000286076', 'lENSG00000286089', 'lENSG00000286093', 'lENSG00000286101', 'lENSG00000286168', 'lENSG00000286188', 'lENSG00000286194', 'lENSG00000286197', 'lENSG00000286206', 'lENSG00000286242', 'lENSG00000286244', 'lENSG00000286276', 'lENSG00000286303', 'lENSG00000286331', 'lENSG00000286333', 'lENSG00000286338', 'lENSG00000286357', 'lENSG00000286419', 'lENSG00000286430', 'lENSG00000286436', 'lENSG00000286441', 'lENSG00000286453', 'lENSG00000286461', 'lENSG00000286474', 'lENSG00000286515', 'lENSG00000286565', 'lENSG00000286578', 'lENSG00000286581', 'lENSG00000286584', 'lENSG00000286588', 'lENSG00000286598', 'lENSG00000286617', 'lENSG00000286639', 'lENSG00000286645', 'lENSG00000286689', 'lENSG00000286690', 'lENSG00000286715', 'lENSG00000286716', 'lENSG00000286722', 'lENSG00000286735', 'lENSG00000286738', 'lENSG00000286740', 'lENSG00000286751', 'lENSG00000286759', 'lENSG00000286767', 'lENSG00000286770', 'lENSG00000286776', 'lENSG00000286781', 'lENSG00000286795', 'lENSG00000286820', 'lENSG00000286822', 'lENSG00000286838', 'lENSG00000286843', 'lENSG00000286887', 'lENSG00000286908', 'lENSG00000286963', 'lENSG00000287005', 'lENSG00000287006', 'lENSG00000287020', 'lENSG00000287066', 'lENSG00000287094', 'lENSG00000287107', 'lENSG00000287108', 'lENSG00000287128', 'lENSG00000287155', 'lENSG00000287159', 'lENSG00000287191', 'lENSG00000287198', 'lENSG00000287213', 'lENSG00000287236', 'lENSG00000287270', 'lENSG00000287285', 'lENSG00000287321', 'lENSG00000287335', 'lENSG00000287358', 'lENSG00000287359', 'lENSG00000287367', 'lENSG00000287381', 'lENSG00000287423', 'lENSG00000287441', 'lENSG00000287451', 'lENSG00000287456', 'lENSG00000287501', 'lENSG00000287511', 'lENSG00000287517', 'lENSG00000287518', 'lENSG00000287545', 'lENSG00000287551', 'lENSG00000287556', 'lENSG00000287618', 'lENSG00000287660', 'lENSG00000287664', 'lENSG00000287687', 'lENSG00000287691', 'lENSG00000287704', 'lENSG00000211683', 'lENSG00000214955', 'lENSG00000223795', 'lENSG00000224884', 'lENSG00000225393', 'lENSG00000225836', 'lENSG00000228255', 'lENSG00000228538', 'lENSG00000229454', 'lENSG00000229458', 'lENSG00000229628', 'lENSG00000229964', 'lENSG00000230600', 'lENSG00000230649', 'lENSG00000231212', 'lENSG00000231616', 'lENSG00000232056', 'lENSG00000233200', 'lENSG00000234083', 'lENSG00000234810', 'lENSG00000235337', 'lENSG00000235795', 'lENSG00000239801', 'lENSG00000241792', 'lENSG00000244620', 'lENSG00000247810', 'lENSG00000248359', 'lENSG00000249159', 'lENSG00000250481', 'lENSG00000250670', 'lENSG00000250686', 'lENSG00000250777', 'lENSG00000250948', 'lENSG00000251506', 'lENSG00000253766', 'lENSG00000254306', 'lENSG00000254927', 'lENSG00000255279', 'lENSG00000255325', 'lENSG00000255644', 'lENSG00000256686', 'lENSG00000257603', 'lENSG00000257715', 'lENSG00000258088', 'lENSG00000258196', 'lENSG00000258949', 'lENSG00000259123', 'lENSG00000259222', 'lENSG00000259244', 'lENSG00000259255', 'lENSG00000259274', 'lENSG00000259306', 'lENSG00000259407', 'lENSG00000260511', 'lENSG00000260983', 'lENSG00000261193', 'lENSG00000261445', 'lENSG00000261470', 'lENSG00000261775', 'lENSG00000264660', 'lENSG00000265174', 'lENSG00000266893', 'lENSG00000267521', 'lENSG00000267581', 'lENSG00000269391', 'lENSG00000269460', 'lENSG00000272304', 'lENSG00000272369', 'lENSG00000273138', 'lENSG00000273403', 'lENSG00000273486', 'lENSG00000274902', 'lENSG00000275232', 'lENSG00000278514', 'lENSG00000279672', 'lENSG00000282887', 'lENSG00000286164', 'lENSG00000226032', 'lENSG00000235736', 'lENSG00000251613', 'lENSG00000263316', 'lENSG00000258631', 'lENSG00000260141', 'lENSG00000279472', 'lENSG00000271870', 'lENSG00000272934', 'lENSG00000271840', 'lENSG00000253701', 'lENSG00000281408', 'lENSG00000268166', 'lALG13-AS1', 'lDGUOK-AS1', 'lDSCR8', 'lMIR145', 'lMIR24-2', 'lMIR3179-2', 'lMIR3654', 'lACA64', 'lCDKN2B-AS', 'lC3orf65']","[1.0, 0.0, 0.0, 1.0, 1.0, 0.0, 1.0, 0.0, 1.0, 1.0, 1.0, 1.0, 0.0, 1.0, 1.0, 0.0, 0.0, 1.0, 0.0, 0.0, 1.0, 0.0, 0.0, 1.0, 0.0, 1.0, 0.0, 1.0, 0.0, 1.0, 0.0, 0.0, 0.0, 0.0, 1.0, 1.0, 0.0, 0.0, 0.0, 1.0, 1.0, 0.0, 1.0, 1.0, 0.0, 1.0, 1.0, 1.0, 0.0, 1.0, 0.0, 1.0, 0.0, 1.0, 0.0, 0.0, 1.0, 1.0, 1.0, 1.0, 0.0, 0.0, 1.0, 1.0, 1.0, 1.0, 1.0, 1.0, 0.0, 0.0, 1.0, 1.0, 0.0, 1.0, 0.0, 1.0, 1.0, 0.0, 0.0, 1.0, 0.0, 1.0, 1.0, 1.0, 0.0, 1.0, 1.0, 0.0, 0.0, 1.0, 0.0, 0.0, 0.0, 1.0, 0.0, 1.0, 1.0, 0.0, 0.0, 1.0, 1.0, 0.0, 1.0, 0.0, 1.0, 0.0, 1.0, 1.0, 0.0, 0.0, 0.0, 1.0, 1.0, 0.0, 0.0, 1.0, 0.0, 0.0, 1.0, 1.0, 0.0, 1.0, 0.0, 1.0, 0.0, 1.0, 0.0, 0.0, 0.0, 0.0, 1.0, 0.0, 1.0, 0.0, 0.0, 1.0, 0.0, 1.0, 1.0, 1.0, 1.0, 1.0, 0.0, 0.0, 0.0, 0.0, 1.0, 1.0, 0.0, 0.0, 1.0, 1.0, 1.0, 0.0, 1.0, 0.0, 1.0, 0.0, 0.0, 0.0, 1.0, 0.0, 1.0, 1.0, 1.0, 0.0, 0.0, 0.0, 0.0, 1.0, 1.0, 1.0, 0.0, 0.0, 1.0, 0.0, 0.0, 0.0, 0.0, 0.0, 1.0, 0.0, 0.0, 0.0, 0.0, 0.0, 1.0, 0.0, 1.0, 1.0, 1.0, 1.0, 0.0, 1.0, 0.0, 0.0, 0.0, 0.0, 0.0, 1.0, 1.0, 0.0, 0.0, 1.0, 1.0, 1.0, 1.0, 1.0, 0.0, 0.0, 1.0, 1.0, 0.0, 1.0, 1.0, 0.0, 1.0, 1.0, 0.0, 1.0, 1.0, 0.0, 0.0, 1.0, 1.0, 1.0, 0.0, 1.0, 0.0, 0.0, 0.0, 0.0, 1.0, 1.0, 1.0, 0.0, 1.0, 1.0, 0.0, 0.0, 0.0, 1.0, 0.0, 0.0, 1.0, 0.0, 0.0, 1.0, 0.0, 1.0, 1.0, 1.0, 0.0, 0.0, 1.0, 0.0, 1.0, 1.0, 0.0, 0.0, 1.0, 0.0, 0.0, 1.0, 1.0, 0.0, 1.0, 1.0, 0.0, 1.0, 1.0, 1.0, 1.0, 0.0, 0.0, 1.0, 0.0, 1.0, 0.0, 1.0, 1.0, 0.0, 1.0, 0.0, 1.0, 1.0, 1.0, 1.0, 0.0, 1.0, 1.0, 1.0, 0.0, 1.0, 1.0, 1.0, 0.0, 0.0, 0.0, 1.0, 1.0, 1.0, 1.0, 0.0, 1.0, 0.0, 0.0, 1.0, 1.0, 0.0, 0.0, 0.0, 1.0, 1.0, 0.0, 1.0, 0.0, 1.0, 1.0, 1.0, 0.0, 1.0, 1.0, 0.0, 0.0, 0.0, 0.0, 0.0, 1.0, 1.0, 1.0, 1.0, 0.0, 1.0, 1.0, 0.0, 1.0, 0.0, 0.0, 1.0, 0.0, 1.0, 0.0, 1.0, 1.0, 1.0, 0.0, 0.0, 1.0, 1.0, 1.0, 1.0, 1.0, 1.0, 1.0, 0.0, 0.0, 0.0, 0.0, 0.0, 1.0, 0.0, 1.0, 0.0, 1.0, 1.0, 1.0, 1.0, 0.0, 0.0, 0.0, 0.0, 1.0, 1.0, 0.0, 1.0, 0.0, 0.0, 1.0, 0.0, 1.0, 0.0, 0.0, 1.0, 1.0, 1.0, 0.0, 0.0, 1.0, 0.0, 0.0, 1.0, 1.0, 0.0, 0.0, 0.0, 0.0, 0.0, 0.0, 0.0, 0.0, 1.0, 0.0, 0.0, 0.0, 1.0, 1.0, 0.0, 1.0, 0.0, 1.0, 1.0, 1.0, 0.0, 0.0, 1.0, 0.0, 0.0, 1.0, 1.0, 1.0, 0.0, 0.0, 1.0, 0.0, 1.0, 0.0, 1.0, 0.0, 1.0, 1.0, 0.0, 0.0, 0.0, 1.0, 1.0, 0.0, 0.0, 1.0, 1.0, 0.0, 0.0, 1.0, 0.0, 0.0, 0.0, 1.0, 1.0, 0.0, 0.0, 0.0, 1.0, 0.0, 1.0, 0.0, 1.0, 1.0, 1.0, 1.0, 1.0, 1.0, 1.0, 1.0, 0.0, 1.0, 1.0, 0.0, 1.0, 1.0, 1.0, 0.0, 0.0, 1.0, 1.0, 1.0, 0.0, 1.0, 1.0, 0.0, 1.0, 0.0, 1.0, 1.0, 1.0, 0.0, 1.0, 0.0, 0.0, 0.0, 0.0, 1.0, 1.0, 1.0, 1.0, 1.0, 1.0, 0.0, 1.0, 0.0, 1.0, 0.0, 1.0, 0.0, 1.0, 1.0, 1.0, 1.0, 1.0, 1.0, 1.0, 0.0, 0.0, 0.0, 0.0, 1.0, 1.0, 1.0, 1.0, 1.0, 1.0, 0.0, 0.0, 0.0, 0.0, 1.0, 1.0, 1.0, 0.0, 0.0, 1.0, 0.0, 1.0, 0.0, 1.0, 1.0, 0.0, 1.0, 0.0, 1.0, 0.0, 0.0, 0.0, 1.0, 1.0, 1.0, 0.0, 1.0, 0.0, 1.0, 1.0, 0.0, 1.0, 0.0, 1.0, 1.0, 0.0, 0.0, 0.0, 0.0, 0.0, 1.0, 0.0, 1.0, 0.0, 0.0, 0.0, 1.0, 0.0, 1.0, 0.0, 1.0, 1.0, 0.0, 0.0, 0.0, 1.0, 1.0, 0.0, 1.0, 1.0, 0.0, 1.0, 1.0, 1.0, 0.0, 1.0, 0.0, 1.0, 0.0, 0.0, 0.0, 0.0, 0.0, 1.0, 1.0, 0.0, 1.0, 0.0, 0.0, 1.0, 1.0, 1.0, 1.0, 1.0, 1.0, 0.0, 1.0, 1.0, 1.0, 0.0, 1.0, 1.0, 0.0, 1.0, 1.0, 1.0, 1.0, 0.0, 0.0, 1.0, 0.0, 1.0, 1.0, 0.0, 0.0, 1.0, 1.0, 1.0, 0.0, 1.0, 1.0, 0.0, 0.0, 1.0, 1.0, 0.0, 0.0, 0.0, 1.0, 1.0, 1.0, 0.0, 1.0, 1.0, 1.0, 1.0, 0.0, 0.0, 0.0, 1.0, 1.0, 1.0, 0.0, 0.0, 1.0, 0.0, 0.0, 0.0, 0.0, 1.0, 1.0, 1.0, 0.0, 0.0, 0.0, 0.0, 1.0, 1.0, 1.0, 0.0, 0.0, 0.0, 1.0, 0.0, 0.0, 1.0, 0.0, 0.0, 0.0, 0.0, 1.0, 1.0, 1.0, 1.0, 1.0, 0.0, 0.0, 0.0, 0.0, 0.0, 0.0, 0.0, 1.0, 0.0, 0.0, 0.0, 1.0, 1.0, 0.0, 0.0, 0.0, 0.0, 0.0, 1.0, 1.0, 0.0, 1.0, 1.0, 1.0, 0.0, 0.0, 1.0, 0.0, 0.0, 1.0, 1.0, 0.0, 0.0, 1.0, 0.0, 1.0, 0.0, 1.0, 0.0, 0.0, 1.0, 1.0, 1.0, 0.0, 0.0, 1.0, 0.0, 0.0, 0.0, 1.0, 1.0, 1.0, 0.0, 0.0, 1.0, 0.0, 0.0, 1.0, 0.0, 0.0, 1.0, 1.0, 1.0, 1.0, 0.0, 0.0, 0.0, 1.0, 0.0, 0.0, 0.0, 1.0, 1.0, 0.0, 1.0, 0.0, 1.0, 1.0, 0.0, 0.0, 0.0, 1.0, 0.0, 0.0, 0.0, 1.0, 1.0, 1.0, 1.0, 0.0, 1.0, 0.0, 1.0, 1.0, 0.0, 0.0, 0.0, 1.0, 0.0, 0.0, 1.0, 0.0, 0.0, 0.0, 1.0, 0.0, 1.0, 0.0, 1.0, 0.0, 0.0, 1.0, 0.0, 0.0, 1.0, 0.0, 1.0, 1.0, 0.0, 0.0, 1.0, 0.0, 0.0, 1.0, 1.0, 0.0, 0.0, 0.0, 0.0, 1.0, 0.0, 0.0, 1.0, 1.0, 1.0, 0.0, 1.0, 0.0, 1.0, 1.0, 0.0, 1.0, 0.0, 1.0, 1.0, 1.0, 0.0, 1.0, 1.0, 0.0, 1.0, 1.0, 0.0, 1.0, 1.0, 0.0, 1.0, 1.0, 0.0, 0.0, 1.0, 0.0, 0.0, 0.0, 0.0, 0.0, 0.0, 1.0, 0.0, 0.0, 0.0, 0.0, 0.0, 1.0, 1.0, 1.0, 1.0, 0.0, 0.0, 0.0, 0.0, 1.0, 1.0, 1.0, 1.0, 1.0, 0.0, 0.0, 1.0, 0.0, 0.0, 1.0, 1.0, 1.0, 1.0, 0.0, 0.0, 0.0, 0.0, 0.0, 0.0, 1.0, 0.0, 0.0, 0.0, 1.0, 1.0, 0.0, 0.0, 0.0, 1.0, 0.0, 1.0, 0.0, 1.0, 0.0, 1.0, 0.0, 1.0, 1.0, 0.0, 0.0, 0.0, 1.0, 0.0, 0.0, 1.0, 0.0, 0.0, 1.0, 1.0, 1.0, 1.0, 0.0, 0.0, 1.0, 1.0, 1.0, 1.0, 0.0, 0.0, 0.0, 0.0, 1.0, 1.0, 1.0, 1.0, 1.0, 0.0, 1.0, 0.0, 0.0, 1.0, 1.0, 1.0, 0.0, 1.0, 0.0, 0.0, 1.0, 0.0, 0.0, 1.0, 0.0, 1.0, 1.0, 0.0, 1.0, 1.0, 1.0, 0.0, 0.0, 0.0, 1.0, 1.0, 0.0, 0.0, 0.0, 1.0, 1.0, 1.0, 1.0, 0.0, 1.0, 0.0, 0.0, 1.0, 1.0, 0.0, 1.0, 1.0, 1.0, 0.0, 1.0, 1.0, 1.0, 0.0, 0.0, 0.0, 0.0, 1.0, 1.0, 1.0, 0.0, 1.0, 0.0, 0.0, 1.0, 0.0, 0.0, 0.0, 0.0, 1.0, 1.0, 1.0, 0.0, 1.0, 1.0, 0.0, 1.0, 0.0, 1.0, 1.0, 1.0, 1.0, 0.0, 1.0, 0.0, 0.0, 0.0, 0.0, 1.0, 1.0, 0.0, 0.0, 1.0, 1.0, 0.0, 1.0, 0.0, 0.0, 0.0, 0.0, 0.0, 0.0, 1.0, 1.0, 0.0, 0.0, 1.0, 0.0, 1.0, 1.0, 1.0, 0.0, 1.0, 1.0, 0.0, 0.0, 1.0, 0.0, 1.0, 0.0, 1.0, 0.0, 0.0, 0.0, 1.0, 0.0, 1.0, 0.0, 0.0, 1.0, 1.0, 0.0, 1.0, 0.0, 0.0, 0.0, 1.0, 0.0, 1.0, 1.0, 1.0, 0.0, 0.0, 1.0, 1.0, 0.0, 0.0, 1.0, 0.0, 0.0, 0.0, 1.0, 1.0, 1.0, 0.0, 0.0, 1.0, 0.0, 0.0, 0.0, 0.0, 0.0, 1.0, 0.0, 1.0, 0.0, 0.0, 0.0, 0.0, 0.0, 1.0, 1.0, 1.0, 0.0, 0.0, 1.0, 0.0, 1.0, 1.0, 0.0, 0.0, 1.0, 0.0, 0.0, 0.0, 1.0, 0.0, 0.0, 0.0, 0.0, 0.0, 1.0, 1.0, 0.0, 1.0, 1.0, 1.0, 1.0, 0.0, 0.0, 0.0, 0.0, 0.0, 0.0, 0.0, 1.0, 1.0, 1.0, 0.0, 1.0, 1.0, 0.0, 0.0, 0.0, 0.0, 0.0, 0.0, 0.0, 0.0, 0.0, 1.0, 0.0, 0.0, 0.0, 0.0, 1.0, 0.0, 0.0, 1.0, 1.0, 0.0, 0.0, 1.0, 1.0, 0.0, 0.0, 0.0, 1.0, 1.0, 0.0, 0.0, 0.0, 1.0, 0.0, 1.0, 1.0, 0.0, 0.0, 0.0, 1.0, 1.0, 0.0, 0.0, 1.0, 1.0, 0.0, 0.0, 1.0, 1.0, 1.0, 1.0, 1.0, 0.0, 0.0, 0.0, 0.0, 0.0, 1.0, 0.0, 1.0, 1.0, 1.0, 0.0, 1.0, 1.0, 1.0, 1.0, 1.0, 0.0, 0.0, 1.0, 0.0, 0.0, 1.0, 0.0, 0.0, 0.0, 0.0, 0.0, 1.0, 1.0, 1.0, 0.0, 1.0, 1.0, 0.0, 1.0, 1.0, 1.0, 0.0, 1.0, 0.0, 1.0, 1.0, 0.0, 0.0, 0.0, 0.0, 1.0, 0.0, 0.0, 0.0, 0.0, 1.0, 0.0, 0.0, 1.0, 0.0, 0.0, 0.0, 0.0, 0.0, 0.0, 1.0, 0.0, 0.0, 0.0, 0.0, 1.0, 0.0, 1.0, 0.0, 1.0, 0.0, 1.0, 1.0, 1.0, 0.0, 1.0, 0.0, 1.0, 1.0, 0.0, 1.0, 1.0, 0.0, 0.0, 0.0, 0.0, 0.0, 0.0, 0.0, 0.0, 1.0, 0.0, 0.0, 1.0, 1.0, 1.0, 1.0, 1.0, 0.0, 1.0, 1.0, 0.0, 1.0, 1.0, 1.0, 0.0, 1.0, 0.0, 0.0, 0.0, 1.0, 1.0, 1.0, 1.0, 1.0, 1.0, 0.0, 1.0, 0.0, 1.0, 1.0, 0.0, 1.0, 1.0, 1.0, 1.0, 1.0, 1.0, 1.0, 1.0, 1.0, 0.0, 1.0, 1.0, 1.0, 0.0, 1.0, 1.0, 1.0, 1.0, 0.0, 0.0, 1.0, 0.0, 0.0, 1.0, 1.0, 1.0, 0.0, 0.0, 0.0, 0.0, 0.0, 1.0, 0.0, 1.0, 0.0, 1.0, 0.0, 1.0, 1.0, 0.0, 1.0, 1.0, 0.0, 0.0, 1.0, 1.0, 0.0, 0.0, 1.0, 0.0, 1.0, 0.0, 1.0, 0.0, 1.0, 1.0, 1.0, 0.0, 1.0, 0.0, 0.0, 0.0, 0.0, 0.0, 1.0, 1.0, 0.0, 1.0, 0.0, 1.0, 1.0, 1.0, 1.0, 0.0, 1.0, 0.0, 1.0, 1.0, 1.0, 1.0, 1.0, 0.0, 0.0, 0.0, 1.0, 1.0, 0.0, 1.0, 1.0, 0.0, 1.0, 1.0, 1.0, 1.0, 0.0, 0.0, 0.0, 1.0, 1.0, 0.0, 1.0, 1.0, 1.0, 1.0, 1.0, 1.0, 0.0, 0.0, 1.0, 0.0, 1.0, 0.0, 1.0, 1.0, 1.0, 0.0, 0.0, 0.0, 1.0, 0.0, 0.0, 1.0, 0.0, 0.0, 0.0, 0.0, 0.0, 0.0, 0.0, 1.0, 1.0, 1.0, 1.0, 1.0, 1.0, 0.0, 0.0, 1.0, 1.0, 1.0, 1.0, 0.0, 1.0, 0.0, 1.0, 0.0, 0.0, 1.0, 0.0, 0.0, 1.0, 0.0, 1.0, 0.0, 0.0, 0.0, 1.0, 0.0, 0.0, 1.0, 1.0, 0.0, 0.0, 0.0, 0.0, 1.0, 0.0, 0.0, 0.0, 1.0, 0.0, 0.0, 0.0, 1.0, 0.0, 1.0, 0.0, 1.0, 1.0, 1.0, 0.0, 0.0, 1.0, 0.0, 1.0, 0.0, 0.0, 1.0, 0.0, 1.0, 1.0, 0.0, 1.0, 1.0, 0.0, 0.0, 0.0, 1.0, 1.0, 0.0, 1.0, 0.0, 1.0, 1.0, 1.0, 0.0, 0.0, 0.0, 1.0, 0.0, 1.0, 0.0, 1.0, 0.0, 0.0, 0.0, 1.0, 0.0, 1.0, 0.0, 0.0, 0.0, 1.0, 0.0, 0.0, 1.0, 1.0, 0.0, 1.0, 0.0, 1.0, 1.0, 0.0, 0.0, 0.0, 0.0, 0.0, 1.0, 0.0, 0.0, 1.0, 0.0, 1.0, 1.0, 1.0, 1.0, 0.0, 1.0, 1.0, 0.0, 1.0, 0.0, 1.0, 1.0, 0.0, 1.0, 1.0, 0.0, 0.0, 0.0, 1.0, 0.0, 1.0, 0.0, 0.0, 1.0, 1.0, 1.0, 0.0, 0.0, 1.0, 0.0, 1.0, 0.0, 0.0, 1.0, 1.0, 1.0, 0.0, 1.0, 0.0, 1.0, 0.0, 1.0, 1.0, 1.0, 0.0, 0.0, 0.0, 1.0, 0.0, 0.0, 0.0, 1.0, 0.0, 0.0, 1.0, 1.0, 0.0, 0.0, 0.0, 1.0, 0.0, 0.0, 0.0, 1.0, 0.0, 1.0, 0.0, 1.0, 0.0, 1.0, 1.0, 1.0, 0.0, 1.0, 0.0, 1.0, 1.0, 1.0, 0.0, 1.0, 1.0, 0.0, 0.0, 1.0, 0.0, 0.0, 0.0, 1.0, 1.0, 1.0, 1.0, 1.0, 1.0, 0.0, 1.0, 0.0, 1.0, 1.0, 0.0, 1.0, 0.0, 0.0, 1.0, 0.0, 1.0, 0.0, 1.0, 1.0, 0.0, 1.0, 1.0, 0.0, 0.0, 0.0, 1.0, 0.0, 0.0, 1.0, 1.0, 0.0, 0.0, 0.0, 0.0, 1.0, 0.0, 0.0, 0.0, 0.0, 0.0, 0.0, 1.0, 1.0, 0.0, 0.0, 1.0, 1.0, 1.0, 0.0, 1.0, 1.0, 1.0, 0.0, 0.0, 1.0, 0.0, 0.0, 0.0, 0.0, 0.0, 1.0, 1.0, 0.0, 0.0, 1.0, 1.0, 0.0, 1.0, 0.0, 1.0, 1.0, 1.0, 0.0, 1.0, 1.0, 0.0, 0.0, 1.0, 1.0, 1.0, 1.0, 1.0, 1.0, 1.0, 1.0, 1.0, 0.0, 0.0, 1.0, 1.0, 0.0, 0.0, 0.0, 0.0, 0.0, 1.0, 0.0, 1.0, 0.0, 0.0, 0.0, 0.0, 1.0, 0.0, 0.0, 1.0, 1.0, 1.0, 1.0, 0.0, 0.0, 1.0, 0.0, 0.0, 0.0, 1.0, 1.0, 0.0, 1.0, 0.0, 1.0, 1.0, 0.0, 0.0, 1.0, 1.0, 1.0, 1.0, 1.0, 1.0, 1.0, 0.0, 0.0, 1.0, 0.0, 0.0, 0.0, 1.0, 1.0, 1.0, 1.0, 0.0, 1.0, 0.0, 1.0, 0.0, 0.0, 1.0, 1.0, 1.0, 0.0, 0.0, 0.0, 1.0, 0.0, 0.0, 1.0, 1.0, 0.0, 0.0, 0.0, 1.0, 0.0, 1.0, 1.0, 1.0, 0.0, 0.0, 0.0, 1.0, 1.0, 1.0, 1.0, 1.0, 1.0, 1.0, 1.0, 0.0, 1.0, 1.0, 0.0, 1.0, 1.0, 1.0, 1.0, 0.0, 0.0, 0.0, 0.0, 1.0, 0.0, 0.0, 1.0, 1.0, 0.0, 1.0, 1.0, 0.0, 0.0, 0.0, 1.0, 1.0, 1.0, 1.0, 1.0, 1.0, 1.0, 1.0, 1.0, 1.0, 1.0, 0.0, 1.0, 1.0, 0.0, 0.0, 0.0, 0.0, 1.0, 0.0, 1.0, 0.0, 0.0, 1.0, 1.0, 1.0, 0.0, 1.0, 1.0, 1.0, 1.0, 1.0, 0.0, 1.0, 0.0, 1.0, 0.0, 0.0, 0.0, 0.0, 1.0, 0.0, 1.0, 1.0, 0.0, 1.0, 0.0, 0.0, 1.0, 1.0, 0.0, 0.0, 1.0, 1.0, 0.0, 1.0, 0.0, 1.0, 1.0, 0.0, 0.0, 0.0, 0.0, 1.0, 1.0, 0.0, 0.0, 1.0, 0.0, 0.0, 0.0, 1.0, 1.0, 0.0, 1.0, 0.0, 0.0, 0.0, 0.0, 1.0, 0.0, 0.0, 1.0, 0.0, 0.0, 1.0, 0.0, 0.0, 1.0, 1.0, 0.0, 1.0, 1.0, 1.0, 0.0, 1.0, 0.0, 1.0, 0.0, 1.0, 1.0, 0.0, 1.0, 1.0, 0.0, 1.0, 0.0, 0.0, 0.0, 1.0, 1.0, 1.0, 0.0, 0.0, 0.0, 1.0, 1.0, 0.0, 1.0, 0.0, 1.0, 1.0, 0.0, 0.0, 0.0, 1.0, 1.0, 0.0, 1.0, 1.0, 0.0, 0.0, 0.0, 1.0, 1.0, 1.0, 0.0, 0.0, 0.0, 0.0, 1.0, 1.0, 1.0, 0.0, 0.0, 0.0, 1.0, 0.0, 1.0, 1.0, 0.0, 0.0, 1.0, 0.0, 0.0, 1.0, 1.0, 0.0, 1.0, 0.0, 1.0, 1.0, 0.0, 0.0, 1.0, 1.0, 0.0, 0.0, 1.0, 1.0, 0.0, 0.0, 0.0, 0.0, 0.0, 0.0, 1.0, 0.0, 0.0, 0.0, 1.0, 1.0, 0.0, 0.0, 1.0, 0.0, 1.0, 1.0, 1.0, 1.0, 0.0, 0.0, 0.0, 1.0, 0.0, 0.0, 1.0, 1.0, 1.0, 0.0, 1.0, 1.0, 1.0, 1.0, 0.0, 1.0, 0.0, 0.0, 1.0, 0.0, 0.0, 0.0, 0.0, 0.0, 0.0, 0.0, 1.0, 1.0, 1.0, 0.0, 1.0, 0.0, 0.0, 0.0, 1.0, 1.0, 0.0, 0.0, 1.0, 0.0, 1.0, 0.0, 0.0, 1.0, 0.0, 1.0, 0.0, 1.0, 0.0, 1.0, 1.0, 0.0, 1.0, 0.0, 0.0, 0.0, 1.0, 1.0, 1.0, 0.0, 1.0, 0.0, 0.0, 1.0, 1.0, 1.0, 1.0, 1.0, 1.0, 0.0, 1.0, 0.0, 0.0, 0.0, 1.0, 0.0, 0.0, 1.0, 0.0, 1.0, 0.0, 1.0, 0.0, 0.0, 0.0, 0.0, 1.0, 0.0, 0.0, 0.0, 1.0, 0.0, 0.0, 1.0, 1.0, 0.0, 0.0, 0.0, 1.0, 1.0, 0.0, 0.0, 1.0, 0.0, 0.0, 1.0, 1.0, 1.0, 0.0, 1.0, 0.0, 1.0, 1.0, 1.0, 0.0, 0.0, 1.0, 0.0, 0.0, 0.0, 1.0, 1.0, 0.0, 0.0, 1.0, 0.0, 0.0, 0.0, 0.0, 1.0, 0.0, 0.0, 1.0, 0.0, 0.0, 0.0, 0.0, 0.0, 0.0, 0.0, 1.0, 1.0, 0.0, 0.0, 1.0, 1.0, 0.0, 1.0, 0.0, 0.0, 0.0, 0.0, 0.0, 0.0, 0.0, 0.0, 1.0, 0.0, 1.0, 1.0, 1.0, 1.0, 1.0, 0.0, 0.0, 0.0, 1.0, 0.0, 1.0, 1.0, 1.0, 1.0, 0.0, 0.0, 1.0, 0.0, 0.0, 0.0, 1.0, 1.0, 1.0, 1.0, 0.0, 0.0, 0.0, 0.0, 0.0, 0.0, 0.0, 1.0, 1.0, 0.0, 0.0, 1.0, 1.0, 0.0, 0.0, 1.0, 1.0, 1.0, 1.0, 0.0, 0.0, 1.0, 0.0, 1.0, 0.0, 1.0, 0.0, 1.0, 1.0, 1.0, 0.0, 1.0, 1.0, 0.0, 1.0, 1.0, 1.0, 1.0, 1.0, 0.0, 1.0, 0.0, 1.0, 0.0, 1.0, 0.0, 1.0, 1.0, 1.0, 0.0, 0.0, 1.0, 0.0, 0.0, 1.0, 0.0, 0.0, 0.0, 0.0, 0.0, 0.0, 0.0, 0.0, 1.0, 1.0, 0.0, 0.0, 1.0, 0.0, 0.0, 1.0, 0.0, 1.0, 0.0, 1.0, 1.0, 1.0, 0.0, 0.0, 1.0, 1.0, 0.0, 1.0, 0.0, 0.0, 1.0, 0.0, 1.0, 0.0, 1.0, 1.0, 1.0, 1.0, 0.0, 1.0, 1.0, 0.0, 1.0, 1.0, 1.0, 1.0, 0.0, 0.0, 0.0, 1.0, 0.0, 1.0, 1.0, 1.0, 1.0, 0.0, 1.0, 0.0, 0.0, 0.0, 0.0, 0.0, 1.0, 1.0, 1.0, 0.0, 0.0, 1.0, 0.0, 1.0, 1.0, 1.0, 0.0, 1.0, 1.0, 1.0, 1.0, 1.0, 1.0, 1.0, 1.0, 1.0, 0.0, 0.0, 1.0, 1.0, 1.0, 1.0, 0.0, 0.0, 0.0, 0.0, 0.0, 0.0, 0.0, 1.0, 0.0, 1.0, 1.0, 1.0, 1.0, 0.0, 0.0, 1.0, 0.0, 1.0, 1.0, 1.0, 0.0, 1.0, 0.0, 0.0, 0.0, 0.0, 0.0, 0.0, 1.0, 1.0, 0.0, 0.0, 0.0, 1.0, 0.0, 0.0, 0.0, 0.0, 0.0, 0.0, 0.0, 0.0, 0.0, 0.0, 1.0, 0.0, 0.0, 1.0, 0.0, 1.0, 1.0, 1.0, 1.0, 1.0, 1.0, 0.0, 1.0, 0.0, 0.0, 1.0, 0.0, 0.0, 0.0, 0.0, 1.0, 1.0, 1.0, 0.0, 0.0, 0.0, 0.0, 1.0, 1.0, 1.0, 0.0, 1.0, 0.0, 1.0, 1.0, 1.0, 1.0, 0.0, 0.0, 0.0, 0.0, 0.0, 0.0, 0.0, 0.0, 1.0, 1.0, 0.0, 0.0, 1.0, 0.0, 1.0, 1.0, 1.0, 0.0, 0.0, 1.0, 0.0, 1.0, 1.0, 0.0, 0.0, 1.0, 0.0, 1.0, 0.0, 0.0, 1.0, 1.0, 0.0, 1.0, 1.0, 1.0, 0.0, 0.0, 0.0, 1.0, 0.0, 1.0, 0.0, 1.0, 0.0, 0.0, 0.0, 1.0, 0.0, 0.0, 0.0, 0.0, 0.0, 0.0, 0.0, 1.0, 0.0, 0.0, 0.0, 1.0, 0.0, 1.0, 0.0, 0.0, 0.0, 1.0, 1.0, 0.0, 1.0, 1.0, 0.0, 1.0, 1.0, 1.0, 1.0, 0.0, 0.0, 1.0, 1.0, 0.0, 1.0, 0.0, 0.0, 0.0, 1.0, 1.0, 1.0, 1.0, 0.0, 0.0, 1.0, 0.0, 0.0, 0.0, 0.0, 0.0, 0.0, 0.0, 0.0, 1.0, 1.0, 0.0, 1.0, 1.0, 0.0, 1.0, 0.0, 1.0, 1.0, 1.0, 0.0, 0.0, 0.0, 1.0, 0.0, 0.0, 1.0, 1.0, 0.0, 1.0, 1.0, 0.0, 1.0, 1.0, 1.0, 1.0, 1.0, 1.0, 1.0, 1.0, 0.0, 0.0, 0.0, 1.0, 1.0, 1.0, 0.0, 0.0, 1.0, 0.0, 0.0, 1.0, 1.0, 1.0, 0.0, 0.0, 1.0, 1.0, 0.0, 1.0, 1.0, 1.0, 0.0, 0.0, 0.0, 1.0, 1.0, 0.0, 1.0, 0.0, 0.0, 1.0, 0.0, 0.0, 0.0, 1.0, 0.0, 1.0, 1.0, 1.0, 1.0, 1.0, 1.0, 1.0, 1.0, 0.0, 1.0, 1.0, 0.0, 0.0, 1.0, 0.0, 1.0, 1.0, 1.0, 0.0, 0.0, 0.0, 1.0, 1.0, 1.0, 0.0, 0.0, 1.0, 1.0, 0.0, 1.0, 1.0, 0.0, 1.0, 1.0, 0.0, 0.0, 0.0, 1.0, 1.0, 0.0, 0.0, 0.0, 0.0, 1.0, 0.0, 1.0, 1.0, 0.0, 1.0, 0.0, 1.0, 0.0, 1.0, 0.0, 1.0, 1.0, 0.0, 0.0, 1.0, 1.0, 1.0, 0.0, 1.0, 0.0, 1.0, 0.0, 1.0, 0.0, 1.0, 0.0, 0.0, 1.0, 1.0, 1.0, 1.0, 1.0, 0.0, 1.0, 1.0, 1.0, 0.0, 0.0, 1.0, 0.0, 1.0, 0.0, 1.0, 0.0, 1.0, 0.0, 0.0, 0.0, 0.0, 1.0, 0.0, 1.0, 0.0, 1.0, 0.0, 1.0, 1.0, 0.0, 1.0, 0.0, 1.0, 1.0, 0.0, 0.0, 0.0, 0.0, 0.0, 0.0, 0.0, 0.0, 0.0, 0.0, 0.0, 1.0, 0.0, 0.0, 1.0, 1.0, 0.0, 0.0, 1.0, 1.0, 1.0, 0.0, 0.0, 0.0, 0.0, 1.0, 0.0, 1.0, 1.0, 1.0, 1.0, 0.0, 1.0, 1.0, 1.0, 0.0, 1.0, 1.0, 0.0, 0.0, 1.0, 1.0, 0.0, 1.0, 0.0, 0.0, 0.0, 0.0, 0.0, 0.0, 1.0, 1.0, 1.0, 0.0, 0.0, 1.0, 1.0, 1.0, 0.0, 1.0, 1.0, 1.0, 1.0, 1.0, 1.0, 0.0, 0.0, 0.0, 0.0, 0.0, 1.0, 0.0, 1.0, 1.0, 1.0, 1.0, 0.0, 1.0, 0.0, 1.0, 0.0, 0.0, 1.0, 1.0, 1.0, 1.0, 0.0, 0.0, 1.0, 0.0, 0.0, 0.0, 1.0, 1.0, 1.0, 1.0, 1.0, 0.0, 1.0, 1.0, 0.0, 0.0, 0.0, 1.0, 1.0, 1.0, 0.0, 1.0, 0.0, 0.0, 1.0, 1.0, 0.0, 0.0, 1.0, 0.0, 1.0, 1.0, 0.0, 1.0, 1.0, 1.0, 0.0, 0.0, 1.0, 1.0, 1.0, 1.0, 1.0, 0.0, 0.0, 1.0, 0.0, 1.0, 0.0, 1.0, 0.0, 0.0, 1.0, 1.0, 0.0, 0.0, 1.0, 0.0, 0.0, 1.0, 0.0, 1.0, 1.0, 0.0, 0.0, 0.0, 0.0, 0.0, 1.0, 1.0, 0.0, 0.0, 1.0, 0.0, 0.0, 0.0, 0.0, 1.0, 1.0, 0.0, 0.0, 1.0, 1.0, 0.0, 0.0, 1.0, 1.0, 0.0, 1.0, 1.0, 1.0, 0.0, 0.0, 1.0, 1.0, 1.0, 0.0, 1.0, 1.0, 1.0, 0.0, 0.0, 0.0, 0.0, 1.0, 0.0, 0.0, 1.0]","['lNONHSAG000047', 'lNONHSAG000769', 'lNONHSAG001278', 'lNONHSAG002731', 'lNONHSAG003957', 'lNONHSAG004026', 'lNONHSAG004305', 'lNONHSAG005728', 'lNONHSAG006049', 'lNONHSAG006633', 'lNONHSAG007430', 'lNONHSAG007431', 'lNONHSAG008589', 'lNONHSAG008670', 'lNONHSAG008952', 'lNONHSAG009039', 'lNONHSAG009059', 'lNONHSAG009062', 'lNONHSAG009134', 'lNONHSAG010657', 'lNONHSAG011086', 'lNONHSAG011375', 'lNONHSAG012751', 'lNONHSAG013992', 'lNONHSAG014546', 'lNONHSAG014891', 'lNONHSAG017254', 'lNONHSAG017282', 'lNONHSAG017666', 'lNONHSAG017767', 'lNONHSAG018053', 'lNONHSAG018110', 'lNONHSAG018236', 'lNONHSAG018586', 'lNONHSAG019667', 'lNONHSAG019767', 'lNONHSAG019852', 'lNONHSAG020075', 'lNONHSAG020259', 'lNONHSAG020361', 'lNONHSAG020382', 'lNONHSAG020760', 'lNONHSAG021909', 'lNONHSAG022551', 'lNONHSAG022579', 'lNONHSAG023375', 'lNONHSAG023668', 'lNONHSAG024117', 'lNONHSAG024391', 'lNONHSAG024540', 'lNONHSAG024905', 'lNONHSAG024908', 'lNONHSAG024979', 'lNONHSAG025135', 'lNONHSAG025744', 'lNONHSAG025907', 'lNONHSAG026721', 'lNONHSAG027374', 'lNONHSAG027618', 'lNONHSAG027874', 'lNONHSAG029960', 'lNONHSAG030440', 'lNONHSAG030525', 'lNONHSAG030738', 'lNONHSAG031261', 'lNONHSAG031453', 'lNONHSAG031991', 'lNONHSAG032267', 'lNONHSAG032724', 'lNONHSAG033168', 'lNONHSAG033528', 'lNONHSAG034217', 'lNONHSAG034527', 'lNONHSAG034801', 'lNONHSAG035262', 'lNONHSAG035914', 'lNONHSAG035916', 'lNONHSAG035923', 'lNONHSAG040241', 'lNONHSAG040269', 'lNONHSAG040444', 'lNONHSAG040909', 'lNONHSAG040969', 'lNONHSAG041966', 'lNONHSAG042855', 'lNONHSAG042991', 'lNONHSAG043138', 'lNONHSAG043592', 'lNONHSAG044350', 'lNONHSAG045306', 'lNONHSAG046839', 'lNONHSAG047725', 'lNONHSAG047851', 'lNONHSAG048302', 'lNONHSAG049901', 'lNONHSAG050073', 'lNONHSAG050284', 'lNONHSAG050929', 'lNONHSAG051196', 'lNONHSAG051245', 'lNONHSAG051250', 'lNONHSAG051454', 'lNONHSAG052179', 'lNONHSAG052491', 'lNONHSAG052492', 'lNONHSAG053590', 'lNONHSAG054717', 'lNONHSAG056025', 'lNONHSAG057260', 'lNONHSAG059768', 'lNONHSAG064962', 'lNONHSAG069876', 'lNONHSAG072176', 'lNONHSAG073380', 'lNONHSAG073786', 'lNONHSAG077551', 'lNONHSAG091452', 'lNONHSAG103817', 'lENSG00000163364', 'lENSG00000179406', 'lENSG00000189295', 'lENSG00000229335', 'lENSG00000231473', 'lENSG00000233532', 'lENSG00000235385', 'lENSG00000247400', 'lENSG00000249835', 'lENSG00000249993', 'lENSG00000253315', 'lENSG00000254480', 'lENSG00000267440', 'lENSG00000267858', 'lENSG00000269939', 'lENSG00000270344', 'lENSG00000270959', 'lENSG00000286737', 'lENSG00000288080', 'lADAMTS9-AS2', 'lHEIH', 'lJRK', 'lKTN1-AS1', 'lLINC00240', 'lLINC00333', 'lLINC00472', 'lMIR31HG', 'lCTD-2540L5.5', 'lRP11-123O10.4', 'lRP11-24P14.1', 'lRP11-305P14.1', 'lRP4-756H11.3', 'lXXbac-BPG300A18.13', 'lNONHSAG001171', 'lNONHSAG001258', 'lNONHSAG001435', 'lNONHSAG002403', 'lNONHSAG002816', 'lNONHSAG003810', 'lNONHSAG005679', 'lNONHSAG005717', 'lNONHSAG005842', 'lNONHSAG005853', 'lNONHSAG005857', 'lNONHSAG005939', 'lNONHSAG005985', 'lNONHSAG006012', 'lNONHSAG006103', 'lNONHSAG006183', 'lNONHSAG006324', 'lNONHSAG006434', 'lNONHSAG006440', 'lNONHSAG006586', 'lNONHSAG006716', 'lNONHSAG006750', 'lNONHSAG006883', 'lNONHSAG007087', 'lNONHSAG007155', 'lNONHSAG007172', 'lNONHSAG007259', 'lNONHSAG007298', 'lNONHSAG007574', 'lENSG00000203472', 'lENSG00000219410', 'lENSG00000223563', 'lENSG00000224095', 'lENSG00000224330', 'lENSG00000224844', 'lENSG00000224972', 'lENSG00000225929', 'lENSG00000226143', 'lENSG00000226398', 'lENSG00000227330', 'lENSG00000227482', 'lENSG00000227718', 'lENSG00000228215', 'lENSG00000228372', 'lENSG00000229152', 'lENSG00000230121', 'lENSG00000230483', 'lENSG00000230668', 'lENSG00000230826', 'lENSG00000230912', 'lENSG00000231114', 'lENSG00000231413', 'lENSG00000231440', 'lENSG00000231681', 'lENSG00000232328', 'lENSG00000232746', 'lENSG00000234055', 'lENSG00000234172', 'lENSG00000234653', 'lENSG00000235086', 'lENSG00000235635', 'lENSG00000236326', 'lENSG00000236662', 'lENSG00000236921', 'lENSG00000236951', 'lENSG00000236953', 'lENSG00000237477', 'lENSG00000238291', 'lENSG00000239415', 'lENSG00000242545', 'lENSG00000242618', 'lENSG00000243961', 'lENSG00000244461', 'lENSG00000248245', 'lENSG00000248935', 'lENSG00000249071', 'lENSG00000249099', 'lENSG00000249706', 'lENSG00000249892', 'lENSG00000250186', 'lENSG00000250665', 'lENSG00000250866', 'lENSG00000251414', 'lENSG00000253627', 'lENSG00000253722', 'lENSG00000253782', 'lENSG00000254559', 'lENSG00000254563', 'lENSG00000254592', 'lENSG00000254879', 'lENSG00000254913', 'lENSG00000254972', 'lENSG00000255555', 'lENSG00000256568', 'lENSG00000257105', 'lENSG00000257470', 'lENSG00000258185', 'lENSG00000258210', 'lENSG00000258220', 'lENSG00000258379', 'lENSG00000258451', 'lENSG00000259026', 'lENSG00000259223', 'lENSG00000259342', 'lENSG00000259351', 'lENSG00000259659', 'lENSG00000260158', 'lENSG00000260970', 'lENSG00000261432', 'lENSG00000261569', 'lENSG00000261838', 'lENSG00000262298', 'lENSG00000262533', 'lENSG00000264486', 'lENSG00000264520', 'lENSG00000264577', 'lENSG00000265400', 'lENSG00000266341', 'lENSG00000266651', 'lENSG00000266844', 'lENSG00000267255', 'lENSG00000267354', 'lENSG00000267387', 'lENSG00000267665', 'lENSG00000267838', 'lENSG00000268240', 'lENSG00000269321', 'lENSG00000269656', 'lENSG00000269867', 'lENSG00000270996', 'lENSG00000271763', 'lENSG00000272159', 'lENSG00000272814', 'lENSG00000273568', 'lENSG00000274624', 'lENSG00000275401', 'lENSG00000275576', 'lENSG00000276668', 'lENSG00000278202', 'lENSG00000279088', 'lENSG00000279240', 'lENSG00000284513', 'lENSG00000285325', 'lENSG00000285857', 'lENSG00000285998', 'lENSG00000286010', 'lENSG00000286670', 'lENSG00000286698', 'lENSG00000286803', 'lENSG00000286850', 'lENSG00000287028', 'lENSG00000287030', 'lENSG00000287202', 'lENSG00000287366', 'lENSG00000287462', 'lENSG00000287550', 'lENSG00000287587', 'lENSG00000287684', 'lENSG00000223379', 'lENSG00000232636', 'lENSG00000233987', 'lENSG00000234998', 'lENSG00000236453', 'lENSG00000242375', 'lENSG00000248991', 'lENSG00000250567', 'lENSG00000251654', 'lENSG00000257962', 'lENSG00000258386', 'lENSG00000259209', 'lENSG00000267081', 'lENSG00000265556']","[1.0, 1.0, 0.0, 0.0, 0.0, 0.0, 0.0, 1.0, 0.0, 1.0, 0.0, 1.0, 0.0, 0.0, 1.0, 0.0, 1.0, 1.0, 0.0, 0.0, 0.0, 1.0, 0.0, 0.0, 0.0, 1.0, 0.0, 1.0, 1.0, 0.0, 0.0, 0.0, 1.0, 0.0, 0.0, 0.0, 1.0, 1.0, 1.0, 1.0, 1.0, 1.0, 1.0, 1.0, 1.0, 1.0, 0.0, 0.0, 1.0, 1.0, 1.0, 0.0, 0.0, 1.0, 1.0, 0.0, 1.0, 1.0, 0.0, 1.0, 0.0, 0.0, 0.0, 0.0, 1.0, 1.0, 0.0, 0.0, 0.0, 1.0, 0.0, 1.0, 0.0, 1.0, 1.0, 1.0, 1.0, 0.0, 0.0, 0.0, 1.0, 1.0, 1.0, 1.0, 1.0, 0.0, 1.0, 1.0, 1.0, 0.0, 1.0, 0.0, 1.0, 0.0, 1.0, 1.0, 1.0, 0.0, 0.0, 0.0, 0.0, 1.0, 1.0, 1.0, 0.0, 1.0, 0.0, 0.0, 1.0, 0.0, 0.0, 1.0, 1.0, 0.0, 1.0, 1.0, 1.0, 1.0, 1.0, 1.0, 0.0, 0.0, 1.0, 1.0, 0.0, 0.0, 0.0, 1.0, 0.0, 1.0, 1.0, 1.0, 0.0, 1.0, 0.0, 1.0, 0.0, 0.0, 1.0, 1.0, 0.0, 0.0, 0.0, 0.0, 0.0, 1.0, 1.0, 0.0, 0.0, 1.0, 0.0, 0.0, 1.0, 1.0, 0.0, 1.0, 0.0, 1.0, 1.0, 0.0, 1.0, 1.0, 0.0, 0.0, 1.0, 0.0, 1.0, 0.0, 1.0, 1.0, 1.0, 0.0, 1.0, 1.0, 0.0, 1.0, 1.0, 1.0, 0.0, 1.0, 0.0, 0.0, 1.0, 0.0, 1.0, 0.0, 0.0, 0.0, 0.0, 1.0, 1.0, 1.0, 1.0, 1.0, 1.0, 1.0, 1.0, 0.0, 0.0, 0.0, 1.0, 0.0, 0.0, 1.0, 0.0, 1.0, 1.0, 1.0, 1.0, 1.0, 1.0, 0.0, 0.0, 1.0, 1.0, 0.0, 0.0, 0.0, 1.0, 0.0, 1.0, 0.0, 1.0, 0.0, 0.0, 0.0, 0.0, 1.0, 1.0, 0.0, 0.0, 1.0, 0.0, 1.0, 1.0, 0.0, 0.0, 1.0, 1.0, 1.0, 1.0, 0.0, 0.0, 0.0, 0.0, 1.0, 0.0, 1.0, 1.0, 0.0, 0.0, 1.0, 0.0, 0.0, 0.0, 0.0, 1.0, 1.0, 1.0, 1.0, 1.0, 1.0, 1.0, 0.0, 0.0, 0.0, 1.0, 1.0, 0.0, 0.0, 1.0, 0.0, 1.0, 1.0, 0.0, 1.0, 0.0, 1.0, 1.0, 1.0, 1.0, 1.0, 1.0, 1.0, 1.0, 1.0, 1.0, 0.0, 1.0, 1.0, 1.0, 0.0, 1.0, 0.0, 1.0, 0.0, 0.0, 0.0, 1.0, 1.0, 1.0, 1.0, 0.0, 0.0, 1.0, 0.0, 1.0, 1.0, 1.0, 1.0, 1.0, 1.0, 0.0, 0.0, 0.0, 1.0, 1.0, 1.0, 0.0, 1.0, 0.0, 0.0, 0.0]","[0, 0, 1, 1, 1, 0, 0, 1, 0, 0, 0, 0, 0, 0, 1, 0, 0, 0, 1, 0, 1, 1, 1, 1, 0, 0, 1, 1, 0, 1, 0, 1, 1, 0, 0, 0, 1, 1, 1, 1, 1, 0, 0, 1, 0, 0, 1, 1, 1, 0, 1, 0, 1, 1, 1, 0, 1, 0, 0, 1, 0, 1, 0, 0, 0, 0, 1, 1, 1, 1, 0, 0, 1, 1, 1, 0, 1, 0, 1, 0, 1, 0, 1, 0, 1, 0, 0, 1, 0, 0, 0, 0, 0, 1, 0, 1, 0, 1, 1, 0, 1, 0, 0, 1, 1, 1, 0, 0, 0, 1, 0, 0, 0, 1, 1, 1, 1, 1, 1, 1, 0, 0, 0, 1, 1, 1, 0, 1, 1, 0, 0, 1, 1, 1, 1, 1, 0, 1, 1, 0, 0, 0, 1, 0, 0, 1, 1, 0, 0, 0, 0, 0, 0, 1, 0, 0, 0, 0, 0, 0, 0, 1, 0, 0, 1, 1, 0, 0, 1, 1, 0, 0, 0, 0, 0, 0, 1, 1, 0, 1, 1, 1, 1, 0, 1, 0, 1, 0, 1, 0, 1, 0, 0, 1, 1, 1, 0, 1, 0, 0, 1, 0, 0, 0, 0, 0, 0, 1, 0, 0, 0, 1, 0, 1, 0, 1, 0, 0, 0, 0, 1, 1, 0, 0, 1, 1, 0, 0, 1, 0, 1, 0, 1, 1, 1, 1, 1, 1, 1, 0, 1, 0, 1, 1, 0, 0, 1, 0, 1, 1, 0, 0, 1, 1, 0, 1, 1, 1, 1, 1, 1, 0, 1, 0, 1, 1, 0, 1, 0, 0, 0, 1, 0, 1, 1, 1, 1, 0, 0, 1, 1, 0, 1, 1, 1, 0, 0, 1, 1, 1, 0, 1, 1, 0, 1, 0, 0, 0, 1, 1, 1, 1, 1, 1, 0, 1, 0, 0, 1, 1, 0, 0, 1, 0, 1, 0, 1, 0, 0, 1, 1, 1, 1]","[-0.18782150905167105, -0.11676229911730784, 0.15208306273979266, 0.14334227437922697, 0.06232289821293824, -0.08043814010080785, -0.03597620857942241, 0.2838251105706342, -0.1360496573908292, -0.2615198956485263, -0.04018807504173205, -0.02516524300960965, -0.0025207775438862434, -1.3949271740859595, 0.04222172554150161, -0.04978229980925919, -0.08621298851984482, -0.08987026952759747, 0.0012971107502237622, -0.037404590232225754, 0.17827222095343886, 0.16079837156627663, 0.16110861780504804, 0.16349341729865818, -0.033289937909505074, -0.09442474273642354, 0.23617320523681462, 0.11554998350678636, -0.08306190867704144, 0.043150594644295825, -0.5851779488980706, 0.06649852758855657, 0.2969866894283153, -0.09747108865862453, -0.19907956274963778, -0.1934982502211402, 0.06577815624354022, 0.010003049661950758, 0.1985948331607994, 0.010429544873921781, 0.35358106478537676, -0.22818032832548107, -0.08607060316330228, 0.04109677964260383, -0.177549431255827, -0.004302814985996495, 0.2187531082260077, 0.18281139017987824, 0.12579923125227177, -0.10463622369128656, 0.23800571391364622, -0.012398321141787072, 0.5293930056267677, 0.25203648003191903, 0.17288355680212453, -0.1546357866514625, 0.07561698291689778, -0.03639005385988314, -0.4630714906479132, 0.18267014887711186, -0.16880025746342975, 0.2530650415552613, -0.14670344446524863, -0.010975090276919897, -0.16762722620486015, -0.055360829197935946, 0.1419175243413009, 0.04719253772919485, 0.22587543112296293, 0.04403616589051351, -0.14902146234076552, -0.21573631189177656, 0.08124888094920957, 0.11360502997857092, 0.0017364428423900513, -0.12231662141599342, 0.08995563399159723, -0.250943229351567, 0.3450569770952945, -0.10527984481719077, 0.04299107248502976, -0.03440744098363302, 0.09361683011471156, -0.02634324268844912, 0.2799815861701167, -0.12477601027124807, -0.014576841854232914, 0.2702703925763301, -0.07654289174511453, -0.08836582659420467, -0.051013261283237465, -0.05692120761293529, -0.05103594443477322, 0.3739254313354903, -0.1019178051492724, 0.1895745950081964, -0.08802963077148673, 0.03001626457254014, 0.02495870879484352, -0.024505736464306427, 0.3909393646532897, -0.1413264307231361, -0.042455779091890467, 0.0300479482713798, 0.16561653248330233, 0.10025670068500725, -0.002404415502839985, -0.18433345958122827, -0.14297274410178007, 0.09649029844091883, -0.0985822679407593, -0.04869282035156486, -0.017866078955530273, 0.11354293278298977, 0.07386414557686605, 0.09245126706636819, 0.1063869087118241, 0.21761354792572574, 0.36903575889084417, 0.10355913515528359, -0.059638214769883735, -0.009197023750626254, -0.03665548017482623, 0.11877534590440275, 0.09806032888570781, 0.04107600461113803, -0.029392501380332003, 0.09029944470250895, 0.14066184967127482, -0.07991913602499023, -0.06945266952038542, 0.45918471630819235, 0.11784727322127297, 0.380723732856048, 0.11452794907352315, 0.004814483575898532, -0.06456125024796888, 0.20979341477048896, 0.3904363014700336, -0.07569986373894766, -0.02164379237816716, -0.22738633191674085, 0.02317933639123071, -0.054009898227714626, -0.18809289433127008, 0.016328442272653287, 0.07304539083106087, -0.24108809366997752, -0.1727929362952083, -0.13204068469508146, -0.26608006021939845, -0.22629770265057614, -0.0779096725387265, 0.12862888133862294, -0.25501130304388164, -0.0032095612473583834, -0.28428355180246045, -0.08930030169735881, -0.026941194348393704, -0.47751749208810645, -0.04413465699982089, 0.06389536785433103, -0.03518863913821102, -0.12094837334344044, 0.16581471169318318, 0.04020478807226313, -0.04740409796699341, -0.053537320257036836, 0.05136333914687219, 0.10234639766564557, -0.08481923532774305, -0.10231182036616149, -0.3084866214843687, -0.036793217757090435, -0.13146251468423253, -0.13054214153899713, 0.19370200255778025, 0.07991227526477251, -0.109137969242727, 0.07455314709819261, 0.2838230313203707, 0.1847723296822985, 0.2748470297544068, -0.0646708009074719, 0.018630279531751004, -0.12658993038754085, 0.001859764081952875, -0.17958439178869767, 0.035916115054140274, -0.26245016672407084, 0.08492731083600669, -0.030969204614347934, -0.11644301658638634, 0.12452748369030298, 0.00449907073396405, 0.10466763555985059, -0.14568405503729887, 0.23983251159110397, -0.03438587780707403, -0.06057589381897932, 0.2517271930752316, -0.14470709079806765, -0.064540920002361, -0.08915236725779119, -0.057683604682269074, -0.07868552381179184, -0.13915096839848173, 0.04073145017815216, -0.06487208500902097, -0.012146074869791246, -0.1436965795591436, 0.11077929836734723, -0.2405166262391112, 0.33304842312792315, -0.09860141965879254, 0.154268441005327, -0.14348620372912668, -0.1189692982222943, -0.04251050093989894, -0.03405339572551247, 0.1427777141171762, 0.12695347746272878, -0.06319582989462846, -0.0794068489087878, 0.24040373243652136, 0.06144112538263302, -0.007631054671627613, -0.049808775205490985, 0.2831760419285314, -0.07126652182421411, 0.24260185309253446, -0.19852831247811364, 0.14104321401699282, 0.09550348404427167, 0.24012537875054152, 0.21024512169433018, 0.013190559021921455, 0.2520988359855738, 0.12796382372399728, -0.010834245437177703, 0.07743895417380742, -0.01543663000554707, 0.11215738504582395, 0.1947955602824636, -0.12747608717578496, -0.27709076391883114, 0.1871925199413922, -0.004726510689676555, 0.4698637379079087, 0.00902635299417609, -0.004730651497741878, -0.007357080535736582, 0.12598746109291925, 0.07498992966563334, -0.14536506740952904, 0.048130265086080204, 0.03706936444134845, 0.05934009798905704, 0.03371792480663194, 0.03944512481264928, 0.12783957249193323, -0.13240564597027804, 0.05324519432962527, -0.012890309650201548, 0.11768430362752857, 0.10903681684032884, -0.1783082933929614, 0.11448638677997147, -0.014535261775422637, -0.012212161540336997, -0.34532573934462674, 0.07202050698173901, -0.08856079744119283, 0.3523451164393667, 0.1555213152527668, 0.11232143312696996, 0.312662469229267, -0.008250752494116664, -0.07653634072378646, 0.07423271709832191, 0.409526411703816, -0.08305073642890948, 0.03957974527679342, 0.013658952433417415, 0.07570507914140245, -0.19077880393698932, -0.21584080062962085, 0.007870921983476276, 0.4994814389224822, 0.12525272514573027, -0.013673988928083691, 0.05481446972343962, 0.15334706056070013, -0.10122590229671813, 0.0675790727257044, -0.19852379000657283, -0.23963619654277712, -0.10890206657399881, 0.12513191585182115, 0.22155173435240405, 0.1708389298307771, 0.10951196571919075, 0.41075476598355953, 0.20590963297600373, -0.0800085186203181, 0.01667901005487371, -0.07454812815666445, -0.1052319207444623, 0.2580667610816749, 0.03527790074139192, -0.010550213292333854, -0.09503292185560364, 0.006233369548100054, -0.06505615554777444, 0.0624322890147746, -0.016218690726823137, 0.24548428966190228, -0.27889787497418395, -0.19054643214014133, 0.04950723681617797, 0.14247398213876794, 0.28426362798898186, 0.02415952822632006]"
