Fold,Train_IDs,Train_Labels,Test_IDs,Test_Labels,Predictions,Decision_Scores
1,"['lNONHSAG000047', 'lNONHSAG000059', 'lNONHSAG000069', 'lNONHSAG000130', 'lNONHSAG000158', 'lNONHSAG000195', 'lNONHSAG000241', 'lNONHSAG000253', 'lNONHSAG000310', 'lNONHSAG000311', 'lNONHSAG000374', 'lNONHSAG000381', 'lNONHSAG000464', 'lNONHSAG000498', 'lNONHSAG000579', 'lNONHSAG000603', 'lNONHSAG000625', 'lNONHSAG000742', 'lNONHSAG000769', 'lNONHSAG000840', 'lNONHSAG000843', 'lNONHSAG000863', 'lNONHSAG000884', 'lNONHSAG000938', 'lNONHSAG000967', 'lNONHSAG001142', 'lNONHSAG001238', 'lNONHSAG001278', 'lNONHSAG001284', 'lNONHSAG001360', 'lNONHSAG001375', 'lNONHSAG001448', 'lNONHSAG001468', 'lNONHSAG001499', 'lNONHSAG001513', 'lNONHSAG001696', 'lNONHSAG001724', 'lNONHSAG001941', 'lNONHSAG001993', 'lNONHSAG002056', 'lNONHSAG002058', 'lNONHSAG002086', 'lNONHSAG002343', 'lNONHSAG002359', 'lNONHSAG002376', 'lNONHSAG002378', 'lNONHSAG002454', 'lNONHSAG002490', 'lNONHSAG002549', 'lNONHSAG002617', 'lNONHSAG002669', 'lNONHSAG002701', 'lNONHSAG002731', 'lNONHSAG002752', 'lNONHSAG002859', 'lNONHSAG002883', 'lNONHSAG002978', 'lNONHSAG003053', 'lNONHSAG003068', 'lNONHSAG003074', 'lNONHSAG003077', 'lNONHSAG003119', 'lNONHSAG003134', 'lNONHSAG003198', 'lNONHSAG003244', 'lNONHSAG003260', 'lNONHSAG003269', 'lNONHSAG003303', 'lNONHSAG003374', 'lNONHSAG003504', 'lNONHSAG003505', 'lNONHSAG003512', 'lNONHSAG003645', 'lNONHSAG003820', 'lNONHSAG003874', 'lNONHSAG003884', 'lNONHSAG003886', 'lNONHSAG003900', 'lNONHSAG003911', 'lNONHSAG003938', 'lNONHSAG003957', 'lNONHSAG003976', 'lNONHSAG004013', 'lNONHSAG004026', 'lNONHSAG004054', 'lNONHSAG004095', 'lNONHSAG004247', 'lNONHSAG004305', 'lNONHSAG004373', 'lNONHSAG004619', 'lNONHSAG004673', 'lNONHSAG004674', 'lNONHSAG004714', 'lNONHSAG004743', 'lNONHSAG004779', 'lNONHSAG004868', 'lNONHSAG005084', 'lNONHSAG005153', 'lNONHSAG005339', 'lNONHSAG005377', 'lNONHSAG005403', 'lNONHSAG005482', 'lNONHSAG005669', 'lNONHSAG005699', 'lNONHSAG005721', 'lNONHSAG005728', 'lNONHSAG005732', 'lNONHSAG005742', 'lNONHSAG005780', 'lNONHSAG005838', 'lNONHSAG005866', 'lNONHSAG005920', 'lNONHSAG006007', 'lNONHSAG006049', 'lNONHSAG006050', 'lNONHSAG006054', 'lNONHSAG006071', 'lNONHSAG006204', 'lNONHSAG006212', 'lNONHSAG006238', 'lNONHSAG006301', 'lNONHSAG006362', 'lNONHSAG006454', 'lNONHSAG006457', 'lNONHSAG006474', 'lNONHSAG006526', 'lNONHSAG006633', 'lNONHSAG006678', 'lNONHSAG006692', 'lNONHSAG006756', 'lNONHSAG006763', 'lNONHSAG006865', 'lNONHSAG006945', 'lNONHSAG006966', 'lNONHSAG007109', 'lNONHSAG007295', 'lNONHSAG007324', 'lNONHSAG007384', 'lNONHSAG007430', 'lNONHSAG007431', 'lNONHSAG007434', 'lNONHSAG007455', 'lNONHSAG007463', 'lNONHSAG007487', 'lNONHSAG007538', 'lNONHSAG007602', 'lNONHSAG007631', 'lNONHSAG007692', 'lNONHSAG007715', 'lNONHSAG007868', 'lNONHSAG007984', 'lNONHSAG008015', 'lNONHSAG008037', 'lNONHSAG008167', 'lNONHSAG008199', 'lNONHSAG008220', 'lNONHSAG008354', 'lNONHSAG008552', 'lNONHSAG008589', 'lNONHSAG008615', 'lNONHSAG008654', 'lNONHSAG008670', 'lNONHSAG008675', 'lNONHSAG008693', 'lNONHSAG008728', 'lNONHSAG008859', 'lNONHSAG008937', 'lNONHSAG008952', 'lNONHSAG008966', 'lNONHSAG009021', 'lNONHSAG009039', 'lNONHSAG009059', 'lNONHSAG009062', 'lNONHSAG009130', 'lNONHSAG009133', 'lNONHSAG009134', 'lNONHSAG009174', 'lNONHSAG009180', 'lNONHSAG009193', 'lNONHSAG009228', 'lNONHSAG009546', 'lNONHSAG009613', 'lNONHSAG009728', 'lNONHSAG009747', 'lNONHSAG009755', 'lNONHSAG009782', 'lNONHSAG009913', 'lNONHSAG009938', 'lNONHSAG009945', 'lNONHSAG009950', 'lNONHSAG009968', 'lNONHSAG009989', 'lNONHSAG010021', 'lNONHSAG010117', 'lNONHSAG010179', 'lNONHSAG010186', 'lNONHSAG010189', 'lNONHSAG010190', 'lNONHSAG010193', 'lNONHSAG010194', 'lNONHSAG010200', 'lNONHSAG010348', 'lNONHSAG010352', 'lNONHSAG010405', 'lNONHSAG010657', 'lNONHSAG010658', 'lNONHSAG010716', 'lNONHSAG010792', 'lNONHSAG010798', 'lNONHSAG010940', 'lNONHSAG010986', 'lNONHSAG010989', 'lNONHSAG011028', 'lNONHSAG011057', 'lNONHSAG011084', 'lNONHSAG011086', 'lNONHSAG011121', 'lNONHSAG011230', 'lNONHSAG011264', 'lNONHSAG011337', 'lNONHSAG011343', 'lNONHSAG011375', 'lNONHSAG011446', 'lNONHSAG011518', 'lNONHSAG011524', 'lNONHSAG011576', 'lNONHSAG011633', 'lNONHSAG011658', 'lNONHSAG011854', 'lNONHSAG011870', 'lNONHSAG011935', 'lNONHSAG012025', 'lNONHSAG012076', 'lNONHSAG012077', 'lNONHSAG012099', 'lNONHSAG012297', 'lNONHSAG012339', 'lNONHSAG012367', 'lNONHSAG012375', 'lNONHSAG012423', 'lNONHSAG012476', 'lNONHSAG012505', 'lNONHSAG012534', 'lNONHSAG012540', 'lNONHSAG012549', 'lNONHSAG012594', 'lNONHSAG012617', 'lNONHSAG012751', 'lNONHSAG012791', 'lNONHSAG013005', 'lNONHSAG013060', 'lNONHSAG013095', 'lNONHSAG013388', 'lNONHSAG013431', 'lNONHSAG013475', 'lNONHSAG013515', 'lNONHSAG013534', 'lNONHSAG013568', 'lNONHSAG013708', 'lNONHSAG013730', 'lNONHSAG013790', 'lNONHSAG013912', 'lNONHSAG013917', 'lNONHSAG013940', 'lNONHSAG013942', 'lNONHSAG013946', 'lNONHSAG013954', 'lNONHSAG013992', 'lNONHSAG014098', 'lNONHSAG014112', 'lNONHSAG014130', 'lNONHSAG014332', 'lNONHSAG014362', 'lNONHSAG014373', 'lNONHSAG014381', 'lNONHSAG014496', 'lNONHSAG014502', 'lNONHSAG014546', 'lNONHSAG014672', 'lNONHSAG014679', 'lNONHSAG014730', 'lNONHSAG014890', 'lNONHSAG014891', 'lNONHSAG014914', 'lNONHSAG015044', 'lNONHSAG015163', 'lNONHSAG015215', 'lNONHSAG015234', 'lNONHSAG015352', 'lNONHSAG015417', 'lNONHSAG015454', 'lNONHSAG015505', 'lNONHSAG015591', 'lNONHSAG015623', 'lNONHSAG015692', 'lNONHSAG015723', 'lNONHSAG015787', 'lNONHSAG015788', 'lNONHSAG015961', 'lNONHSAG016021', 'lNONHSAG016068', 'lNONHSAG016118', 'lNONHSAG016199', 'lNONHSAG016307', 'lNONHSAG016395', 'lNONHSAG016403', 'lNONHSAG016486', 'lNONHSAG016487', 'lNONHSAG016576', 'lNONHSAG016611', 'lNONHSAG016618', 'lNONHSAG016623', 'lNONHSAG016733', 'lNONHSAG016741', 'lNONHSAG016749', 'lNONHSAG016771', 'lNONHSAG016822', 'lNONHSAG016893', 'lNONHSAG017020', 'lNONHSAG017060', 'lNONHSAG017232', 'lNONHSAG017238', 'lNONHSAG017254', 'lNONHSAG017282', 'lNONHSAG017288', 'lNONHSAG017344', 'lNONHSAG017347', 'lNONHSAG017349', 'lNONHSAG017376', 'lNONHSAG017377', 'lNONHSAG017379', 'lNONHSAG017486', 'lNONHSAG017504', 'lNONHSAG017567', 'lNONHSAG017666', 'lNONHSAG017767', 'lNONHSAG017882', 'lNONHSAG017890', 'lNONHSAG017899', 'lNONHSAG018053', 'lNONHSAG018054', 'lNONHSAG018058', 'lNONHSAG018110', 'lNONHSAG018180', 'lNONHSAG018203', 'lNONHSAG018236', 'lNONHSAG018313', 'lNONHSAG018322', 'lNONHSAG018326', 'lNONHSAG018341', 'lNONHSAG018372', 'lNONHSAG018415', 'lNONHSAG018416', 'lNONHSAG018420', 'lNONHSAG018530', 'lNONHSAG018586', 'lNONHSAG018621', 'lNONHSAG018635', 'lNONHSAG018656', 'lNONHSAG018659', 'lNONHSAG018707', 'lNONHSAG018709', 'lNONHSAG018711', 'lNONHSAG018829', 'lNONHSAG018889', 'lNONHSAG018893', 'lNONHSAG018903', 'lNONHSAG019003', 'lNONHSAG019014', 'lNONHSAG019021', 'lNONHSAG019023', 'lNONHSAG019031', 'lNONHSAG019049', 'lNONHSAG019079', 'lNONHSAG019090', 'lNONHSAG019115', 'lNONHSAG019221', 'lNONHSAG019270', 'lNONHSAG019332', 'lNONHSAG019370', 'lNONHSAG019439', 'lNONHSAG019613', 'lNONHSAG019667', 'lNONHSAG019670', 'lNONHSAG019711', 'lNONHSAG019767', 'lNONHSAG019813', 'lNONHSAG019814', 'lNONHSAG019848', 'lNONHSAG019852', 'lNONHSAG019878', 'lNONHSAG019898', 'lNONHSAG019967', 'lNONHSAG020066', 'lNONHSAG020068', 'lNONHSAG020075', 'lNONHSAG020091', 'lNONHSAG020107', 'lNONHSAG020153', 'lNONHSAG020155', 'lNONHSAG020218', 'lNONHSAG020223', 'lNONHSAG020252', 'lNONHSAG020259', 'lNONHSAG020260', 'lNONHSAG020273', 'lNONHSAG020274', 'lNONHSAG020277', 'lNONHSAG020281', 'lNONHSAG020298', 'lNONHSAG020304', 'lNONHSAG020307', 'lNONHSAG020312', 'lNONHSAG020339', 'lNONHSAG020361', 'lNONHSAG020367', 'lNONHSAG020372', 'lNONHSAG020374', 'lNONHSAG020382', 'lNONHSAG020403', 'lNONHSAG020474', 'lNONHSAG020600', 'lNONHSAG020616', 'lNONHSAG020729', 'lNONHSAG020731', 'lNONHSAG020755', 'lNONHSAG020759', 'lNONHSAG020760', 'lNONHSAG020762', 'lNONHSAG020771', 'lNONHSAG020869', 'lNONHSAG021042', 'lNONHSAG021072', 'lNONHSAG021307', 'lNONHSAG021315', 'lNONHSAG021335', 'lNONHSAG021342', 'lNONHSAG021347', 'lNONHSAG021370', 'lNONHSAG021390', 'lNONHSAG021400', 'lNONHSAG021408', 'lNONHSAG021410', 'lNONHSAG021431', 'lNONHSAG021432', 'lNONHSAG021433', 'lNONHSAG021471', 'lNONHSAG021557', 'lNONHSAG021566', 'lNONHSAG021638', 'lNONHSAG021641', 'lNONHSAG021698', 'lNONHSAG021760', 'lNONHSAG021780', 'lNONHSAG021820', 'lNONHSAG021846', 'lNONHSAG021874', 'lNONHSAG021878', 'lNONHSAG021882', 'lNONHSAG021893', 'lNONHSAG021909', 'lNONHSAG021976', 'lNONHSAG021981', 'lNONHSAG022009', 'lNONHSAG022030', 'lNONHSAG022058', 'lNONHSAG022078', 'lNONHSAG022088', 'lNONHSAG022094', 'lNONHSAG022103', 'lNONHSAG022110', 'lNONHSAG022125', 'lNONHSAG022127', 'lNONHSAG022162', 'lNONHSAG022311', 'lNONHSAG022327', 'lNONHSAG022328', 'lNONHSAG022335', 'lNONHSAG022339', 'lNONHSAG022378', 'lNONHSAG022495', 'lNONHSAG022510', 'lNONHSAG022551', 'lNONHSAG022579', 'lNONHSAG022597', 'lNONHSAG022655', 'lNONHSAG022743', 'lNONHSAG022750', 'lNONHSAG022806', 'lNONHSAG022836', 'lNONHSAG022845', 'lNONHSAG022851', 'lNONHSAG022888', 'lNONHSAG022893', 'lNONHSAG022965', 'lNONHSAG022972', 'lNONHSAG022982', 'lNONHSAG023003', 'lNONHSAG023049', 'lNONHSAG023051', 'lNONHSAG023073', 'lNONHSAG023175', 'lNONHSAG023237', 'lNONHSAG023375', 'lNONHSAG023387', 'lNONHSAG023392', 'lNONHSAG023494', 'lNONHSAG023512', 'lNONHSAG023553', 'lNONHSAG023579', 'lNONHSAG023598', 'lNONHSAG023607', 'lNONHSAG023614', 'lNONHSAG023633', 'lNONHSAG023635', 'lNONHSAG023668', 'lNONHSAG023740', 'lNONHSAG023837', 'lNONHSAG023864', 'lNONHSAG023885', 'lNONHSAG023888', 'lNONHSAG023930', 'lNONHSAG023964', 'lNONHSAG024117', 'lNONHSAG024141', 'lNONHSAG024171', 'lNONHSAG024244', 'lNONHSAG024282', 'lNONHSAG024332', 'lNONHSAG024340', 'lNONHSAG024341', 'lNONHSAG024354', 'lNONHSAG024361', 'lNONHSAG024362', 'lNONHSAG024381', 'lNONHSAG024391', 'lNONHSAG024393', 'lNONHSAG024395', 'lNONHSAG024428', 'lNONHSAG024540', 'lNONHSAG024542', 'lNONHSAG024637', 'lNONHSAG024668', 'lNONHSAG024676', 'lNONHSAG024681', 'lNONHSAG024741', 'lNONHSAG024809', 'lNONHSAG024810', 'lNONHSAG024818', 'lNONHSAG024826', 'lNONHSAG024903', 'lNONHSAG024905', 'lNONHSAG024908', 'lNONHSAG024921', 'lNONHSAG024923', 'lNONHSAG024925', 'lNONHSAG024979', 'lNONHSAG025011', 'lNONHSAG025135', 'lNONHSAG025137', 'lNONHSAG025157', 'lNONHSAG025185', 'lNONHSAG025319', 'lNONHSAG025352', 'lNONHSAG025483', 'lNONHSAG025485', 'lNONHSAG025609', 'lNONHSAG025712', 'lNONHSAG025743', 'lNONHSAG025744', 'lNONHSAG025864', 'lNONHSAG025865', 'lNONHSAG025867', 'lNONHSAG025907', 'lNONHSAG025934', 'lNONHSAG025939', 'lNONHSAG025964', 'lNONHSAG025997', 'lNONHSAG026053', 'lNONHSAG026089', 'lNONHSAG026091', 'lNONHSAG026103', 'lNONHSAG026153', 'lNONHSAG026176', 'lNONHSAG026205', 'lNONHSAG026274', 'lNONHSAG026364', 'lNONHSAG026386', 'lNONHSAG026599', 'lNONHSAG026661', 'lNONHSAG026721', 'lNONHSAG026737', 'lNONHSAG026743', 'lNONHSAG026781', 'lNONHSAG026794', 'lNONHSAG026852', 'lNONHSAG026854', 'lNONHSAG026856', 'lNONHSAG027075', 'lNONHSAG027276', 'lNONHSAG027323', 'lNONHSAG027342', 'lNONHSAG027374', 'lNONHSAG027421', 'lNONHSAG027482', 'lNONHSAG027598', 'lNONHSAG027618', 'lNONHSAG027675', 'lNONHSAG027682', 'lNONHSAG027692', 'lNONHSAG027694', 'lNONHSAG027709', 'lNONHSAG027837', 'lNONHSAG027874', 'lNONHSAG027876', 'lNONHSAG028045', 'lNONHSAG028083', 'lNONHSAG028093', 'lNONHSAG028112', 'lNONHSAG028141', 'lNONHSAG028142', 'lNONHSAG028159', 'lNONHSAG028403', 'lNONHSAG028713', 'lNONHSAG028720', 'lNONHSAG028817', 'lNONHSAG028820', 'lNONHSAG028857', 'lNONHSAG028870', 'lNONHSAG028913', 'lNONHSAG028918', 'lNONHSAG028996', 'lNONHSAG029033', 'lNONHSAG029080', 'lNONHSAG029124', 'lNONHSAG029267', 'lNONHSAG029312', 'lNONHSAG029336', 'lNONHSAG029377', 'lNONHSAG029467', 'lNONHSAG029668', 'lNONHSAG029792', 'lNONHSAG029830', 'lNONHSAG029873', 'lNONHSAG029880', 'lNONHSAG029956', 'lNONHSAG029957', 'lNONHSAG029958', 'lNONHSAG029960', 'lNONHSAG029961', 'lNONHSAG029962', 'lNONHSAG029964', 'lNONHSAG029965', 'lNONHSAG029985', 'lNONHSAG030074', 'lNONHSAG030113', 'lNONHSAG030129', 'lNONHSAG030244', 'lNONHSAG030258', 'lNONHSAG030278', 'lNONHSAG030304', 'lNONHSAG030333', 'lNONHSAG030410', 'lNONHSAG030440', 'lNONHSAG030487', 'lNONHSAG030525', 'lNONHSAG030582', 'lNONHSAG030583', 'lNONHSAG030738', 'lNONHSAG030739', 'lNONHSAG030742', 'lNONHSAG031025', 'lNONHSAG031035', 'lNONHSAG031123', 'lNONHSAG031261', 'lNONHSAG031425', 'lNONHSAG031452', 'lNONHSAG031453', 'lNONHSAG031456', 'lNONHSAG031481', 'lNONHSAG031563', 'lNONHSAG031565', 'lNONHSAG031581', 'lNONHSAG031584', 'lNONHSAG031636', 'lNONHSAG031696', 'lNONHSAG031853', 'lNONHSAG031900', 'lNONHSAG031913', 'lNONHSAG031991', 'lNONHSAG032063', 'lNONHSAG032126', 'lNONHSAG032267', 'lNONHSAG032297', 'lNONHSAG032302', 'lNONHSAG032312', 'lNONHSAG032537', 'lNONHSAG032560', 'lNONHSAG032664', 'lNONHSAG032682', 'lNONHSAG032724', 'lNONHSAG032735', 'lNONHSAG032737', 'lNONHSAG032750', 'lNONHSAG033027', 'lNONHSAG033061', 'lNONHSAG033100', 'lNONHSAG033105', 'lNONHSAG033107', 'lNONHSAG033121', 'lNONHSAG033168', 'lNONHSAG033170', 'lNONHSAG033216', 'lNONHSAG033224', 'lNONHSAG033254', 'lNONHSAG033263', 'lNONHSAG033266', 'lNONHSAG033298', 'lNONHSAG033328', 'lNONHSAG033334', 'lNONHSAG033342', 'lNONHSAG033348', 'lNONHSAG033352', 'lNONHSAG033368', 'lNONHSAG033390', 'lNONHSAG033459', 'lNONHSAG033471', 'lNONHSAG033480', 'lNONHSAG033528', 'lNONHSAG033589', 'lNONHSAG033611', 'lNONHSAG033645', 'lNONHSAG033716', 'lNONHSAG033735', 'lNONHSAG033748', 'lNONHSAG033810', 'lNONHSAG033862', 'lNONHSAG033896', 'lNONHSAG033898', 'lNONHSAG033899', 'lNONHSAG033937', 'lNONHSAG033940', 'lNONHSAG034006', 'lNONHSAG034014', 'lNONHSAG034021', 'lNONHSAG034032', 'lNONHSAG034217', 'lNONHSAG034316', 'lNONHSAG034417', 'lNONHSAG034418', 'lNONHSAG034492', 'lNONHSAG034508', 'lNONHSAG034527', 'lNONHSAG034676', 'lNONHSAG034678', 'lNONHSAG034801', 'lNONHSAG034846', 'lNONHSAG034935', 'lNONHSAG035096', 'lNONHSAG035103', 'lNONHSAG035262', 'lNONHSAG035287', 'lNONHSAG035382', 'lNONHSAG035456', 'lNONHSAG035531', 'lNONHSAG035568', 'lNONHSAG035806', 'lNONHSAG035914', 'lNONHSAG035916', 'lNONHSAG035919', 'lNONHSAG035923', 'lNONHSAG036047', 'lNONHSAG036054', 'lNONHSAG036115', 'lNONHSAG036120', 'lNONHSAG036255', 'lNONHSAG036263', 'lNONHSAG036403', 'lNONHSAG036407', 'lNONHSAG036412', 'lNONHSAG036413', 'lNONHSAG036612', 'lNONHSAG036615', 'lNONHSAG036667', 'lNONHSAG036718', 'lNONHSAG036783', 'lNONHSAG036866', 'lNONHSAG036922', 'lNONHSAG036926', 'lNONHSAG037061', 'lNONHSAG037072', 'lNONHSAG037073', 'lNONHSAG037080', 'lNONHSAG037082', 'lNONHSAG037083', 'lNONHSAG037137', 'lNONHSAG037146', 'lNONHSAG037164', 'lNONHSAG037241', 'lNONHSAG037348', 'lNONHSAG037420', 'lNONHSAG037559', 'lNONHSAG037827', 'lNONHSAG037891', 'lNONHSAG037936', 'lNONHSAG037946', 'lNONHSAG038001', 'lNONHSAG038024', 'lNONHSAG038060', 'lNONHSAG038091', 'lNONHSAG038162', 'lNONHSAG038343', 'lNONHSAG038344', 'lNONHSAG038502', 'lNONHSAG038530', 'lNONHSAG038578', 'lNONHSAG038663', 'lNONHSAG038675', 'lNONHSAG038676', 'lNONHSAG038682', 'lNONHSAG038836', 'lNONHSAG039037', 'lNONHSAG039038', 'lNONHSAG039147', 'lNONHSAG039293', 'lNONHSAG039295', 'lNONHSAG039319', 'lNONHSAG039620', 'lNONHSAG039654', 'lNONHSAG039664', 'lNONHSAG039669', 'lNONHSAG039749', 'lNONHSAG039872', 'lNONHSAG039951', 'lNONHSAG040179', 'lNONHSAG040188', 'lNONHSAG040226', 'lNONHSAG040241', 'lNONHSAG040269', 'lNONHSAG040320', 'lNONHSAG040329', 'lNONHSAG040408', 'lNONHSAG040444', 'lNONHSAG040481', 'lNONHSAG040542', 'lNONHSAG040544', 'lNONHSAG040560', 'lNONHSAG040601', 'lNONHSAG040692', 'lNONHSAG040700', 'lNONHSAG040729', 'lNONHSAG040859', 'lNONHSAG040870', 'lNONHSAG040909', 'lNONHSAG040945', 'lNONHSAG040958', 'lNONHSAG040969', 'lNONHSAG041002', 'lNONHSAG041017', 'lNONHSAG041023', 'lNONHSAG041241', 'lNONHSAG041250', 'lNONHSAG041256', 'lNONHSAG041257', 'lNONHSAG041480', 'lNONHSAG041528', 'lNONHSAG041529', 'lNONHSAG041592', 'lNONHSAG041670', 'lNONHSAG041707', 'lNONHSAG041758', 'lNONHSAG041844', 'lNONHSAG041883', 'lNONHSAG041938', 'lNONHSAG041966', 'lNONHSAG041981', 'lNONHSAG042033', 'lNONHSAG042050', 'lNONHSAG042062', 'lNONHSAG042080', 'lNONHSAG042138', 'lNONHSAG042218', 'lNONHSAG042257', 'lNONHSAG042270', 'lNONHSAG042306', 'lNONHSAG042307', 'lNONHSAG042370', 'lNONHSAG042433', 'lNONHSAG042491', 'lNONHSAG042500', 'lNONHSAG042722', 'lNONHSAG042724', 'lNONHSAG042836', 'lNONHSAG042855', 'lNONHSAG042957', 'lNONHSAG042970', 'lNONHSAG042991', 'lNONHSAG043138', 'lNONHSAG043229', 'lNONHSAG043250', 'lNONHSAG043303', 'lNONHSAG043433', 'lNONHSAG043550', 'lNONHSAG043592', 'lNONHSAG043657', 'lNONHSAG043770', 'lNONHSAG043934', 'lNONHSAG044022', 'lNONHSAG044041', 'lNONHSAG044064', 'lNONHSAG044283', 'lNONHSAG044350', 'lNONHSAG044406', 'lNONHSAG044429', 'lNONHSAG044533', 'lNONHSAG044624', 'lNONHSAG044666', 'lNONHSAG044751', 'lNONHSAG044791', 'lNONHSAG045131', 'lNONHSAG045160', 'lNONHSAG045163', 'lNONHSAG045166', 'lNONHSAG045306', 'lNONHSAG045430', 'lNONHSAG046722', 'lNONHSAG046730', 'lNONHSAG046765', 'lNONHSAG046781', 'lNONHSAG046811', 'lNONHSAG046839', 'lNONHSAG046953', 'lNONHSAG047182', 'lNONHSAG047191', 'lNONHSAG047197', 'lNONHSAG047319', 'lNONHSAG047433', 'lNONHSAG047463', 'lNONHSAG047469', 'lNONHSAG047471', 'lNONHSAG047507', 'lNONHSAG047543', 'lNONHSAG047544', 'lNONHSAG047547', 'lNONHSAG047619', 'lNONHSAG047725', 'lNONHSAG047792', 'lNONHSAG047796', 'lNONHSAG047830', 'lNONHSAG047840', 'lNONHSAG047842', 'lNONHSAG047851', 'lNONHSAG047951', 'lNONHSAG047973', 'lNONHSAG047974', 'lNONHSAG048057', 'lNONHSAG048101', 'lNONHSAG048114', 'lNONHSAG048189', 'lNONHSAG048191', 'lNONHSAG048201', 'lNONHSAG048228', 'lNONHSAG048231', 'lNONHSAG048270', 'lNONHSAG048302', 'lNONHSAG048323', 'lNONHSAG048354', 'lNONHSAG048439', 'lNONHSAG048464', 'lNONHSAG048598', 'lNONHSAG048602', 'lNONHSAG048603', 'lNONHSAG048610', 'lNONHSAG048623', 'lNONHSAG048624', 'lNONHSAG048641', 'lNONHSAG048695', 'lNONHSAG048781', 'lNONHSAG048817', 'lNONHSAG049037', 'lNONHSAG049050', 'lNONHSAG049119', 'lNONHSAG049129', 'lNONHSAG049157', 'lNONHSAG049185', 'lNONHSAG049191', 'lNONHSAG049288', 'lNONHSAG049303', 'lNONHSAG049356', 'lNONHSAG049421', 'lNONHSAG049507', 'lNONHSAG049626', 'lNONHSAG049655', 'lNONHSAG049801', 'lNONHSAG049901', 'lNONHSAG050073', 'lNONHSAG050104', 'lNONHSAG050167', 'lNONHSAG050168', 'lNONHSAG050273', 'lNONHSAG050284', 'lNONHSAG050345', 'lNONHSAG050445', 'lNONHSAG050493', 'lNONHSAG050518', 'lNONHSAG050670', 'lNONHSAG050725', 'lNONHSAG050769', 'lNONHSAG050786', 'lNONHSAG050929', 'lNONHSAG050985', 'lNONHSAG051015', 'lNONHSAG051166', 'lNONHSAG051196', 'lNONHSAG051245', 'lNONHSAG051250', 'lNONHSAG051255', 'lNONHSAG051259', 'lNONHSAG051260', 'lNONHSAG051263', 'lNONHSAG051291', 'lNONHSAG051448', 'lNONHSAG051454', 'lNONHSAG051484', 'lNONHSAG051514', 'lNONHSAG051517', 'lNONHSAG051523', 'lNONHSAG051542', 'lNONHSAG051567', 'lNONHSAG051568', 'lNONHSAG051603', 'lNONHSAG051770', 'lNONHSAG051898', 'lNONHSAG051958', 'lNONHSAG052082', 'lNONHSAG052097', 'lNONHSAG052119', 'lNONHSAG052149', 'lNONHSAG052151', 'lNONHSAG052179', 'lNONHSAG052454', 'lNONHSAG052459', 'lNONHSAG052491', 'lNONHSAG052492', 'lNONHSAG052495', 'lNONHSAG052510', 'lNONHSAG052609', 'lNONHSAG052680', 'lNONHSAG052686', 'lNONHSAG052709', 'lNONHSAG052726', 'lNONHSAG052853', 'lNONHSAG052908', 'lNONHSAG052925', 'lNONHSAG052929', 'lNONHSAG052931', 'lNONHSAG052933', 'lNONHSAG052943', 'lNONHSAG053007', 'lNONHSAG053014', 'lNONHSAG053028', 'lNONHSAG053033', 'lNONHSAG053082', 'lNONHSAG053108', 'lNONHSAG053228', 'lNONHSAG053419', 'lNONHSAG053456', 'lNONHSAG053500', 'lNONHSAG053502', 'lNONHSAG053546', 'lNONHSAG053547', 'lNONHSAG053590', 'lNONHSAG053602', 'lNONHSAG053626', 'lNONHSAG053631', 'lNONHSAG053651', 'lNONHSAG053716', 'lNONHSAG053719', 'lNONHSAG053796', 'lNONHSAG053802', 'lNONHSAG053842', 'lNONHSAG054024', 'lNONHSAG054038', 'lNONHSAG054212', 'lNONHSAG054213', 'lNONHSAG054214', 'lNONHSAG054215', 'lNONHSAG054216', 'lNONHSAG054301', 'lNONHSAG054699', 'lNONHSAG054716', 'lNONHSAG054717', 'lNONHSAG054718', 'lNONHSAG054780', 'lNONHSAG054791', 'lNONHSAG054807', 'lNONHSAG054832', 'lNONHSAG055008', 'lNONHSAG055088', 'lNONHSAG055092', 'lNONHSAG055151', 'lNONHSAG055258', 'lNONHSAG055350', 'lNONHSAG055418', 'lNONHSAG055450', 'lNONHSAG055546', 'lNONHSAG055558', 'lNONHSAG055565', 'lNONHSAG055577', 'lNONHSAG055582', 'lNONHSAG056025', 'lNONHSAG056029', 'lNONHSAG056053', 'lNONHSAG056451', 'lNONHSAG056733', 'lNONHSAG056746', 'lNONHSAG056868', 'lNONHSAG056875', 'lNONHSAG057043', 'lNONHSAG057222', 'lNONHSAG057260', 'lNONHSAG058109', 'lNONHSAG058112', 'lNONHSAG058128', 'lNONHSAG058533', 'lNONHSAG058967', 'lNONHSAG059768', 'lNONHSAG060586', 'lNONHSAG061096', 'lNONHSAG061404', 'lNONHSAG061492', 'lNONHSAG063700', 'lNONHSAG064784', 'lNONHSAG064962', 'lNONHSAG065252', 'lNONHSAG065364', 'lNONHSAG066253', 'lNONHSAG068639', 'lNONHSAG069030', 'lNONHSAG069277', 'lNONHSAG069876', 'lNONHSAG070257', 'lNONHSAG071444', 'lNONHSAG072176', 'lNONHSAG072945', 'lNONHSAG073025', 'lNONHSAG073380', 'lNONHSAG073406', 'lNONHSAG073419', 'lNONHSAG073786', 'lNONHSAG074052', 'lNONHSAG074661', 'lNONHSAG075363', 'lNONHSAG077475', 'lNONHSAG077527', 'lNONHSAG077551', 'lNONHSAG079231', 'lNONHSAG080772', 'lNONHSAG081227', 'lNONHSAG081583', 'lNONHSAG081993', 'lNONHSAG082891', 'lNONHSAG083209', 'lNONHSAG083289', 'lNONHSAG083615', 'lNONHSAG083859', 'lNONHSAG083883', 'lNONHSAG083894', 'lNONHSAG084701', 'lNONHSAG084937', 'lNONHSAG085975', 'lNONHSAG088562', 'lNONHSAG089857', 'lNONHSAG091116', 'lNONHSAG091284', 'lNONHSAG091452', 'lNONHSAG091943', 'lNONHSAG092907', 'lNONHSAG093064', 'lNONHSAG093078', 'lNONHSAG093517', 'lNONHSAG094075', 'lNONHSAG094269', 'lNONHSAG096130', 'lNONHSAG096227', 'lNONHSAG096627', 'lNONHSAG097344', 'lNONHSAG097347', 'lNONHSAG098653', 'lNONHSAG099082', 'lNONHSAG099120', 'lNONHSAG099126', 'lNONHSAG099742', 'lNONHSAG099774', 'lNONHSAG101229', 'lNONHSAG101725', 'lNONHSAG102979', 'lNONHSAG103259', 'lNONHSAG103457', 'lNONHSAG103817', 'lNONHSAG104186', 'lNONHSAG110420', 'lNONHSAG110858', 'lNONHSAG111667', 'lNONHSAG112396', 'lENSG00000103472', 'lENSG00000163364', 'lENSG00000171889', 'lENSG00000175061', 'lENSG00000177410', 'lENSG00000179406', 'lENSG00000179523', 'lENSG00000189295', 'lENSG00000198468', 'lENSG00000203497', 'lENSG00000205611', 'lENSG00000223783', 'lENSG00000224057', 'lENSG00000224614', 'lENSG00000225470', 'lENSG00000225506', 'lENSG00000225855', 'lENSG00000226115', 'lENSG00000226137', 'lENSG00000227082', 'lENSG00000227256', 'lENSG00000227963', 'lENSG00000228022', 'lENSG00000228526', 'lENSG00000229267', 'lENSG00000229335', 'lENSG00000229388', 'lENSG00000230061', 'lENSG00000230257', 'lENSG00000230313', 'lENSG00000230400', 'lENSG00000230866', 'lENSG00000231019', 'lENSG00000231437', 'lENSG00000231473', 'lENSG00000231663', 'lENSG00000232265', 'lENSG00000232415', 'lENSG00000232442', 'lENSG00000232500', 'lENSG00000233047', 'lENSG00000233387', 'lENSG00000233532', 'lENSG00000233590', 'lENSG00000234169', 'lENSG00000234222', 'lENSG00000234455', 'lENSG00000234546', 'lENSG00000234625', 'lENSG00000235385', 'lENSG00000235535', 'lENSG00000235724', 'lENSG00000236240', 'lENSG00000236535', 'lENSG00000236671', 'lENSG00000237167', 'lENSG00000237880', 'lENSG00000241388', 'lENSG00000242207', 'lENSG00000243479', 'lENSG00000244124', 'lENSG00000245067', 'lENSG00000245146', 'lENSG00000245614', 'lENSG00000246560', 'lENSG00000247373', 'lENSG00000247400', 'lENSG00000247498', 'lENSG00000249786', 'lENSG00000249835', 'lENSG00000249993', 'lENSG00000250635', 'lENSG00000251003', 'lENSG00000251061', 'lENSG00000253315', 'lENSG00000254418', 'lENSG00000254480', 'lENSG00000254635', 'lENSG00000254791', 'lENSG00000255363', 'lENSG00000255427', 'lENSG00000255553', 'lENSG00000255850', 'lENSG00000256742', 'lENSG00000256769', 'lENSG00000257084', 'lENSG00000257557', 'lENSG00000258197', 'lENSG00000258912', 'lENSG00000259289', 'lENSG00000259424', 'lENSG00000260455', 'lENSG00000260924', 'lENSG00000260969', 'lENSG00000261183', 'lENSG00000261780', 'lENSG00000263718', 'lENSG00000264672', 'lENSG00000265374', 'lENSG00000266970', 'lENSG00000267296', 'lENSG00000267395', 'lENSG00000267413', 'lENSG00000267440', 'lENSG00000267858', 'lENSG00000269019', 'lENSG00000269911', 'lENSG00000269939', 'lENSG00000270344', 'lENSG00000270959', 'lENSG00000272769', 'lENSG00000274372', 'lENSG00000278709', 'lENSG00000278970', 'lENSG00000279296', 'lENSG00000284070', 'lENSG00000285644', 'lENSG00000286004', 'lENSG00000286737', 'lENSG00000288080', 'lENSG00000224167', 'lENSG00000224739', 'lA1BG-AS1', 'lADAMTS9-AS2', 'lANKRD62P1-PARP4P3', 'lAQP4-AS1', 'lBANCR', 'lCCAT2', 'lCDKN2B-AS1', 'lCRNDE', 'lDGKK', 'lEGOT', 'lFEZF1-AS1', 'lGATA3-AS1', 'lGATA6-AS1', 'lGHET1', 'lHEIH', 'lHOTAIRM1', 'lHOXA-AS3', 'lJPX', 'lJRK', 'lKCTD21-AS1', 'lKTN1-AS1', 'lLAMTOR5-AS1', 'lLBX2-AS1', 'lLINC00173', 'lLINC00174', 'lLINC00240', 'lLINC00333', 'lLINC00472', 'lLPP-AS2', 'lMCM3AP-AS1', 'lMEG3', 'lMIR181A1HG', 'lMIR31HG', 'lMYLK-AS1', 'lPANDAR', 'lPCGEM1', 'lPVT1', 'lRHPN1-AS1', 'lRMST', 'lSNHG15', 'lSNHG16', 'lTEN1-CDK3', 'lTPTEP1', 'lTRAM2-AS1', 'lVCAN-AS1', 'lZFAS1', 'lZNF286B', 'lZNF503-AS2', 'lLINC00461', 'lLINC00514', 'lSLC2A1-AS1', 'lAC007009.1', 'lAC061992.2', 'lAC135048.13', 'lAC137723.5', 'lAC137932.5', 'lAP001058.3', 'lCTB-60B18.10', 'lCTB-91J4.1', 'lCTC-338M12.2', 'lCTD-2165H16.4', 'lCTD-2195B23.3', 'lCTD-2540L5.5', 'lKB-7G2.8', 'lLA16c-321D4.2', 'lLA16c-380H5.3', 'lLL22NC03-23C6.13', 'lRP1-283E3.8', 'lRP11-104E19.1', 'lRP11-108M9.3', 'lRP11-123O10.4', 'lRP11-137H2.4', 'lRP11-197N18.2', 'lRP11-21J18.1', 'lRP11-227H15.4', 'lRP11-24P14.1', 'lRP11-276H7.2', 'lRP11-2C24.4', 'lRP11-305P14.1', 'lRP11-467J12.4', 'lRP11-49K24.4', 'lRP11-514P8.8', 'lRP11-54O7.3', 'lRP11-550C4.6', 'lRP11-680A11.5', 'lRP4-756H11.3', 'lRP4-790G17.7', 'lRP5-1061H20.4', 'lRP5-1074L1.1', 'lRP5-1160K1.8', 'lXXbac-B444P24.8', 'lXXbac-BPG300A18.13', 'lAC018766.4', 'lCTD-2231H16.1', 'lHNRNPU-AS1', 'lRP11-429J17.8', 'lRP5-1063M23.1', 'lRP11-495P10.8', 'lCTA-250D10.23', 'lLINC00035', 'lRP11-408H20.2', 'lNONHSAG000157', 'lNONHSAG000265', 'lNONHSAG000297', 'lNONHSAG000298', 'lNONHSAG000623', 'lNONHSAG000636', 'lNONHSAG000677', 'lNONHSAG000896', 'lNONHSAG000969', 'lNONHSAG000994', 'lNONHSAG001008', 'lNONHSAG001030', 'lNONHSAG001033', 'lNONHSAG001147', 'lNONHSAG001171', 'lNONHSAG001240', 'lNONHSAG001258', 'lNONHSAG001419', 'lNONHSAG001435', 'lNONHSAG001613', 'lNONHSAG002403', 'lNONHSAG002487', 'lNONHSAG002619', 'lNONHSAG002726', 'lNONHSAG002790', 'lNONHSAG002816', 'lNONHSAG003227', 'lNONHSAG003308', 'lNONHSAG003418', 'lNONHSAG003459', 'lNONHSAG003810', 'lNONHSAG003881', 'lNONHSAG004227', 'lNONHSAG004351', 'lNONHSAG004475', 'lNONHSAG004507', 'lNONHSAG004638', 'lNONHSAG004893', 'lNONHSAG005249', 'lNONHSAG005363', 'lNONHSAG005473', 'lNONHSAG005522', 'lNONHSAG005652', 'lNONHSAG005679', 'lNONHSAG005690', 'lNONHSAG005717', 'lNONHSAG005725', 'lNONHSAG005727', 'lNONHSAG005739', 'lNONHSAG005746', 'lNONHSAG005747', 'lNONHSAG005761', 'lNONHSAG005769', 'lNONHSAG005789', 'lNONHSAG005797', 'lNONHSAG005809', 'lNONHSAG005821', 'lNONHSAG005830', 'lNONHSAG005842', 'lNONHSAG005847', 'lNONHSAG005851', 'lNONHSAG005853', 'lNONHSAG005855', 'lNONHSAG005856', 'lNONHSAG005857', 'lNONHSAG005859', 'lNONHSAG005862', 'lNONHSAG005867', 'lNONHSAG005870', 'lNONHSAG005885', 'lNONHSAG005901', 'lNONHSAG005915', 'lNONHSAG005935', 'lNONHSAG005936', 'lNONHSAG005939', 'lNONHSAG005985', 'lNONHSAG005986', 'lNONHSAG006012', 'lNONHSAG006022', 'lNONHSAG006078', 'lNONHSAG006086', 'lNONHSAG006091', 'lNONHSAG006103', 'lNONHSAG006160', 'lNONHSAG006166', 'lNONHSAG006183', 'lNONHSAG006186', 'lNONHSAG006187', 'lNONHSAG006188', 'lNONHSAG006206', 'lNONHSAG006220', 'lNONHSAG006221', 'lNONHSAG006235', 'lNONHSAG006240', 'lNONHSAG006274', 'lNONHSAG006279', 'lNONHSAG006290', 'lNONHSAG006293', 'lNONHSAG006324', 'lNONHSAG006376', 'lNONHSAG006377', 'lNONHSAG006382', 'lNONHSAG006388', 'lNONHSAG006395', 'lNONHSAG006399', 'lNONHSAG006405', 'lNONHSAG006407', 'lNONHSAG006412', 'lNONHSAG006415', 'lNONHSAG006434', 'lNONHSAG006440', 'lNONHSAG006450', 'lNONHSAG006479', 'lNONHSAG006487', 'lNONHSAG006493', 'lNONHSAG006507', 'lNONHSAG006527', 'lNONHSAG006536', 'lNONHSAG006551', 'lNONHSAG006554', 'lNONHSAG006555', 'lNONHSAG006557', 'lNONHSAG006573', 'lNONHSAG006581', 'lNONHSAG006586', 'lNONHSAG006591', 'lNONHSAG006602', 'lNONHSAG006646', 'lNONHSAG006653', 'lNONHSAG006669', 'lNONHSAG006716', 'lNONHSAG006748', 'lNONHSAG006750', 'lNONHSAG006765', 'lNONHSAG006779', 'lNONHSAG006808', 'lNONHSAG006830', 'lNONHSAG006832', 'lNONHSAG006837', 'lNONHSAG006855', 'lNONHSAG006863', 'lNONHSAG006883', 'lNONHSAG006897', 'lNONHSAG006909', 'lNONHSAG006915', 'lNONHSAG006922', 'lNONHSAG006967', 'lNONHSAG007000', 'lNONHSAG007008', 'lNONHSAG007020', 'lNONHSAG007023', 'lNONHSAG007029', 'lNONHSAG007031', 'lNONHSAG007035', 'lNONHSAG007063', 'lNONHSAG007065', 'lNONHSAG007087', 'lNONHSAG007093', 'lNONHSAG007118', 'lNONHSAG007123', 'lNONHSAG007129', 'lNONHSAG007139', 'lNONHSAG007155', 'lNONHSAG007166', 'lNONHSAG007172', 'lNONHSAG007203', 'lNONHSAG007222', 'lNONHSAG007224', 'lNONHSAG007225', 'lNONHSAG007242', 'lNONHSAG007259', 'lNONHSAG007268', 'lNONHSAG007278', 'lNONHSAG007286', 'lNONHSAG007298', 'lNONHSAG007414', 'lNONHSAG007419', 'lNONHSAG007458', 'lNONHSAG007488', 'lNONHSAG007507', 'lNONHSAG007531', 'lNONHSAG007533', 'lNONHSAG007543', 'lNONHSAG007544', 'lNONHSAG007554', 'lNONHSAG007563', 'lNONHSAG007574', 'lNONHSAG007578', 'lNONHSAG007587', 'lNONHSAG007599', 'lNONHSAG007621', 'lNONHSAG007632', 'lNONHSAG007638', 'lNONHSAG007730', 'lNONHSAG007932', 'lENSG00000083622', 'lENSG00000167920', 'lENSG00000175746', 'lENSG00000177596', 'lENSG00000178248', 'lENSG00000197644', 'lENSG00000198054', 'lENSG00000198671', 'lENSG00000203434', 'lENSG00000203469', 'lENSG00000203472', 'lENSG00000203565', 'lENSG00000203605', 'lENSG00000203864', 'lENSG00000204393', 'lENSG00000204464', 'lENSG00000205018', 'lENSG00000205500', 'lENSG00000212856', 'lENSG00000219410', 'lENSG00000221845', 'lENSG00000222000', 'lENSG00000222032', 'lENSG00000222044', 'lENSG00000223374', 'lENSG00000223381', 'lENSG00000223387', 'lENSG00000223400', 'lENSG00000223537', 'lENSG00000223563', 'lENSG00000223598', 'lENSG00000223634', 'lENSG00000223641', 'lENSG00000223643', 'lENSG00000223647', 'lENSG00000223720', 'lENSG00000223727', 'lENSG00000223786', 'lENSG00000223809', 'lENSG00000223870', 'lENSG00000223881', 'lENSG00000223966', 'lENSG00000223993', 'lENSG00000224031', 'lENSG00000224075', 'lENSG00000224087', 'lENSG00000224095', 'lENSG00000224220', 'lENSG00000224277', 'lENSG00000224330', 'lENSG00000224384', 'lENSG00000224500', 'lENSG00000224535', 'lENSG00000224541', 'lENSG00000224549', 'lENSG00000224595', 'lENSG00000224645', 'lENSG00000224655', 'lENSG00000224794', 'lENSG00000224821', 'lENSG00000224844', 'lENSG00000224857', 'lENSG00000224885', 'lENSG00000224922', 'lENSG00000224972', 'lENSG00000225012', 'lENSG00000225050', 'lENSG00000225129', 'lENSG00000225146', 'lENSG00000225218', 'lENSG00000225325', 'lENSG00000225334', 'lENSG00000225378', 'lENSG00000225457', 'lENSG00000225537', 'lENSG00000225588', 'lENSG00000225647', 'lENSG00000225750', 'lENSG00000225751', 'lENSG00000225761', 'lENSG00000225798', 'lENSG00000225886', 'lENSG00000225919', 'lENSG00000225929', 'lENSG00000226047', 'lENSG00000226089', 'lENSG00000226133', 'lENSG00000226143', 'lENSG00000226193', 'lENSG00000226238', 'lENSG00000226323', 'lENSG00000226337', 'lENSG00000226352', 'lENSG00000226398', 'lENSG00000226442', 'lENSG00000226454', 'lENSG00000226486', 'lENSG00000226508', 'lENSG00000226522', 'lENSG00000226542', 'lENSG00000226562', 'lENSG00000226576', 'lENSG00000226601', 'lENSG00000226647', 'lENSG00000226699', 'lENSG00000226770', 'lENSG00000226813', 'lENSG00000226883', 'lENSG00000226925', 'lENSG00000226957', 'lENSG00000227075', 'lENSG00000227076', 'lENSG00000227125', 'lENSG00000227131', 'lENSG00000227181', 'lENSG00000227197', 'lENSG00000227330', 'lENSG00000227360', 'lENSG00000227409', 'lENSG00000227459', 'lENSG00000227482', 'lENSG00000227496', 'lENSG00000227509', 'lENSG00000227512', 'lENSG00000227549', 'lENSG00000227579', 'lENSG00000227606', 'lENSG00000227680', 'lENSG00000227716', 'lENSG00000227718', 'lENSG00000227769', 'lENSG00000227863', 'lENSG00000227893', 'lENSG00000227930', 'lENSG00000227958', 'lENSG00000227960', 'lENSG00000228028', 'lENSG00000228082', 'lENSG00000228108', 'lENSG00000228136', 'lENSG00000228170', 'lENSG00000228215', 'lENSG00000228231', 'lENSG00000228272', 'lENSG00000228351', 'lENSG00000228372', 'lENSG00000228383', 'lENSG00000228470', 'lENSG00000228485', 'lENSG00000228548', 'lENSG00000228596', 'lENSG00000228627', 'lENSG00000228804', 'lENSG00000228826', 'lENSG00000228852', 'lENSG00000228939', 'lENSG00000228950', 'lENSG00000229152', 'lENSG00000229162', 'lENSG00000229167', 'lENSG00000229190', 'lENSG00000229224', 'lENSG00000229283', 'lENSG00000229297', 'lENSG00000229331', 'lENSG00000229345', 'lENSG00000229370', 'lENSG00000229379', 'lENSG00000229444', 'lENSG00000229457', 'lENSG00000229487', 'lENSG00000229498', 'lENSG00000229502', 'lENSG00000229528', 'lENSG00000229531', 'lENSG00000229673', 'lENSG00000229679', 'lENSG00000229688', 'lENSG00000229848', 'lENSG00000229851', 'lENSG00000229953', 'lENSG00000229999', 'lENSG00000230010', 'lENSG00000230065', 'lENSG00000230105', 'lENSG00000230109', 'lENSG00000230121', 'lENSG00000230131', 'lENSG00000230155', 'lENSG00000230190', 'lENSG00000230197', 'lENSG00000230212', 'lENSG00000230233', 'lENSG00000230234', 'lENSG00000230323', 'lENSG00000230483', 'lENSG00000230499', 'lENSG00000230599', 'lENSG00000230668', 'lENSG00000230735', 'lENSG00000230741', 'lENSG00000230790', 'lENSG00000230794', 'lENSG00000230826', 'lENSG00000230830', 'lENSG00000230912', 'lENSG00000230918', 'lENSG00000230972', 'lENSG00000231081', 'lENSG00000231082', 'lENSG00000231092', 'lENSG00000231102', 'lENSG00000231114', 'lENSG00000231143', 'lENSG00000231272', 'lENSG00000231407', 'lENSG00000231413', 'lENSG00000231440', 'lENSG00000231492', 'lENSG00000231539', 'lENSG00000231597', 'lENSG00000231678', 'lENSG00000231681', 'lENSG00000231724', 'lENSG00000231760', 'lENSG00000231772', 'lENSG00000231781', 'lENSG00000231912', 'lENSG00000231914', 'lENSG00000231937', 'lENSG00000231953', 'lENSG00000232031', 'lENSG00000232058', 'lENSG00000232072', 'lENSG00000232086', 'lENSG00000232120', 'lENSG00000232192', 'lENSG00000232197', 'lENSG00000232252', 'lENSG00000232286', 'lENSG00000232310', 'lENSG00000232328', 'lENSG00000232335', 'lENSG00000232363', 'lENSG00000232396', 'lENSG00000232451', 'lENSG00000232464', 'lENSG00000232564', 'lENSG00000232596', 'lENSG00000232719', 'lENSG00000232746', 'lENSG00000232806', 'lENSG00000232893', 'lENSG00000232895', 'lENSG00000232930', 'lENSG00000232964', 'lENSG00000233070', 'lENSG00000233079', 'lENSG00000233178', 'lENSG00000233179', 'lENSG00000233219', 'lENSG00000233222', 'lENSG00000233330', 'lENSG00000233339', 'lENSG00000233407', 'lENSG00000233472', 'lENSG00000233534', 'lENSG00000233574', 'lENSG00000233581', 'lENSG00000233613', 'lENSG00000233625', 'lENSG00000233656', 'lENSG00000233665', 'lENSG00000233706', 'lENSG00000233851', 'lENSG00000233891', 'lENSG00000233953', 'lENSG00000233960', 'lENSG00000233969', 'lENSG00000233985', 'lENSG00000234021', 'lENSG00000234055', 'lENSG00000234117', 'lENSG00000234149', 'lENSG00000234160', 'lENSG00000234172', 'lENSG00000234191', 'lENSG00000234318', 'lENSG00000234504', 'lENSG00000234567', 'lENSG00000234622', 'lENSG00000234626', 'lENSG00000234653', 'lENSG00000234690', 'lENSG00000234693', 'lENSG00000234714', 'lENSG00000234756', 'lENSG00000234860', 'lENSG00000234900', 'lENSG00000234953', 'lENSG00000234961', 'lENSG00000234979', 'lENSG00000235011', 'lENSG00000235035', 'lENSG00000235050', 'lENSG00000235059', 'lENSG00000235086', 'lENSG00000235122', 'lENSG00000235168', 'lENSG00000235262', 'lENSG00000235435', 'lENSG00000235494', 'lENSG00000235503', 'lENSG00000235533', 'lENSG00000235628', 'lENSG00000235635', 'lENSG00000235637', 'lENSG00000235669', 'lENSG00000235786', 'lENSG00000235813', 'lENSG00000236022', 'lENSG00000236031', 'lENSG00000236065', 'lENSG00000236109', 'lENSG00000236242', 'lENSG00000236267', 'lENSG00000236272', 'lENSG00000236324', 'lENSG00000236326', 'lENSG00000236358', 'lENSG00000236366', 'lENSG00000236414', 'lENSG00000236452', 'lENSG00000236463', 'lENSG00000236498', 'lENSG00000236559', 'lENSG00000236648', 'lENSG00000236662', 'lENSG00000236723', 'lENSG00000236744', 'lENSG00000236758', 'lENSG00000236800', 'lENSG00000236854', 'lENSG00000236921', 'lENSG00000236951', 'lENSG00000236953', 'lENSG00000236975', 'lENSG00000237015', 'lENSG00000237058', 'lENSG00000237073', 'lENSG00000237200', 'lENSG00000237293', 'lENSG00000237312', 'lENSG00000237331', 'lENSG00000237337', 'lENSG00000237373', 'lENSG00000237435', 'lENSG00000237463', 'lENSG00000237477', 'lENSG00000237481', 'lENSG00000237494', 'lENSG00000237520', 'lENSG00000237571', 'lENSG00000237576', 'lENSG00000237581', 'lENSG00000237670', 'lENSG00000237687', 'lENSG00000237734', 'lENSG00000237756', 'lENSG00000237768', 'lENSG00000237802', 'lENSG00000237919', 'lENSG00000237921', 'lENSG00000237937', 'lENSG00000238131', 'lENSG00000238140', 'lENSG00000238185', 'lENSG00000238282', 'lENSG00000238291', 'lENSG00000239314', 'lENSG00000239415', 'lENSG00000239482', 'lENSG00000239593', 'lENSG00000240354', 'lENSG00000240573', 'lENSG00000240868', 'lENSG00000241383', 'lENSG00000241397', 'lENSG00000241577', 'lENSG00000241593', 'lENSG00000241666', 'lENSG00000241985', 'lENSG00000242012', 'lENSG00000242072', 'lENSG00000242339', 'lENSG00000242391', 'lENSG00000242545', 'lENSG00000242568', 'lENSG00000242618', 'lENSG00000243149', 'lENSG00000243230', 'lENSG00000243273', 'lENSG00000243368', 'lENSG00000243797', 'lENSG00000243903', 'lENSG00000243961', 'lENSG00000244278', 'lENSG00000244327', 'lENSG00000244461', 'lENSG00000244701', 'lENSG00000245148', 'lENSG00000245385', 'lENSG00000246541', 'lENSG00000247867', 'lENSG00000247925', 'lENSG00000248125', 'lENSG00000248145', 'lENSG00000248148', 'lENSG00000248172', 'lENSG00000248245', 'lENSG00000248358', 'lENSG00000248373', 'lENSG00000248393', 'lENSG00000248397', 'lENSG00000248416', 'lENSG00000248457', 'lENSG00000248482', 'lENSG00000248490', 'lENSG00000248576', 'lENSG00000248599', 'lENSG00000248627', 'lENSG00000248758', 'lENSG00000248789', 'lENSG00000248802', 'lENSG00000248935', 'lENSG00000248969', 'lENSG00000248975', 'lENSG00000248984', 'lENSG00000248995', 'lENSG00000249066', 'lENSG00000249071', 'lENSG00000249099', 'lENSG00000249334', 'lENSG00000249409', 'lENSG00000249419', 'lENSG00000249426', 'lENSG00000249441', 'lENSG00000249451', 'lENSG00000249474', 'lENSG00000249547', 'lENSG00000249605', 'lENSG00000249613', 'lENSG00000249697', 'lENSG00000249706', 'lENSG00000249742', 'lENSG00000249753', 'lENSG00000249782', 'lENSG00000249806', 'lENSG00000249830', 'lENSG00000249865', 'lENSG00000249892', 'lENSG00000250062', 'lENSG00000250092', 'lENSG00000250186', 'lENSG00000250195', 'lENSG00000250242', 'lENSG00000250541', 'lENSG00000250626', 'lENSG00000250629', 'lENSG00000250665', 'lENSG00000250698', 'lENSG00000250761', 'lENSG00000250791', 'lENSG00000250820', 'lENSG00000250855', 'lENSG00000250865', 'lENSG00000250866', 'lENSG00000250877', 'lENSG00000250910', 'lENSG00000250917', 'lENSG00000250929', 'lENSG00000250945', 'lENSG00000250949', 'lENSG00000250993', 'lENSG00000251088', 'lENSG00000251185', 'lENSG00000251194', 'lENSG00000251256', 'lENSG00000251266', 'lENSG00000251281', 'lENSG00000251283', 'lENSG00000251414', 'lENSG00000251438', 'lENSG00000251688', 'lENSG00000253134', 'lENSG00000253142', 'lENSG00000253147', 'lENSG00000253167', 'lENSG00000253171', 'lENSG00000253189', 'lENSG00000253282', 'lENSG00000253356', 'lENSG00000253397', 'lENSG00000253449', 'lENSG00000253456', 'lENSG00000253503', 'lENSG00000253507', 'lENSG00000253526', 'lENSG00000253530', 'lENSG00000253539', 'lENSG00000253577', 'lENSG00000253616', 'lENSG00000253619', 'lENSG00000253627', 'lENSG00000253643', 'lENSG00000253645', 'lENSG00000253660', 'lENSG00000253665', 'lENSG00000253717', 'lENSG00000253722', 'lENSG00000253754', 'lENSG00000253782', 'lENSG00000253834', 'lENSG00000253851', 'lENSG00000253858', 'lENSG00000253865', 'lENSG00000253871', 'lENSG00000253875', 'lENSG00000253927', 'lENSG00000253947', 'lENSG00000253976', 'lENSG00000254011', 'lENSG00000254021', 'lENSG00000254026', 'lENSG00000254031', 'lENSG00000254035', 'lENSG00000254043', 'lENSG00000254084', 'lENSG00000254094', 'lENSG00000254123', 'lENSG00000254141', 'lENSG00000254171', 'lENSG00000254177', 'lENSG00000254207', 'lENSG00000254239', 'lENSG00000254242', 'lENSG00000254263', 'lENSG00000254314', 'lENSG00000254325', 'lENSG00000254330', 'lENSG00000254347', 'lENSG00000254350', 'lENSG00000254380', 'lENSG00000254428', 'lENSG00000254429', 'lENSG00000254456', 'lENSG00000254516', 'lENSG00000254526', 'lENSG00000254559', 'lENSG00000254563', 'lENSG00000254574', 'lENSG00000254592', 'lENSG00000254604', 'lENSG00000254620', 'lENSG00000254626', 'lENSG00000254627', 'lENSG00000254689', 'lENSG00000254739', 'lENSG00000254775', 'lENSG00000254787', 'lENSG00000254829', 'lENSG00000254842', 'lENSG00000254847', 'lENSG00000254864', 'lENSG00000254879', 'lENSG00000254913', 'lENSG00000254921', 'lENSG00000254928', 'lENSG00000254930', 'lENSG00000254972', 'lENSG00000254983', 'lENSG00000254990', 'lENSG00000255027', 'lENSG00000255039', 'lENSG00000255041', 'lENSG00000255084', 'lENSG00000255114', 'lENSG00000255121', 'lENSG00000255167', 'lENSG00000255227', 'lENSG00000255241', 'lENSG00000255247', 'lENSG00000255252', 'lENSG00000255271', 'lENSG00000255300', 'lENSG00000255327', 'lENSG00000255343', 'lENSG00000255357', 'lENSG00000255366', 'lENSG00000255375', 'lENSG00000255388', 'lENSG00000255390', 'lENSG00000255443', 'lENSG00000255462', 'lENSG00000255478', 'lENSG00000255482', 'lENSG00000255487', 'lENSG00000255496', 'lENSG00000255498', 'lENSG00000255506', 'lENSG00000255523', 'lENSG00000255555', 'lENSG00000255565', 'lENSG00000255572', 'lENSG00000255580', 'lENSG00000255808', 'lENSG00000255839', 'lENSG00000255893', 'lENSG00000255949', 'lENSG00000256007', 'lENSG00000256071', 'lENSG00000256083', 'lENSG00000256209', 'lENSG00000256226', 'lENSG00000256234', 'lENSG00000256292', 'lENSG00000256314', 'lENSG00000256364', 'lENSG00000256448', 'lENSG00000256452', 'lENSG00000256482', 'lENSG00000256484', 'lENSG00000256568', 'lENSG00000256582', 'lENSG00000256733', 'lENSG00000256897', 'lENSG00000256972', 'lENSG00000257004', 'lENSG00000257022', 'lENSG00000257096', 'lENSG00000257105', 'lENSG00000257137', 'lENSG00000257165', 'lENSG00000257235', 'lENSG00000257261', 'lENSG00000257264', 'lENSG00000257265', 'lENSG00000257271', 'lENSG00000257275', 'lENSG00000257342', 'lENSG00000257381', 'lENSG00000257470', 'lENSG00000257488', 'lENSG00000257500', 'lENSG00000257514', 'lENSG00000257527', 'lENSG00000257541', 'lENSG00000257587', 'lENSG00000257634', 'lENSG00000257682', 'lENSG00000257732', 'lENSG00000257750', 'lENSG00000257764', 'lENSG00000257787', 'lENSG00000257904', 'lENSG00000257925', 'lENSG00000257997', 'lENSG00000258044', 'lENSG00000258084', 'lENSG00000258108', 'lENSG00000258167', 'lENSG00000258185', 'lENSG00000258210', 'lENSG00000258220', 'lENSG00000258234', 'lENSG00000258272', 'lENSG00000258308', 'lENSG00000258312', 'lENSG00000258313', 'lENSG00000258323', 'lENSG00000258331', 'lENSG00000258378', 'lENSG00000258379', 'lENSG00000258390', 'lENSG00000258394', 'lENSG00000258425', 'lENSG00000258451', 'lENSG00000258460', 'lENSG00000258515', 'lENSG00000258516', 'lENSG00000258520', 'lENSG00000258610', 'lENSG00000258657', 'lENSG00000258670', 'lENSG00000258690', 'lENSG00000258695', 'lENSG00000258698', 'lENSG00000258742', 'lENSG00000258745', 'lENSG00000258784', 'lENSG00000258800', 'lENSG00000258824', 'lENSG00000258829', 'lENSG00000258850', 'lENSG00000258869', 'lENSG00000258892', 'lENSG00000258904', 'lENSG00000258908', 'lENSG00000258944', 'lENSG00000258958', 'lENSG00000259007', 'lENSG00000259026', 'lENSG00000259187', 'lENSG00000259188', 'lENSG00000259202', 'lENSG00000259223', 'lENSG00000259256', 'lENSG00000259265', 'lENSG00000259268', 'lENSG00000259290', 'lENSG00000259294', 'lENSG00000259342', 'lENSG00000259351', 'lENSG00000259352', 'lENSG00000259360', 'lENSG00000259385', 'lENSG00000259432', 'lENSG00000259503', 'lENSG00000259532', 'lENSG00000259544', 'lENSG00000259595', 'lENSG00000259631', 'lENSG00000259636', 'lENSG00000259649', 'lENSG00000259659', 'lENSG00000259678', 'lENSG00000259757', 'lENSG00000259759', 'lENSG00000259767', 'lENSG00000259798', 'lENSG00000259805', 'lENSG00000259945', 'lENSG00000259955', 'lENSG00000259967', 'lENSG00000260003', 'lENSG00000260017', 'lENSG00000260022', 'lENSG00000260058', 'lENSG00000260158', 'lENSG00000260186', 'lENSG00000260190', 'lENSG00000260237', 'lENSG00000260246', 'lENSG00000260304', 'lENSG00000260454', 'lENSG00000260476', 'lENSG00000260586', 'lENSG00000260605', 'lENSG00000260626', 'lENSG00000260659', 'lENSG00000260720', 'lENSG00000260741', 'lENSG00000260773', 'lENSG00000260798', 'lENSG00000260814', 'lENSG00000260884', 'lENSG00000260911', 'lENSG00000260934', 'lENSG00000260970', 'lENSG00000260986', 'lENSG00000260999', 'lENSG00000261014', 'lENSG00000261036', 'lENSG00000261065', 'lENSG00000261066', 'lENSG00000261070', 'lENSG00000261243', 'lENSG00000261248', 'lENSG00000261261', 'lENSG00000261266', 'lENSG00000261307', 'lENSG00000261332', 'lENSG00000261379', 'lENSG00000261432', 'lENSG00000261475', 'lENSG00000261507', 'lENSG00000261523', 'lENSG00000261552', 'lENSG00000261569', 'lENSG00000261633', 'lENSG00000261663', 'lENSG00000261671', 'lENSG00000261695', 'lENSG00000261697', 'lENSG00000261723', 'lENSG00000261729', 'lENSG00000261731', 'lENSG00000261761', 'lENSG00000261838', 'lENSG00000262151', 'lENSG00000262298', 'lENSG00000262434', 'lENSG00000262533', 'lENSG00000262692', 'lENSG00000262777', 'lENSG00000262810', 'lENSG00000262815', 'lENSG00000263080', 'lENSG00000263237', 'lENSG00000263257', 'lENSG00000263300', 'lENSG00000263321', 'lENSG00000263335', 'lENSG00000263417', 'lENSG00000263466', 'lENSG00000263585', 'lENSG00000263594', 'lENSG00000263618', 'lENSG00000263684', 'lENSG00000263709', 'lENSG00000263765', 'lENSG00000263797', 'lENSG00000263847', 'lENSG00000263873', 'lENSG00000263982', 'lENSG00000263986', 'lENSG00000264016', 'lENSG00000264023', 'lENSG00000264066', 'lENSG00000264116', 'lENSG00000264151', 'lENSG00000264254', 'lENSG00000264269', 'lENSG00000264486', 'lENSG00000264513', 'lENSG00000264520', 'lENSG00000264546', 'lENSG00000264558', 'lENSG00000264577', 'lENSG00000264595', 'lENSG00000264622', 'lENSG00000264734', 'lENSG00000264825', 'lENSG00000264924', 'lENSG00000265125', 'lENSG00000265205', 'lENSG00000265265', 'lENSG00000265334', 'lENSG00000265400', 'lENSG00000265443', 'lENSG00000265474', 'lENSG00000265625', 'lENSG00000265643', 'lENSG00000265728', 'lENSG00000265739', 'lENSG00000265743', 'lENSG00000265791', 'lENSG00000265800', 'lENSG00000265840', 'lENSG00000265844', 'lENSG00000265845', 'lENSG00000265980', 'lENSG00000265987', 'lENSG00000266102', 'lENSG00000266153', 'lENSG00000266311', 'lENSG00000266341', 'lENSG00000266368', 'lENSG00000266397', 'lENSG00000266535', 'lENSG00000266538', 'lENSG00000266541', 'lENSG00000266651', 'lENSG00000266696', 'lENSG00000266801', 'lENSG00000266844', 'lENSG00000266877', 'lENSG00000266936', 'lENSG00000266981', 'lENSG00000266985', 'lENSG00000266993', 'lENSG00000267000', 'lENSG00000267028', 'lENSG00000267057', 'lENSG00000267063', 'lENSG00000267177', 'lENSG00000267225', 'lENSG00000267234', 'lENSG00000267255', 'lENSG00000267263', 'lENSG00000267274', 'lENSG00000267286', 'lENSG00000267320', 'lENSG00000267341', 'lENSG00000267354', 'lENSG00000267364', 'lENSG00000267378', 'lENSG00000267387', 'lENSG00000267436', 'lENSG00000267437', 'lENSG00000267510', 'lENSG00000267543', 'lENSG00000267583', 'lENSG00000267593', 'lENSG00000267615', 'lENSG00000267617', 'lENSG00000267638', 'lENSG00000267665', 'lENSG00000267711', 'lENSG00000267791', 'lENSG00000267838', 'lENSG00000267922', 'lENSG00000267980', 'lENSG00000268015', 'lENSG00000268049', 'lENSG00000268051', 'lENSG00000268069', 'lENSG00000268078', 'lENSG00000268191', 'lENSG00000268203', 'lENSG00000268240', 'lENSG00000268289', 'lENSG00000268292', 'lENSG00000268296', 'lENSG00000268520', 'lENSG00000268605', 'lENSG00000268734', 'lENSG00000268743', 'lENSG00000268798', 'lENSG00000268906', 'lENSG00000268912', 'lENSG00000269044', 'lENSG00000269085', 'lENSG00000269145', 'lENSG00000269191', 'lENSG00000269292', 'lENSG00000269321', 'lENSG00000269350', 'lENSG00000269495', 'lENSG00000269504', 'lENSG00000269578', 'lENSG00000269621', 'lENSG00000269656', 'lENSG00000269729', 'lENSG00000269802', 'lENSG00000269826', 'lENSG00000269843', 'lENSG00000269867', 'lENSG00000269950', 'lENSG00000269987', 'lENSG00000270082', 'lENSG00000270094', 'lENSG00000270108', 'lENSG00000270380', 'lENSG00000270726', 'lENSG00000270871', 'lENSG00000270996', 'lENSG00000271032', 'lENSG00000271218', 'lENSG00000271314', 'lENSG00000271717', 'lENSG00000271763', 'lENSG00000271901', 'lENSG00000271936', 'lENSG00000271945', 'lENSG00000271983', 'lENSG00000272027', 'lENSG00000272149', 'lENSG00000272159', 'lENSG00000272338', 'lENSG00000272510', 'lENSG00000272540', 'lENSG00000272575', 'lENSG00000272642', 'lENSG00000272742', 'lENSG00000272814', 'lENSG00000272866', 'lENSG00000272995', 'lENSG00000273035', 'lENSG00000273110', 'lENSG00000273198', 'lENSG00000273226', 'lENSG00000273271', 'lENSG00000273275', 'lENSG00000273360', 'lENSG00000273449', 'lENSG00000273461', 'lENSG00000273485', 'lENSG00000273493', 'lENSG00000273550', 'lENSG00000273568', 'lENSG00000273838', 'lENSG00000273919', 'lENSG00000274177', 'lENSG00000274227', 'lENSG00000274561', 'lENSG00000274624', 'lENSG00000274737', 'lENSG00000274863', 'lENSG00000274893', 'lENSG00000275345', 'lENSG00000275356', 'lENSG00000275401', 'lENSG00000275484', 'lENSG00000275576', 'lENSG00000275638', 'lENSG00000275871', 'lENSG00000275963', 'lENSG00000276054', 'lENSG00000276107', 'lENSG00000276266', 'lENSG00000276488', 'lENSG00000276527', 'lENSG00000276533', 'lENSG00000276668', 'lENSG00000276997', 'lENSG00000277173', 'lENSG00000277332', 'lENSG00000277675', 'lENSG00000278000', 'lENSG00000278202', 'lENSG00000278351', 'lENSG00000278630', 'lENSG00000278944', 'lENSG00000279088', 'lENSG00000279240', 'lENSG00000279501', 'lENSG00000279623', 'lENSG00000279687', 'lENSG00000279751', 'lENSG00000279920', 'lENSG00000280206', 'lENSG00000280224', 'lENSG00000280580', 'lENSG00000280703', 'lENSG00000280870', 'lENSG00000280881', 'lENSG00000281021', 'lENSG00000281831', 'lENSG00000282478', 'lENSG00000282828', 'lENSG00000282950', 'lENSG00000283083', 'lENSG00000283286', 'lENSG00000283375', 'lENSG00000283436', 'lENSG00000283573', 'lENSG00000283631', 'lENSG00000283766', 'lENSG00000283973', 'lENSG00000284418', 'lENSG00000284500', 'lENSG00000284513', 'lENSG00000284608', 'lENSG00000284846', 'lENSG00000284994', 'lENSG00000285012', 'lENSG00000285040', 'lENSG00000285117', 'lENSG00000285325', 'lENSG00000285354', 'lENSG00000285409', 'lENSG00000285473', 'lENSG00000285518', 'lENSG00000285524', 'lENSG00000285550', 'lENSG00000285551', 'lENSG00000285619', 'lENSG00000285654', 'lENSG00000285709', 'lENSG00000285780', 'lENSG00000285857', 'lENSG00000285861', 'lENSG00000285889', 'lENSG00000285954', 'lENSG00000285998', 'lENSG00000286002', 'lENSG00000286010', 'lENSG00000286018', 'lENSG00000286020', 'lENSG00000286050', 'lENSG00000286076', 'lENSG00000286093', 'lENSG00000286101', 'lENSG00000286168', 'lENSG00000286188', 'lENSG00000286194', 'lENSG00000286197', 'lENSG00000286206', 'lENSG00000286242', 'lENSG00000286244', 'lENSG00000286276', 'lENSG00000286303', 'lENSG00000286331', 'lENSG00000286333', 'lENSG00000286338', 'lENSG00000286357', 'lENSG00000286419', 'lENSG00000286430', 'lENSG00000286436', 'lENSG00000286441', 'lENSG00000286453', 'lENSG00000286461', 'lENSG00000286515', 'lENSG00000286565', 'lENSG00000286578', 'lENSG00000286581', 'lENSG00000286584', 'lENSG00000286588', 'lENSG00000286598', 'lENSG00000286617', 'lENSG00000286639', 'lENSG00000286645', 'lENSG00000286670', 'lENSG00000286689', 'lENSG00000286690', 'lENSG00000286698', 'lENSG00000286716', 'lENSG00000286735', 'lENSG00000286738', 'lENSG00000286740', 'lENSG00000286751', 'lENSG00000286759', 'lENSG00000286770', 'lENSG00000286776', 'lENSG00000286781', 'lENSG00000286795', 'lENSG00000286803', 'lENSG00000286820', 'lENSG00000286822', 'lENSG00000286838', 'lENSG00000286843', 'lENSG00000286850', 'lENSG00000286887', 'lENSG00000286908', 'lENSG00000286963', 'lENSG00000287005', 'lENSG00000287020', 'lENSG00000287028', 'lENSG00000287030', 'lENSG00000287066', 'lENSG00000287094', 'lENSG00000287107', 'lENSG00000287108', 'lENSG00000287128', 'lENSG00000287159', 'lENSG00000287191', 'lENSG00000287198', 'lENSG00000287202', 'lENSG00000287213', 'lENSG00000287236', 'lENSG00000287270', 'lENSG00000287285', 'lENSG00000287321', 'lENSG00000287335', 'lENSG00000287359', 'lENSG00000287366', 'lENSG00000287367', 'lENSG00000287381', 'lENSG00000287423', 'lENSG00000287441', 'lENSG00000287451', 'lENSG00000287456', 'lENSG00000287462', 'lENSG00000287501', 'lENSG00000287511', 'lENSG00000287517', 'lENSG00000287518', 'lENSG00000287545', 'lENSG00000287550', 'lENSG00000287551', 'lENSG00000287556', 'lENSG00000287587', 'lENSG00000287618', 'lENSG00000287660', 'lENSG00000287664', 'lENSG00000287684', 'lENSG00000287687', 'lENSG00000287691', 'lENSG00000211683', 'lENSG00000223379', 'lENSG00000223795', 'lENSG00000225393', 'lENSG00000225836', 'lENSG00000228255', 'lENSG00000228538', 'lENSG00000229454', 'lENSG00000229458', 'lENSG00000229628', 'lENSG00000229964', 'lENSG00000230600', 'lENSG00000230649', 'lENSG00000231212', 'lENSG00000231616', 'lENSG00000232056', 'lENSG00000232636', 'lENSG00000233200', 'lENSG00000233987', 'lENSG00000234083', 'lENSG00000234810', 'lENSG00000234998', 'lENSG00000235795', 'lENSG00000236453', 'lENSG00000239801', 'lENSG00000241792', 'lENSG00000242375', 'lENSG00000244620', 'lENSG00000247810', 'lENSG00000248991', 'lENSG00000249159', 'lENSG00000250481', 'lENSG00000250567', 'lENSG00000250670', 'lENSG00000250686', 'lENSG00000250777', 'lENSG00000250948', 'lENSG00000251506', 'lENSG00000251654', 'lENSG00000253766', 'lENSG00000254306', 'lENSG00000254927', 'lENSG00000255279', 'lENSG00000255325', 'lENSG00000255644', 'lENSG00000256686', 'lENSG00000257603', 'lENSG00000257962', 'lENSG00000258196', 'lENSG00000258386', 'lENSG00000258949', 'lENSG00000259123', 'lENSG00000259209', 'lENSG00000259222', 'lENSG00000259244', 'lENSG00000259255', 'lENSG00000259274', 'lENSG00000259306', 'lENSG00000259407', 'lENSG00000260511', 'lENSG00000260983', 'lENSG00000261193', 'lENSG00000261445', 'lENSG00000261470', 'lENSG00000261775', 'lENSG00000264660', 'lENSG00000265174', 'lENSG00000266893', 'lENSG00000267081', 'lENSG00000267521', 'lENSG00000269391', 'lENSG00000269460', 'lENSG00000272304', 'lENSG00000272369', 'lENSG00000273138', 'lENSG00000273403', 'lENSG00000273486', 'lENSG00000274902', 'lENSG00000275232', 'lENSG00000278514', 'lENSG00000279672', 'lENSG00000282887', 'lENSG00000286164', 'lENSG00000226032', 'lENSG00000235736', 'lENSG00000263316', 'lENSG00000258631', 'lENSG00000260141', 'lENSG00000279472', 'lENSG00000271870', 'lENSG00000272934', 'lENSG00000265556', 'lENSG00000271840', 'lENSG00000253701', 'lENSG00000281408', 'lALG13-AS1', 'lDGUOK-AS1', 'lDSCR8', 'lMIR145', 'lMIR24-2', 'lMIR3179-2', 'lMIR3654', 'lACA64', 'lCDKN2B-AS', 'lC3orf65']","[1.0, 0.0, 0.0, 1.0, 1.0, 1.0, 0.0, 1.0, 0.0, 1.0, 1.0, 0.0, 0.0, 1.0, 0.0, 0.0, 1.0, 0.0, 1.0, 1.0, 0.0, 0.0, 1.0, 1.0, 1.0, 0.0, 0.0, 1.0, 0.0, 0.0, 0.0, 1.0, 0.0, 1.0, 0.0, 1.0, 0.0, 0.0, 1.0, 0.0, 0.0, 0.0, 0.0, 1.0, 1.0, 1.0, 1.0, 1.0, 0.0, 1.0, 0.0, 0.0, 1.0, 1.0, 0.0, 1.0, 1.0, 1.0, 0.0, 1.0, 1.0, 1.0, 1.0, 1.0, 0.0, 0.0, 0.0, 1.0, 0.0, 1.0, 1.0, 0.0, 0.0, 1.0, 1.0, 0.0, 1.0, 1.0, 0.0, 1.0, 1.0, 0.0, 1.0, 1.0, 1.0, 0.0, 0.0, 0.0, 1.0, 1.0, 1.0, 0.0, 1.0, 1.0, 0.0, 0.0, 1.0, 1.0, 1.0, 0.0, 0.0, 1.0, 0.0, 0.0, 1.0, 1.0, 1.0, 0.0, 1.0, 1.0, 1.0, 1.0, 1.0, 1.0, 1.0, 0.0, 1.0, 1.0, 1.0, 0.0, 1.0, 0.0, 0.0, 1.0, 0.0, 1.0, 0.0, 0.0, 1.0, 0.0, 1.0, 0.0, 1.0, 0.0, 1.0, 1.0, 0.0, 0.0, 0.0, 1.0, 1.0, 1.0, 1.0, 1.0, 0.0, 0.0, 1.0, 1.0, 0.0, 1.0, 0.0, 1.0, 1.0, 1.0, 0.0, 1.0, 0.0, 0.0, 1.0, 1.0, 0.0, 1.0, 0.0, 1.0, 1.0, 1.0, 1.0, 0.0, 0.0, 1.0, 0.0, 0.0, 1.0, 0.0, 0.0, 1.0, 0.0, 1.0, 1.0, 0.0, 1.0, 0.0, 1.0, 1.0, 0.0, 0.0, 0.0, 1.0, 1.0, 0.0, 1.0, 0.0, 1.0, 1.0, 0.0, 0.0, 0.0, 0.0, 1.0, 0.0, 0.0, 1.0, 1.0, 0.0, 0.0, 0.0, 0.0, 1.0, 1.0, 1.0, 1.0, 1.0, 0.0, 0.0, 1.0, 1.0, 1.0, 1.0, 1.0, 1.0, 1.0, 1.0, 0.0, 1.0, 0.0, 0.0, 0.0, 1.0, 1.0, 1.0, 0.0, 0.0, 0.0, 1.0, 0.0, 0.0, 1.0, 1.0, 0.0, 0.0, 0.0, 0.0, 1.0, 1.0, 1.0, 1.0, 1.0, 1.0, 0.0, 0.0, 0.0, 1.0, 1.0, 1.0, 1.0, 0.0, 1.0, 0.0, 1.0, 0.0, 0.0, 1.0, 1.0, 1.0, 0.0, 1.0, 1.0, 1.0, 1.0, 0.0, 0.0, 0.0, 0.0, 0.0, 0.0, 1.0, 1.0, 1.0, 0.0, 1.0, 1.0, 1.0, 0.0, 1.0, 1.0, 0.0, 0.0, 1.0, 0.0, 0.0, 1.0, 1.0, 0.0, 1.0, 1.0, 1.0, 1.0, 0.0, 1.0, 1.0, 0.0, 0.0, 0.0, 1.0, 0.0, 1.0, 1.0, 0.0, 0.0, 0.0, 0.0, 1.0, 0.0, 1.0, 1.0, 1.0, 1.0, 0.0, 1.0, 0.0, 1.0, 0.0, 0.0, 0.0, 1.0, 0.0, 1.0, 1.0, 1.0, 1.0, 0.0, 0.0, 1.0, 0.0, 0.0, 0.0, 1.0, 0.0, 0.0, 0.0, 1.0, 1.0, 1.0, 0.0, 1.0, 1.0, 0.0, 0.0, 0.0, 1.0, 0.0, 0.0, 1.0, 0.0, 0.0, 1.0, 0.0, 0.0, 0.0, 1.0, 1.0, 0.0, 1.0, 0.0, 0.0, 0.0, 0.0, 0.0, 0.0, 1.0, 0.0, 0.0, 0.0, 1.0, 0.0, 0.0, 1.0, 1.0, 1.0, 1.0, 0.0, 0.0, 1.0, 1.0, 0.0, 0.0, 1.0, 0.0, 0.0, 0.0, 0.0, 1.0, 1.0, 1.0, 0.0, 1.0, 1.0, 0.0, 1.0, 0.0, 1.0, 1.0, 0.0, 1.0, 1.0, 1.0, 0.0, 0.0, 0.0, 1.0, 1.0, 0.0, 1.0, 0.0, 1.0, 1.0, 0.0, 1.0, 0.0, 1.0, 1.0, 0.0, 0.0, 1.0, 0.0, 1.0, 1.0, 1.0, 0.0, 1.0, 1.0, 0.0, 1.0, 1.0, 1.0, 1.0, 1.0, 0.0, 0.0, 1.0, 0.0, 1.0, 1.0, 0.0, 0.0, 0.0, 1.0, 1.0, 0.0, 1.0, 0.0, 1.0, 0.0, 0.0, 1.0, 0.0, 1.0, 1.0, 0.0, 0.0, 1.0, 1.0, 1.0, 0.0, 0.0, 1.0, 1.0, 0.0, 1.0, 0.0, 1.0, 0.0, 1.0, 0.0, 0.0, 0.0, 0.0, 1.0, 1.0, 0.0, 1.0, 1.0, 0.0, 0.0, 0.0, 0.0, 1.0, 0.0, 0.0, 0.0, 0.0, 0.0, 1.0, 1.0, 0.0, 1.0, 1.0, 0.0, 0.0, 0.0, 1.0, 0.0, 0.0, 1.0, 0.0, 0.0, 1.0, 1.0, 0.0, 0.0, 0.0, 1.0, 1.0, 0.0, 0.0, 1.0, 0.0, 1.0, 1.0, 0.0, 0.0, 1.0, 1.0, 1.0, 0.0, 0.0, 1.0, 0.0, 0.0, 0.0, 1.0, 0.0, 0.0, 0.0, 0.0, 0.0, 1.0, 1.0, 0.0, 1.0, 1.0, 0.0, 1.0, 1.0, 1.0, 0.0, 0.0, 0.0, 1.0, 1.0, 0.0, 1.0, 1.0, 0.0, 0.0, 1.0, 0.0, 0.0, 0.0, 0.0, 1.0, 1.0, 1.0, 1.0, 1.0, 1.0, 0.0, 0.0, 0.0, 1.0, 1.0, 0.0, 0.0, 1.0, 0.0, 0.0, 0.0, 0.0, 1.0, 1.0, 1.0, 1.0, 1.0, 0.0, 1.0, 0.0, 0.0, 1.0, 0.0, 0.0, 1.0, 1.0, 1.0, 1.0, 0.0, 1.0, 0.0, 0.0, 1.0, 1.0, 0.0, 0.0, 1.0, 1.0, 0.0, 1.0, 1.0, 1.0, 0.0, 0.0, 1.0, 1.0, 0.0, 1.0, 1.0, 1.0, 0.0, 1.0, 0.0, 1.0, 1.0, 0.0, 0.0, 0.0, 0.0, 1.0, 0.0, 1.0, 0.0, 1.0, 0.0, 0.0, 1.0, 1.0, 1.0, 0.0, 1.0, 1.0, 1.0, 1.0, 1.0, 1.0, 1.0, 0.0, 1.0, 0.0, 0.0, 0.0, 0.0, 1.0, 1.0, 1.0, 1.0, 1.0, 0.0, 1.0, 0.0, 1.0, 1.0, 0.0, 1.0, 0.0, 0.0, 1.0, 0.0, 1.0, 0.0, 0.0, 1.0, 1.0, 0.0, 0.0, 1.0, 0.0, 1.0, 0.0, 0.0, 1.0, 1.0, 0.0, 0.0, 0.0, 1.0, 0.0, 1.0, 1.0, 0.0, 0.0, 1.0, 0.0, 0.0, 1.0, 0.0, 0.0, 0.0, 0.0, 0.0, 0.0, 1.0, 1.0, 0.0, 0.0, 1.0, 1.0, 1.0, 0.0, 0.0, 0.0, 1.0, 0.0, 1.0, 1.0, 0.0, 0.0, 1.0, 0.0, 0.0, 1.0, 1.0, 1.0, 0.0, 0.0, 1.0, 1.0, 0.0, 1.0, 1.0, 1.0, 0.0, 0.0, 1.0, 0.0, 0.0, 0.0, 0.0, 1.0, 0.0, 0.0, 1.0, 0.0, 1.0, 0.0, 1.0, 0.0, 0.0, 1.0, 1.0, 1.0, 1.0, 0.0, 1.0, 1.0, 0.0, 1.0, 0.0, 0.0, 1.0, 1.0, 1.0, 1.0, 1.0, 0.0, 0.0, 0.0, 0.0, 0.0, 1.0, 0.0, 1.0, 0.0, 1.0, 0.0, 1.0, 0.0, 1.0, 0.0, 1.0, 1.0, 0.0, 0.0, 0.0, 0.0, 0.0, 1.0, 1.0, 0.0, 1.0, 1.0, 1.0, 0.0, 0.0, 1.0, 0.0, 0.0, 1.0, 0.0, 1.0, 1.0, 0.0, 1.0, 1.0, 0.0, 0.0, 1.0, 1.0, 0.0, 0.0, 0.0, 1.0, 1.0, 0.0, 0.0, 0.0, 0.0, 0.0, 1.0, 1.0, 1.0, 0.0, 1.0, 1.0, 1.0, 1.0, 1.0, 0.0, 1.0, 0.0, 0.0, 1.0, 1.0, 0.0, 1.0, 1.0, 0.0, 1.0, 0.0, 0.0, 0.0, 0.0, 0.0, 1.0, 0.0, 1.0, 1.0, 0.0, 0.0, 1.0, 1.0, 0.0, 1.0, 0.0, 0.0, 0.0, 0.0, 1.0, 0.0, 0.0, 0.0, 1.0, 0.0, 1.0, 1.0, 0.0, 0.0, 0.0, 1.0, 1.0, 1.0, 1.0, 1.0, 0.0, 0.0, 0.0, 1.0, 1.0, 0.0, 0.0, 0.0, 0.0, 1.0, 0.0, 1.0, 0.0, 1.0, 0.0, 1.0, 0.0, 0.0, 1.0, 1.0, 0.0, 0.0, 0.0, 1.0, 0.0, 1.0, 0.0, 0.0, 1.0, 0.0, 1.0, 0.0, 0.0, 0.0, 1.0, 0.0, 1.0, 0.0, 1.0, 0.0, 0.0, 0.0, 1.0, 1.0, 1.0, 0.0, 1.0, 0.0, 0.0, 1.0, 1.0, 1.0, 0.0, 0.0, 0.0, 1.0, 0.0, 1.0, 0.0, 0.0, 1.0, 1.0, 0.0, 0.0, 0.0, 1.0, 0.0, 0.0, 0.0, 0.0, 0.0, 0.0, 1.0, 1.0, 1.0, 0.0, 1.0, 1.0, 1.0, 0.0, 0.0, 0.0, 0.0, 1.0, 1.0, 0.0, 0.0, 0.0, 1.0, 0.0, 1.0, 0.0, 1.0, 0.0, 1.0, 0.0, 0.0, 0.0, 0.0, 1.0, 0.0, 1.0, 0.0, 0.0, 1.0, 1.0, 1.0, 0.0, 0.0, 1.0, 0.0, 1.0, 1.0, 0.0, 0.0, 1.0, 0.0, 0.0, 0.0, 1.0, 1.0, 1.0, 0.0, 1.0, 0.0, 1.0, 0.0, 0.0, 1.0, 0.0, 1.0, 1.0, 1.0, 0.0, 1.0, 1.0, 1.0, 0.0, 1.0, 0.0, 0.0, 1.0, 0.0, 0.0, 1.0, 1.0, 0.0, 0.0, 0.0, 1.0, 1.0, 1.0, 0.0, 0.0, 0.0, 1.0, 1.0, 0.0, 1.0, 1.0, 0.0, 0.0, 0.0, 0.0, 1.0, 0.0, 1.0, 1.0, 0.0, 0.0, 0.0, 1.0, 1.0, 0.0, 1.0, 0.0, 1.0, 1.0, 1.0, 1.0, 0.0, 0.0, 1.0, 1.0, 1.0, 1.0, 1.0, 0.0, 1.0, 0.0, 0.0, 1.0, 1.0, 1.0, 1.0, 0.0, 0.0, 1.0, 0.0, 0.0, 1.0, 1.0, 1.0, 1.0, 1.0, 0.0, 1.0, 0.0, 0.0, 0.0, 1.0, 1.0, 1.0, 1.0, 1.0, 0.0, 0.0, 1.0, 1.0, 0.0, 1.0, 1.0, 1.0, 1.0, 1.0, 0.0, 1.0, 0.0, 0.0, 0.0, 0.0, 1.0, 1.0, 0.0, 0.0, 0.0, 0.0, 1.0, 0.0, 0.0, 1.0, 1.0, 0.0, 0.0, 1.0, 0.0, 1.0, 1.0, 1.0, 0.0, 1.0, 0.0, 0.0, 1.0, 1.0, 0.0, 0.0, 1.0, 0.0, 1.0, 1.0, 0.0, 0.0, 0.0, 1.0, 0.0, 1.0, 1.0, 0.0, 1.0, 0.0, 0.0, 1.0, 0.0, 0.0, 0.0, 1.0, 1.0, 0.0, 1.0, 0.0, 0.0, 1.0, 1.0, 0.0, 0.0, 1.0, 0.0, 0.0, 1.0, 0.0, 1.0, 1.0, 0.0, 0.0, 0.0, 1.0, 0.0, 0.0, 1.0, 1.0, 0.0, 1.0, 0.0, 0.0, 1.0, 1.0, 0.0, 1.0, 0.0, 1.0, 1.0, 1.0, 0.0, 0.0, 1.0, 1.0, 0.0, 1.0, 1.0, 1.0, 1.0, 1.0, 0.0, 0.0, 0.0, 0.0, 0.0, 0.0, 0.0, 1.0, 0.0, 1.0, 1.0, 1.0, 0.0, 0.0, 0.0, 1.0, 0.0, 1.0, 1.0, 1.0, 0.0, 0.0, 1.0, 0.0, 0.0, 0.0, 0.0, 1.0, 1.0, 0.0, 1.0, 0.0, 0.0, 1.0, 0.0, 0.0, 1.0, 1.0, 1.0, 1.0, 0.0, 0.0, 1.0, 1.0, 1.0, 0.0, 1.0, 0.0, 0.0, 1.0, 0.0, 1.0, 1.0, 0.0, 0.0, 1.0, 0.0, 0.0, 0.0, 1.0, 1.0, 0.0, 1.0, 1.0, 1.0, 0.0, 1.0, 1.0, 0.0, 0.0, 0.0, 1.0, 0.0, 1.0, 0.0, 0.0, 0.0, 1.0, 0.0, 1.0, 0.0, 1.0, 0.0, 0.0, 0.0, 1.0, 0.0, 1.0, 0.0, 1.0, 0.0, 0.0, 0.0, 1.0, 0.0, 0.0, 0.0, 1.0, 1.0, 0.0, 1.0, 1.0, 1.0, 1.0, 1.0, 0.0, 0.0, 0.0, 0.0, 1.0, 0.0, 0.0, 0.0, 0.0, 1.0, 1.0, 1.0, 0.0, 0.0, 0.0, 1.0, 0.0, 1.0, 0.0, 1.0, 0.0, 0.0, 0.0, 1.0, 1.0, 0.0, 0.0, 1.0, 0.0, 1.0, 0.0, 1.0, 1.0, 0.0, 1.0, 1.0, 0.0, 1.0, 0.0, 1.0, 0.0, 0.0, 0.0, 1.0, 1.0, 1.0, 0.0, 1.0, 0.0, 1.0, 1.0, 1.0, 1.0, 0.0, 1.0, 0.0, 0.0, 0.0, 0.0, 1.0, 0.0, 1.0, 0.0, 0.0, 1.0, 0.0, 1.0, 1.0, 0.0, 1.0, 0.0, 1.0, 0.0, 1.0, 1.0, 1.0, 1.0, 0.0, 1.0, 0.0, 1.0, 0.0, 0.0, 0.0, 0.0, 0.0, 0.0, 1.0, 0.0, 0.0, 0.0, 0.0, 1.0, 1.0, 1.0, 1.0, 0.0, 1.0, 1.0, 1.0, 1.0, 0.0, 1.0, 0.0, 0.0, 0.0, 1.0, 0.0, 1.0, 0.0, 0.0, 1.0, 0.0, 1.0, 0.0, 0.0, 0.0, 0.0, 1.0, 1.0, 1.0, 0.0, 0.0, 0.0, 1.0, 0.0, 1.0, 1.0, 0.0, 0.0, 1.0, 0.0, 1.0, 1.0, 0.0, 1.0, 0.0, 1.0, 0.0, 1.0, 1.0, 1.0, 1.0, 1.0, 1.0, 0.0, 0.0, 1.0, 0.0, 0.0, 1.0, 1.0, 1.0, 0.0, 1.0, 1.0, 0.0, 0.0, 0.0, 1.0, 1.0, 1.0, 0.0, 0.0, 1.0, 0.0, 0.0, 0.0, 0.0, 0.0, 1.0, 0.0, 0.0, 1.0, 1.0, 1.0, 1.0, 0.0, 0.0, 1.0, 0.0, 0.0, 0.0, 1.0, 1.0, 0.0, 1.0, 1.0, 1.0, 0.0, 1.0, 1.0, 1.0, 1.0, 1.0, 1.0, 1.0, 0.0, 0.0, 0.0, 1.0, 1.0, 1.0, 0.0, 0.0, 1.0, 1.0, 1.0, 0.0, 1.0, 1.0, 0.0, 0.0, 1.0, 0.0, 1.0, 0.0, 1.0, 1.0, 1.0, 0.0, 0.0, 1.0, 0.0, 1.0, 1.0, 1.0, 1.0, 0.0, 0.0, 1.0, 0.0, 0.0, 0.0, 1.0, 1.0, 0.0, 0.0, 0.0, 0.0, 1.0, 1.0, 1.0, 1.0, 1.0, 0.0, 1.0, 1.0, 0.0, 0.0, 0.0, 0.0, 0.0, 1.0, 0.0, 0.0, 0.0, 0.0, 0.0, 0.0, 0.0, 1.0, 1.0, 0.0, 0.0, 1.0, 0.0, 0.0, 1.0, 0.0, 1.0, 0.0, 0.0, 1.0, 0.0, 1.0, 1.0, 0.0, 0.0, 0.0, 0.0, 1.0, 1.0, 1.0, 1.0, 0.0, 0.0, 0.0, 1.0, 1.0, 0.0, 1.0, 1.0, 0.0, 0.0, 1.0, 1.0, 1.0, 1.0, 1.0, 1.0, 1.0, 0.0, 0.0, 0.0, 1.0, 1.0, 0.0, 0.0, 0.0, 1.0, 1.0, 1.0, 0.0, 1.0, 0.0, 1.0, 1.0, 0.0, 0.0, 1.0, 1.0, 0.0, 0.0, 0.0, 0.0, 0.0, 1.0, 0.0, 1.0, 1.0, 0.0, 0.0, 0.0, 1.0, 0.0, 0.0, 0.0, 0.0, 0.0, 0.0, 0.0, 1.0, 0.0, 0.0, 0.0, 1.0, 1.0, 0.0, 0.0, 1.0, 0.0, 1.0, 0.0, 0.0, 0.0, 1.0, 0.0, 1.0, 0.0, 0.0, 1.0, 1.0, 0.0, 1.0, 1.0, 1.0, 1.0, 1.0, 0.0, 0.0, 1.0, 1.0, 0.0, 1.0, 0.0, 0.0, 1.0, 0.0, 1.0, 1.0, 0.0, 1.0, 1.0, 1.0, 0.0, 1.0, 0.0, 1.0, 1.0, 0.0, 0.0, 1.0, 0.0, 1.0, 0.0, 0.0, 1.0, 1.0, 0.0, 0.0, 1.0, 1.0, 1.0, 1.0, 1.0, 0.0, 1.0, 0.0, 0.0, 0.0, 1.0, 1.0, 0.0, 1.0, 0.0, 1.0, 1.0, 1.0, 1.0, 0.0, 1.0, 0.0, 1.0, 1.0, 0.0, 0.0, 0.0, 1.0, 1.0, 1.0, 0.0, 0.0, 1.0, 0.0, 1.0, 0.0, 1.0, 0.0, 0.0, 1.0, 1.0, 1.0, 0.0, 1.0, 1.0, 1.0, 1.0, 0.0, 1.0, 0.0, 0.0, 0.0, 0.0, 0.0, 1.0, 1.0, 1.0, 1.0, 0.0, 1.0, 0.0, 1.0, 1.0, 1.0, 1.0, 0.0, 1.0, 1.0, 0.0, 1.0, 1.0, 0.0, 0.0, 0.0, 0.0, 0.0, 1.0, 0.0, 0.0, 0.0, 0.0, 1.0, 0.0, 0.0, 0.0, 1.0, 0.0, 0.0, 0.0, 1.0, 1.0, 0.0, 1.0, 0.0, 1.0, 0.0, 0.0, 0.0, 1.0, 1.0, 0.0, 1.0, 0.0, 1.0, 0.0, 0.0, 1.0, 1.0, 1.0, 0.0, 0.0, 0.0, 0.0, 1.0, 0.0, 1.0, 0.0, 1.0, 0.0, 1.0, 1.0, 0.0, 1.0, 0.0, 0.0, 0.0, 0.0, 0.0, 0.0, 0.0, 0.0, 1.0, 0.0, 0.0, 0.0, 0.0, 1.0, 1.0, 0.0, 1.0, 1.0, 1.0, 0.0, 0.0, 1.0, 1.0, 1.0, 1.0, 1.0, 1.0, 0.0, 1.0, 1.0, 0.0, 0.0, 1.0, 1.0, 1.0, 1.0, 1.0, 0.0, 0.0, 0.0, 1.0, 1.0, 1.0, 1.0, 1.0, 1.0, 0.0, 0.0, 0.0, 0.0, 0.0, 0.0, 0.0, 1.0, 1.0, 0.0, 1.0, 0.0, 0.0, 1.0, 1.0, 1.0, 0.0, 0.0, 1.0, 1.0, 0.0, 0.0, 1.0, 1.0, 1.0, 1.0, 0.0, 0.0, 0.0, 0.0, 1.0, 1.0, 1.0, 1.0, 0.0, 1.0, 0.0, 1.0, 1.0, 1.0, 0.0, 1.0, 1.0, 0.0, 1.0, 1.0, 0.0, 1.0, 0.0, 0.0, 0.0, 0.0, 1.0, 0.0, 0.0, 0.0, 0.0, 1.0, 1.0, 0.0, 1.0, 1.0, 0.0, 0.0, 0.0, 1.0, 1.0, 1.0, 1.0, 1.0, 1.0, 1.0, 1.0, 0.0, 1.0, 0.0, 1.0, 1.0, 0.0, 1.0, 1.0, 1.0, 0.0, 0.0, 0.0, 0.0, 1.0, 1.0, 0.0, 0.0, 0.0, 0.0, 0.0, 0.0, 1.0, 1.0, 0.0, 1.0, 1.0, 0.0, 0.0, 0.0, 1.0, 1.0, 1.0, 1.0, 1.0, 1.0, 0.0, 1.0, 1.0, 0.0, 0.0, 1.0, 1.0, 0.0, 0.0, 0.0, 0.0, 1.0, 0.0, 0.0, 0.0, 0.0, 0.0, 0.0, 0.0, 0.0, 1.0, 1.0, 1.0, 1.0, 0.0, 0.0, 0.0, 0.0, 1.0, 0.0, 1.0, 1.0, 1.0, 0.0, 0.0, 1.0, 0.0, 0.0, 1.0, 0.0, 0.0, 1.0, 0.0, 1.0, 1.0, 1.0, 1.0, 1.0, 1.0, 0.0, 0.0, 0.0, 0.0, 0.0, 1.0, 0.0, 1.0, 1.0, 1.0, 1.0, 1.0, 1.0, 0.0, 1.0, 0.0, 1.0, 0.0, 1.0, 0.0, 1.0, 0.0, 1.0, 0.0, 1.0, 1.0, 0.0, 1.0, 1.0, 0.0, 1.0, 0.0, 0.0, 1.0, 0.0, 0.0, 1.0, 1.0, 0.0, 1.0, 0.0, 0.0, 1.0, 1.0, 1.0, 0.0, 0.0, 1.0, 0.0, 1.0, 1.0, 1.0, 0.0, 1.0, 1.0, 0.0, 0.0, 0.0, 0.0, 1.0, 0.0, 0.0, 1.0, 0.0, 0.0, 0.0, 0.0, 1.0, 1.0, 1.0, 0.0, 1.0, 1.0, 0.0, 1.0, 0.0, 0.0, 1.0, 1.0, 0.0, 0.0, 1.0, 0.0, 1.0, 1.0, 0.0, 1.0, 0.0, 0.0, 1.0, 1.0, 0.0, 1.0, 1.0, 1.0, 1.0, 0.0, 0.0, 0.0, 1.0, 0.0, 0.0, 1.0, 0.0, 0.0, 1.0, 1.0, 0.0, 1.0, 1.0, 1.0, 1.0, 0.0, 0.0, 0.0, 0.0, 0.0, 1.0, 1.0, 0.0, 0.0, 0.0, 1.0, 1.0, 0.0, 0.0, 0.0, 0.0, 1.0, 0.0, 1.0, 1.0, 1.0, 1.0, 1.0, 0.0, 0.0, 1.0, 0.0, 1.0, 0.0, 0.0, 1.0, 1.0, 1.0, 0.0, 1.0, 1.0, 0.0, 0.0, 0.0, 0.0, 0.0, 0.0, 1.0, 1.0, 1.0, 1.0, 1.0, 0.0, 0.0, 1.0, 1.0, 1.0, 0.0, 1.0, 1.0, 1.0, 1.0, 0.0, 0.0, 1.0, 1.0, 1.0, 0.0, 1.0, 1.0, 0.0, 0.0, 0.0, 1.0, 1.0, 0.0, 0.0, 1.0, 0.0, 0.0, 1.0, 1.0, 0.0, 0.0, 0.0, 1.0, 1.0, 0.0, 0.0, 1.0, 1.0, 0.0, 1.0, 0.0, 0.0, 0.0, 1.0, 0.0, 0.0, 1.0, 1.0, 1.0, 0.0, 1.0, 1.0, 1.0, 1.0, 1.0, 1.0, 0.0, 1.0, 0.0, 0.0, 0.0, 1.0, 1.0, 1.0, 1.0, 0.0, 1.0, 0.0, 1.0, 0.0, 1.0, 0.0, 1.0, 1.0, 1.0, 0.0, 1.0, 0.0, 1.0, 1.0, 0.0, 0.0, 1.0, 0.0, 1.0, 0.0, 0.0, 1.0, 0.0, 0.0, 1.0, 1.0, 0.0, 0.0, 0.0, 1.0, 1.0, 0.0, 1.0, 0.0, 0.0, 0.0, 1.0, 0.0, 1.0, 1.0, 0.0, 0.0, 0.0, 0.0, 1.0, 0.0, 0.0, 1.0, 0.0, 0.0, 0.0, 1.0, 1.0, 1.0, 1.0, 0.0, 1.0, 1.0, 0.0, 1.0, 0.0, 0.0, 0.0, 0.0, 1.0, 1.0, 0.0, 0.0, 1.0, 0.0, 0.0, 1.0, 0.0, 1.0, 0.0, 0.0, 1.0, 0.0, 0.0, 1.0, 0.0, 1.0, 0.0, 0.0, 1.0, 0.0, 1.0, 1.0, 0.0, 0.0, 0.0, 1.0, 1.0, 1.0, 0.0, 0.0, 0.0, 1.0, 1.0, 1.0, 0.0, 0.0, 1.0, 0.0, 1.0, 0.0, 1.0, 0.0, 0.0, 1.0, 0.0, 1.0, 0.0, 1.0, 1.0, 1.0, 0.0, 1.0, 1.0, 1.0, 1.0, 0.0, 1.0, 0.0, 1.0, 0.0, 0.0, 1.0, 0.0, 1.0, 1.0, 1.0, 1.0, 0.0, 0.0, 0.0, 0.0, 0.0, 0.0, 0.0, 1.0, 1.0, 1.0, 0.0, 0.0, 1.0, 0.0, 1.0, 0.0, 1.0, 0.0, 1.0, 0.0, 1.0, 1.0, 0.0, 0.0, 1.0, 0.0, 0.0, 0.0, 1.0, 1.0, 0.0, 1.0, 1.0, 1.0, 0.0, 1.0, 1.0, 1.0, 0.0, 0.0, 1.0, 0.0, 1.0, 0.0, 1.0, 1.0, 1.0, 0.0, 1.0, 0.0, 0.0, 1.0, 0.0, 0.0, 1.0, 1.0, 1.0, 1.0, 1.0, 0.0, 1.0, 0.0, 0.0, 1.0, 0.0, 1.0, 0.0, 1.0, 1.0, 0.0, 0.0, 0.0, 1.0, 1.0, 0.0, 0.0, 1.0, 1.0, 0.0, 1.0, 1.0, 0.0, 0.0, 0.0, 0.0, 0.0, 0.0, 1.0, 1.0, 1.0, 1.0, 1.0, 1.0, 1.0, 0.0, 1.0, 0.0, 1.0, 0.0, 0.0, 0.0, 1.0, 1.0, 0.0, 0.0, 1.0, 1.0, 0.0, 1.0, 1.0, 1.0, 0.0, 1.0, 1.0, 0.0, 0.0, 0.0, 1.0, 1.0, 0.0, 1.0, 0.0, 0.0, 1.0, 0.0, 1.0, 0.0, 1.0, 1.0, 1.0, 0.0, 0.0, 0.0, 0.0, 1.0, 1.0, 1.0, 1.0, 0.0, 0.0, 1.0, 0.0, 0.0, 1.0, 0.0, 1.0, 0.0, 0.0, 0.0, 0.0, 0.0, 1.0, 0.0, 0.0, 0.0, 0.0, 1.0, 1.0, 0.0, 1.0, 1.0, 0.0, 1.0, 0.0, 1.0, 0.0, 0.0, 1.0, 0.0, 0.0, 1.0, 0.0, 0.0, 0.0, 0.0, 1.0, 0.0, 0.0, 0.0, 0.0, 0.0, 0.0, 0.0, 1.0, 1.0, 0.0, 0.0, 1.0, 0.0, 0.0, 0.0, 0.0, 0.0, 1.0, 0.0, 1.0, 0.0, 1.0, 1.0, 1.0, 1.0, 1.0, 0.0, 0.0, 0.0, 0.0, 1.0, 1.0, 0.0, 1.0, 0.0, 0.0, 0.0, 1.0, 1.0, 0.0, 0.0, 1.0, 0.0, 0.0, 1.0, 1.0, 1.0, 1.0, 0.0, 0.0, 0.0, 1.0, 0.0, 1.0, 1.0, 1.0, 1.0, 0.0, 1.0, 1.0, 0.0, 1.0, 1.0, 0.0, 0.0, 1.0, 1.0, 0.0, 1.0, 1.0, 1.0, 1.0, 1.0, 0.0, 0.0, 1.0, 1.0, 1.0, 1.0, 1.0, 0.0, 1.0, 1.0, 0.0, 1.0, 1.0, 0.0, 0.0, 0.0, 1.0, 1.0, 1.0, 0.0, 1.0, 1.0, 1.0, 1.0, 1.0, 0.0, 1.0, 1.0, 1.0, 0.0, 0.0, 0.0, 1.0, 1.0, 1.0, 1.0, 0.0, 0.0, 0.0, 1.0, 0.0, 1.0, 1.0, 1.0, 1.0, 0.0, 1.0, 0.0, 0.0, 0.0, 1.0, 1.0, 1.0, 0.0, 0.0, 0.0, 0.0, 1.0, 1.0, 0.0, 1.0, 0.0, 1.0, 1.0, 0.0, 0.0, 1.0, 0.0, 1.0, 1.0, 0.0, 0.0, 0.0, 0.0, 0.0, 1.0, 0.0, 0.0, 1.0, 0.0, 0.0, 1.0, 1.0, 1.0, 0.0, 0.0, 0.0, 0.0, 0.0, 1.0, 0.0, 1.0, 0.0, 0.0, 0.0, 0.0, 0.0, 1.0, 1.0, 0.0, 1.0, 1.0, 0.0, 0.0, 0.0, 0.0, 0.0, 1.0, 1.0, 1.0, 0.0, 1.0, 1.0, 0.0, 0.0, 0.0, 0.0, 1.0, 0.0, 1.0, 1.0, 1.0, 0.0, 1.0, 1.0, 1.0, 0.0, 1.0, 1.0, 1.0, 0.0, 1.0, 0.0, 0.0, 0.0, 1.0, 1.0, 0.0, 0.0, 1.0, 1.0, 1.0, 0.0, 0.0, 1.0, 0.0, 1.0, 0.0, 0.0, 1.0, 0.0, 0.0, 1.0, 0.0, 0.0, 0.0, 1.0, 1.0, 1.0, 0.0, 1.0, 0.0, 1.0, 0.0, 1.0, 0.0, 1.0, 1.0, 0.0, 1.0, 0.0, 1.0, 1.0, 1.0, 1.0, 0.0, 0.0, 0.0, 0.0, 0.0, 1.0, 1.0, 1.0, 0.0, 0.0, 0.0, 1.0, 0.0, 1.0, 1.0, 1.0, 0.0, 0.0, 1.0, 0.0, 1.0, 0.0, 1.0, 0.0, 1.0, 0.0, 1.0, 0.0, 1.0, 1.0, 0.0, 0.0, 0.0, 1.0, 1.0, 0.0, 0.0, 0.0, 0.0, 0.0, 0.0, 1.0, 0.0, 0.0, 0.0, 1.0, 0.0, 1.0, 1.0, 0.0, 1.0, 1.0, 0.0, 0.0, 1.0, 0.0, 1.0, 1.0, 0.0, 0.0, 0.0, 1.0, 1.0, 1.0, 1.0, 1.0, 0.0, 1.0, 0.0, 0.0, 1.0, 0.0, 0.0, 1.0, 0.0, 1.0, 0.0, 0.0, 1.0, 0.0, 1.0, 0.0, 1.0, 0.0, 1.0, 0.0, 0.0, 0.0, 1.0, 1.0, 0.0, 0.0, 0.0, 0.0, 0.0, 0.0, 1.0, 1.0, 0.0]","['lNONHSAG000008', 'lNONHSAG000484', 'lNONHSAG000584', 'lNONHSAG000918', 'lNONHSAG001172', 'lNONHSAG001247', 'lNONHSAG001259', 'lNONHSAG001773', 'lNONHSAG001837', 'lNONHSAG002134', 'lNONHSAG002135', 'lNONHSAG002719', 'lNONHSAG003056', 'lNONHSAG003156', 'lNONHSAG003912', 'lNONHSAG004303', 'lNONHSAG005711', 'lNONHSAG006163', 'lNONHSAG006341', 'lNONHSAG006477', 'lNONHSAG006735', 'lNONHSAG006772', 'lNONHSAG007708', 'lNONHSAG007961', 'lNONHSAG007983', 'lNONHSAG008056', 'lNONHSAG008517', 'lNONHSAG008540', 'lNONHSAG008726', 'lNONHSAG008759', 'lNONHSAG009124', 'lNONHSAG009544', 'lNONHSAG009636', 'lNONHSAG009757', 'lNONHSAG010184', 'lNONHSAG010416', 'lNONHSAG010543', 'lNONHSAG011070', 'lNONHSAG011090', 'lNONHSAG011125', 'lNONHSAG011211', 'lNONHSAG011439', 'lNONHSAG011790', 'lNONHSAG012303', 'lNONHSAG012555', 'lNONHSAG012614', 'lNONHSAG013098', 'lNONHSAG013109', 'lNONHSAG013809', 'lNONHSAG013944', 'lNONHSAG014267', 'lNONHSAG014289', 'lNONHSAG014372', 'lNONHSAG014562', 'lNONHSAG014591', 'lNONHSAG015461', 'lNONHSAG017417', 'lNONHSAG017783', 'lNONHSAG018344', 'lNONHSAG018374', 'lNONHSAG018414', 'lNONHSAG018417', 'lNONHSAG018461', 'lNONHSAG018980', 'lNONHSAG019012', 'lNONHSAG019051', 'lNONHSAG019134', 'lNONHSAG019158', 'lNONHSAG019493', 'lNONHSAG019569', 'lNONHSAG020053', 'lNONHSAG020278', 'lNONHSAG020321', 'lNONHSAG020325', 'lNONHSAG020476', 'lNONHSAG020957', 'lNONHSAG020990', 'lNONHSAG021309', 'lNONHSAG021567', 'lNONHSAG021584', 'lNONHSAG022595', 'lNONHSAG022690', 'lNONHSAG022980', 'lNONHSAG023630', 'lNONHSAG023661', 'lNONHSAG024146', 'lNONHSAG024224', 'lNONHSAG024364', 'lNONHSAG024671', 'lNONHSAG024913', 'lNONHSAG026575', 'lNONHSAG026631', 'lNONHSAG026720', 'lNONHSAG027017', 'lNONHSAG027110', 'lNONHSAG027278', 'lNONHSAG028948', 'lNONHSAG029933', 'lNONHSAG029959', 'lNONHSAG030279', 'lNONHSAG030516', 'lNONHSAG031385', 'lNONHSAG032247', 'lNONHSAG032309', 'lNONHSAG032748', 'lNONHSAG033386', 'lNONHSAG033435', 'lNONHSAG033691', 'lNONHSAG034845', 'lNONHSAG034973', 'lNONHSAG036273', 'lNONHSAG037025', 'lNONHSAG037096', 'lNONHSAG038397', 'lNONHSAG038561', 'lNONHSAG039617', 'lNONHSAG039634', 'lNONHSAG039637', 'lNONHSAG040804', 'lNONHSAG040976', 'lNONHSAG041716', 'lNONHSAG042132', 'lNONHSAG042476', 'lNONHSAG042966', 'lNONHSAG043159', 'lNONHSAG043625', 'lNONHSAG043851', 'lNONHSAG044709', 'lNONHSAG045383', 'lNONHSAG047260', 'lNONHSAG047620', 'lNONHSAG048626', 'lNONHSAG048682', 'lNONHSAG049051', 'lNONHSAG049754', 'lNONHSAG050272', 'lNONHSAG050423', 'lNONHSAG050815', 'lNONHSAG051010', 'lNONHSAG051266', 'lNONHSAG052046', 'lNONHSAG052511', 'lNONHSAG053162', 'lNONHSAG053499', 'lNONHSAG053748', 'lNONHSAG054360', 'lNONHSAG054432', 'lNONHSAG058006', 'lNONHSAG058118', 'lNONHSAG068402', 'lNONHSAG069147', 'lNONHSAG084832', 'lNONHSAG094129', 'lNONHSAG096230', 'lNONHSAG102572', 'lNONHSAG113761', 'lNONHSAG114445', 'lENSG00000198221', 'lENSG00000223764', 'lENSG00000224078', 'lENSG00000230046', 'lENSG00000237396', 'lENSG00000247095', 'lENSG00000249532', 'lENSG00000254508', 'lENSG00000260219', 'lENSG00000260280', 'lENSG00000261423', 'lENSG00000266402', 'lENSG00000267321', 'lENSG00000270084', 'lENSG00000281189', 'lASMTL-AS1', 'lDLX6-AS1', 'lINHBA-AS1', 'lSNX29P2', 'lSRP14-AS1', 'lPWAR6', 'lAC004840.8', 'lAC103564.7', 'lAL928742.12', 'lRP11-100F15.1', 'lRP11-243J18.2', 'lRP11-264B17.3', 'lRP11-439K3.1', 'lRP11-672A2.1', 'lRP4-610C12.4', 'lNONHSAG001014', 'lNONHSAG001028', 'lNONHSAG001207', 'lNONHSAG005740', 'lNONHSAG005760', 'lNONHSAG005852', 'lNONHSAG006097', 'lNONHSAG006300', 'lNONHSAG006314', 'lNONHSAG006459', 'lNONHSAG006576', 'lNONHSAG006579', 'lNONHSAG006889', 'lNONHSAG006894', 'lNONHSAG006970', 'lNONHSAG006976', 'lNONHSAG007103', 'lNONHSAG007429', 'lENSG00000105501', 'lENSG00000122043', 'lENSG00000149443', 'lENSG00000197880', 'lENSG00000203307', 'lENSG00000205452', 'lENSG00000223831', 'lENSG00000225570', 'lENSG00000226194', 'lENSG00000226566', 'lENSG00000226956', 'lENSG00000227611', 'lENSG00000228261', 'lENSG00000230153', 'lENSG00000230432', 'lENSG00000230759', 'lENSG00000231253', 'lENSG00000231496', 'lENSG00000231964', 'lENSG00000232359', 'lENSG00000232465', 'lENSG00000232604', 'lENSG00000232710', 'lENSG00000232939', 'lENSG00000233479', 'lENSG00000233689', 'lENSG00000236828', 'lENSG00000237324', 'lENSG00000237993', 'lENSG00000242795', 'lENSG00000242861', 'lENSG00000248925', 'lENSG00000249111', 'lENSG00000249114', 'lENSG00000249297', 'lENSG00000249382', 'lENSG00000250524', 'lENSG00000250646', 'lENSG00000250657', 'lENSG00000250950', 'lENSG00000250955', 'lENSG00000251059', 'lENSG00000251072', 'lENSG00000251412', 'lENSG00000253880', 'lENSG00000254033', 'lENSG00000254846', 'lENSG00000255159', 'lENSG00000255528', 'lENSG00000255539', 'lENSG00000256072', 'lENSG00000256670', 'lENSG00000257407', 'lENSG00000257494', 'lENSG00000257653', 'lENSG00000257860', 'lENSG00000258007', 'lENSG00000258292', 'lENSG00000258826', 'lENSG00000259194', 'lENSG00000259211', 'lENSG00000259250', 'lENSG00000259307', 'lENSG00000259935', 'lENSG00000261864', 'lENSG00000262652', 'lENSG00000263952', 'lENSG00000264107', 'lENSG00000264769', 'lENSG00000265168', 'lENSG00000265359', 'lENSG00000265554', 'lENSG00000265994', 'lENSG00000266839', 'lENSG00000267501', 'lENSG00000267633', 'lENSG00000268833', 'lENSG00000268981', 'lENSG00000269901', 'lENSG00000271579', 'lENSG00000271787', 'lENSG00000271833', 'lENSG00000272072', 'lENSG00000272661', 'lENSG00000272810', 'lENSG00000273257', 'lENSG00000273877', 'lENSG00000274678', 'lENSG00000275173', 'lENSG00000277639', 'lENSG00000278013', 'lENSG00000278766', 'lENSG00000279484', 'lENSG00000280455', 'lENSG00000283347', 'lENSG00000283457', 'lENSG00000284376', 'lENSG00000284699', 'lENSG00000285621', 'lENSG00000285699', 'lENSG00000286089', 'lENSG00000286474', 'lENSG00000286715', 'lENSG00000286722', 'lENSG00000286767', 'lENSG00000287006', 'lENSG00000287155', 'lENSG00000287358', 'lENSG00000287704', 'lENSG00000214955', 'lENSG00000224884', 'lENSG00000235337', 'lENSG00000248359', 'lENSG00000257715', 'lENSG00000258088', 'lENSG00000267581', 'lENSG00000251613', 'lENSG00000268166']","[1.0, 1.0, 1.0, 1.0, 1.0, 1.0, 1.0, 1.0, 1.0, 0.0, 0.0, 1.0, 0.0, 1.0, 1.0, 1.0, 0.0, 0.0, 0.0, 0.0, 1.0, 1.0, 1.0, 0.0, 0.0, 0.0, 0.0, 0.0, 0.0, 1.0, 1.0, 1.0, 1.0, 0.0, 0.0, 0.0, 0.0, 1.0, 0.0, 0.0, 1.0, 1.0, 0.0, 1.0, 1.0, 1.0, 0.0, 0.0, 1.0, 0.0, 0.0, 0.0, 0.0, 1.0, 1.0, 1.0, 1.0, 1.0, 1.0, 1.0, 0.0, 0.0, 0.0, 1.0, 1.0, 1.0, 1.0, 0.0, 0.0, 0.0, 0.0, 0.0, 0.0, 1.0, 1.0, 0.0, 1.0, 0.0, 0.0, 0.0, 1.0, 1.0, 1.0, 1.0, 1.0, 0.0, 0.0, 1.0, 0.0, 0.0, 1.0, 1.0, 1.0, 0.0, 1.0, 1.0, 1.0, 0.0, 1.0, 1.0, 0.0, 0.0, 0.0, 1.0, 1.0, 1.0, 0.0, 1.0, 1.0, 1.0, 0.0, 0.0, 1.0, 1.0, 0.0, 0.0, 0.0, 1.0, 0.0, 1.0, 1.0, 0.0, 1.0, 1.0, 0.0, 1.0, 0.0, 1.0, 0.0, 0.0, 1.0, 0.0, 0.0, 1.0, 0.0, 0.0, 1.0, 1.0, 1.0, 1.0, 1.0, 0.0, 0.0, 0.0, 0.0, 0.0, 0.0, 0.0, 1.0, 0.0, 0.0, 1.0, 0.0, 1.0, 0.0, 1.0, 1.0, 0.0, 0.0, 0.0, 0.0, 1.0, 1.0, 0.0, 0.0, 0.0, 0.0, 0.0, 1.0, 0.0, 0.0, 0.0, 1.0, 0.0, 1.0, 1.0, 1.0, 1.0, 1.0, 1.0, 1.0, 1.0, 1.0, 0.0, 1.0, 0.0, 1.0, 1.0, 1.0, 0.0, 1.0, 0.0, 0.0, 1.0, 1.0, 0.0, 0.0, 1.0, 0.0, 0.0, 1.0, 1.0, 0.0, 0.0, 0.0, 1.0, 1.0, 0.0, 0.0, 1.0, 0.0, 0.0, 0.0, 1.0, 0.0, 1.0, 0.0, 1.0, 1.0, 1.0, 0.0, 1.0, 0.0, 1.0, 1.0, 0.0, 1.0, 0.0, 1.0, 1.0, 0.0, 1.0, 1.0, 0.0, 1.0, 1.0, 1.0, 0.0, 1.0, 0.0, 0.0, 1.0, 1.0, 0.0, 1.0, 0.0, 1.0, 0.0, 1.0, 1.0, 1.0, 0.0, 0.0, 0.0, 1.0, 1.0, 0.0, 1.0, 0.0, 1.0, 1.0, 0.0, 0.0, 0.0, 0.0, 1.0, 1.0, 0.0, 1.0, 1.0, 0.0, 1.0, 0.0, 1.0, 1.0, 1.0, 1.0, 0.0, 0.0, 0.0, 0.0, 1.0, 1.0, 1.0, 0.0, 1.0, 1.0, 1.0, 0.0, 0.0, 1.0, 1.0, 1.0, 1.0, 0.0, 1.0, 0.0, 1.0, 1.0, 1.0, 0.0, 1.0, 1.0, 1.0, 0.0, 1.0, 0.0, 1.0, 1.0, 1.0, 1.0, 0.0, 0.0, 1.0, 0.0, 0.0, 0.0, 1.0, 0.0, 1.0, 0.0, 0.0, 0.0]","[0, 0, 1, 0, 0, 0, 1, 1, 1, 0, 1, 1, 1, 0, 1, 0, 0, 1, 1, 0, 0, 0, 1, 1, 1, 0, 0, 0, 0, 0, 1, 0, 0, 0, 0, 1, 1, 1, 0, 1, 0, 0, 0, 1, 0, 0, 0, 1, 1, 0, 1, 0, 1, 0, 1, 1, 1, 1, 1, 0, 0, 1, 1, 1, 0, 0, 0, 1, 0, 1, 0, 0, 0, 1, 1, 1, 0, 1, 1, 0, 0, 0, 1, 1, 1, 1, 0, 0, 0, 1, 1, 0, 1, 0, 0, 0, 0, 0, 0, 0, 0, 1, 0, 0, 0, 1, 0, 0, 0, 0, 0, 0, 1, 1, 1, 1, 1, 1, 1, 0, 1, 0, 0, 1, 1, 0, 0, 0, 0, 1, 1, 1, 1, 1, 0, 1, 0, 1, 1, 0, 0, 0, 0, 1, 1, 0, 1, 1, 1, 1, 1, 1, 1, 0, 0, 0, 0, 0, 1, 1, 0, 0, 0, 1, 0, 1, 1, 0, 1, 0, 0, 1, 1, 1, 0, 1, 1, 0, 1, 1, 0, 1, 1, 1, 0, 1, 0, 0, 1, 1, 0, 1, 1, 0, 1, 1, 0, 0, 1, 1, 1, 1, 1, 0, 1, 0, 0, 1, 0, 0, 1, 0, 1, 0, 1, 1, 1, 0, 1, 0, 1, 0, 1, 1, 0, 1, 0, 1, 0, 0, 1, 0, 0, 1, 0, 1, 0, 0, 0, 0, 1, 1, 1, 0, 0, 0, 1, 0, 0, 0, 0, 0, 0, 0, 0, 1, 1, 0, 1, 0, 1, 0, 0, 0, 1, 0, 0, 0, 0, 0, 1, 0, 0, 1, 0, 0, 0, 1, 0, 0, 1, 0, 1, 0, 0, 1, 1, 1, 1, 1, 0, 0, 1, 1, 0, 0, 1, 1, 0, 0, 0, 1, 0, 1, 1, 1, 0, 0, 0, 0, 0, 0, 1, 0, 1, 0, 0, 0, 1, 0, 0, 0, 1]","[-0.04656865994447948, -0.1474248283100235, 0.01838883032075042, -0.2933333550637489, -0.2058670539088532, -0.010551133726916434, 0.09959012201783743, 0.18862009588926895, 0.1309927349436861, -0.0043711707427862845, 0.08823364814343623, 0.05773773832432802, 0.033745104309786916, -0.019150040274602348, 0.029419560600588673, -0.10710801663896888, -0.04585202863651475, 0.016309987582833613, 0.15361032040373843, -0.08434327780050957, -0.06480578565453257, -0.12034781651315843, 0.19701964578685047, 0.017345970809097472, 0.020537091854917228, -0.0914459152837204, -0.40331904519776995, -0.04336034037840111, -0.15207787046333124, -0.09251594738678584, 0.02748021145678578, -0.04235678863914075, -0.07268369866683358, -0.2335408819947056, -0.018769122164624258, 0.06930425732653742, 0.0839051950062861, 0.11695020046967805, -0.17039725292000554, 0.2674240302891888, -0.004758141946118927, -0.06618727358655566, -0.07706681953971575, 0.06114854549022805, -0.0409829205395911, -0.11508219959036062, -0.2172657891837864, 0.013203821897410178, 0.1325013167864781, -0.05130287623395027, 0.23870168040211556, -0.08105178262077509, 0.15970210990496156, -0.002085312500501396, 0.15794134697664106, 0.015916674311418716, 0.0508649878913727, 0.22696219279639582, 0.3367452432384528, -0.175969831815616, -0.08052959299637966, 0.003535949159939128, 0.06289327661428398, 0.04570245626145361, -0.17417749364906257, -0.16352037163303226, -0.0182207400647372, 0.12316945689467904, -0.012937505647500985, 0.015236387612767216, -0.0107487319234221, -0.11887176224089682, -0.1608634071204487, 0.07089460026560854, 0.18007348551197985, 0.003329909942621362, -0.08890744203961656, 0.09766353843391304, 0.3037627024047269, -0.09216182006388277, -0.011928267921945485, -0.3140987378004054, 0.0962100024769483, 0.0685970236706088, 0.3459580762248151, 0.1303543717587556, -0.24528672790901876, -0.2661359989739609, -0.2211528519377908, 0.0037460218980604754, 0.21160878691095927, -0.24871213307436538, 0.19328389689841138, -0.14025306426901477, -0.06334570013522114, -0.0503074830819952, -0.28597335565871984, -0.2456986698222006, -0.8287681804254092, -0.1137874624527451, -0.11443566778098482, 0.3207574977658767, -0.15441731250146543, -0.05179973348643355, -0.10217707197228812, 0.04125113231532193, -0.09031361992557521, -0.0036169441101521482, -0.07228495745103938, -0.19753895119863366, -0.09603022845397849, -0.07416253206407333, 0.00617363507157595, 0.1740978063764886, 0.11205392275515688, 0.05731479811598003, 0.09875647374031946, 0.021745662371982916, 0.14052533143378707, -0.0178732676528848, 0.10806030371933659, -0.11883243678198177, -0.1708628867172888, 0.1977314111786128, 0.004174145453045702, -0.058375514927768074, -0.03278587931198931, -0.15211640908861782, -0.04159808202589524, 0.04083621098027976, 0.017556140021354166, 0.20089262696412621, 0.2372586229101807, 0.005866902234153065, -0.03393552854232443, 0.09461410569397063, -0.1395154395128533, 0.027329215022310754, 0.1091353242835493, -0.04390666686007563, -0.011168970798016958, -0.13178598557211021, -0.08100272164990255, 0.03309458155017239, 0.01975697411525587, -0.17708575364288162, 0.024698893458211052, 0.012999337464421251, 0.16589241318771528, 0.008027952988376191, 0.10372591775689496, 0.17079459251640625, 0.36618823593987293, -0.24392830137189783, -0.303670660924116, -0.05423453173724749, -0.04044541905937418, -0.29290596492021526, 0.2699680443245638, 0.6202951570392947, -0.07561245616052961, -0.18814303382345113, -0.1774445858482692, 0.10269466217924236, -0.11697097496030143, 0.15525503447978004, 0.33920818168230915, -0.03694914751984715, 0.0735287595387468, -0.035057294477423256, -0.14923660333988956, 0.029565841695167377, 0.04678992236619958, 0.0398670256038087, -0.02204029887868611, 0.23355061543587194, 0.07798804067811524, -0.14194122320392413, 0.1392403437823135, 0.14402723329183129, -0.07517973365483258, 0.05795681097225522, 0.0941158601717633, 0.2957039755075168, -0.09020607316067089, 0.14455927401116028, -0.1069124641697077, -0.14905464695602813, 0.012111754804664726, 0.11923552111743937, -0.18431129706731955, 0.18782397848226282, 0.015897132179353263, -0.04426232753596196, 0.08751180232926067, 0.21491844968313664, -0.2357858714131578, -0.016630760482488044, 0.09583132721364215, 0.11018590925514424, 0.19218111985606232, 7.68869651348314e-05, 0.03607526102407174, -0.09776885197944843, 0.10974111034694342, -0.19088777403603377, -0.12619584768799744, 0.1224934530447139, -0.2557934699227149, -0.06713151003165166, 0.057509789961218444, -0.19461024888356995, 0.026440787924399273, -0.0741019141292816, 0.021895344460536065, 0.04925137468654814, 0.017725481278218352, -0.07039365109652199, 0.15896661906627926, -0.10423017449689034, 0.16825008231943503, -0.14668459108817647, 0.04376668595218433, 0.03834945418152433, -0.19569175049123125, 0.012823908122433919, -0.12622365508990566, 0.1139790655872692, -0.23623039645516844, -0.03999633143192874, 0.088088468608263, -0.027906170718194262, -0.08812222523532245, 0.00503958797765211, -0.25039671470933667, 0.019902565691370916, -0.21086181037688004, -0.17995823576000472, -0.1272081963522578, -0.10696697687958093, 0.11877590234487265, 0.02006108514096791, 0.017106390412106015, -0.10068653900448801, -0.17374203439213723, -0.1351882208193678, 0.20710608821196416, -0.045895405591944965, -0.1480503037962875, -0.07391258030575124, -0.3823486219953367, -0.049068331391249026, -0.10303064121949682, -0.10089826698756912, -0.08443278925863609, 0.11248828799029972, 0.2860952898260798, -0.08126416151308405, 0.40436503043354466, -0.13047173949447213, 0.05453936946331581, -0.22298446528406426, -0.29506068142031805, -0.09964984423157322, 0.08773262275373359, -0.3184373267219167, -0.06261032374144573, -0.136447406933802, -0.015055376741788501, -0.32384351298450675, 0.38661524764459965, -0.07687475563621973, -0.1107970752591412, 0.039927181418965424, -0.09392865475613935, -0.06995685811054944, -0.10742689253723217, 0.059649404461630445, -0.22026728295928003, -0.5461994373896764, 0.19940042518721476, -0.13396173466142106, 0.08822808432389248, -0.0035881727005507014, -0.2267291965668188, 0.19631642590302853, 0.07900933250243256, 0.13151264041704344, 0.0630705512990983, 0.094886170868105, -0.0436606541153515, -0.12730842409966428, 0.20057569479240797, 0.008029584728822065, -0.001697206233189058, -0.13699415513221272, 0.12690667683031862, 0.03775883714022818, -0.22615092571592424, -0.06034471973321345, -0.21636958482809934, 0.06665442147054598, -0.002631576050593304, 0.10621212700290592, 0.038783502854740276, 0.37794609465744666, -0.2814357112500645, -0.020569209204631705, -0.2966706764242162, -0.05963503936555206, -0.09406771383464044, -0.0831099015914705, 0.012021166868340954, -0.19121793045557237, 0.08002432837914039, -0.28108319553699634, -0.45113708802248653, -0.05005679072420868, 0.3062947146503585, -0.055827663017618684, -0.1286923505134319, -0.9313137819169646, 0.03731404186590545]"
2,"['lNONHSAG000008', 'lNONHSAG000047', 'lNONHSAG000059', 'lNONHSAG000069', 'lNONHSAG000130', 'lNONHSAG000158', 'lNONHSAG000195', 'lNONHSAG000241', 'lNONHSAG000253', 'lNONHSAG000310', 'lNONHSAG000311', 'lNONHSAG000374', 'lNONHSAG000381', 'lNONHSAG000464', 'lNONHSAG000484', 'lNONHSAG000498', 'lNONHSAG000579', 'lNONHSAG000584', 'lNONHSAG000603', 'lNONHSAG000625', 'lNONHSAG000742', 'lNONHSAG000769', 'lNONHSAG000840', 'lNONHSAG000843', 'lNONHSAG000863', 'lNONHSAG000918', 'lNONHSAG000938', 'lNONHSAG000967', 'lNONHSAG001142', 'lNONHSAG001172', 'lNONHSAG001247', 'lNONHSAG001259', 'lNONHSAG001278', 'lNONHSAG001284', 'lNONHSAG001360', 'lNONHSAG001375', 'lNONHSAG001448', 'lNONHSAG001468', 'lNONHSAG001499', 'lNONHSAG001513', 'lNONHSAG001696', 'lNONHSAG001724', 'lNONHSAG001773', 'lNONHSAG001837', 'lNONHSAG001941', 'lNONHSAG001993', 'lNONHSAG002058', 'lNONHSAG002086', 'lNONHSAG002134', 'lNONHSAG002135', 'lNONHSAG002343', 'lNONHSAG002359', 'lNONHSAG002376', 'lNONHSAG002454', 'lNONHSAG002549', 'lNONHSAG002617', 'lNONHSAG002669', 'lNONHSAG002701', 'lNONHSAG002719', 'lNONHSAG002731', 'lNONHSAG002752', 'lNONHSAG002859', 'lNONHSAG002978', 'lNONHSAG003056', 'lNONHSAG003068', 'lNONHSAG003074', 'lNONHSAG003119', 'lNONHSAG003134', 'lNONHSAG003156', 'lNONHSAG003198', 'lNONHSAG003244', 'lNONHSAG003260', 'lNONHSAG003303', 'lNONHSAG003374', 'lNONHSAG003504', 'lNONHSAG003505', 'lNONHSAG003512', 'lNONHSAG003645', 'lNONHSAG003820', 'lNONHSAG003884', 'lNONHSAG003886', 'lNONHSAG003900', 'lNONHSAG003911', 'lNONHSAG003912', 'lNONHSAG003938', 'lNONHSAG003957', 'lNONHSAG003976', 'lNONHSAG004013', 'lNONHSAG004026', 'lNONHSAG004054', 'lNONHSAG004095', 'lNONHSAG004247', 'lNONHSAG004303', 'lNONHSAG004305', 'lNONHSAG004373', 'lNONHSAG004619', 'lNONHSAG004673', 'lNONHSAG004674', 'lNONHSAG004743', 'lNONHSAG004779', 'lNONHSAG005084', 'lNONHSAG005153', 'lNONHSAG005339', 'lNONHSAG005377', 'lNONHSAG005403', 'lNONHSAG005482', 'lNONHSAG005669', 'lNONHSAG005699', 'lNONHSAG005711', 'lNONHSAG005721', 'lNONHSAG005728', 'lNONHSAG005732', 'lNONHSAG005780', 'lNONHSAG005838', 'lNONHSAG005866', 'lNONHSAG005920', 'lNONHSAG006007', 'lNONHSAG006049', 'lNONHSAG006050', 'lNONHSAG006054', 'lNONHSAG006071', 'lNONHSAG006163', 'lNONHSAG006212', 'lNONHSAG006238', 'lNONHSAG006301', 'lNONHSAG006341', 'lNONHSAG006362', 'lNONHSAG006457', 'lNONHSAG006474', 'lNONHSAG006477', 'lNONHSAG006526', 'lNONHSAG006633', 'lNONHSAG006678', 'lNONHSAG006692', 'lNONHSAG006735', 'lNONHSAG006756', 'lNONHSAG006763', 'lNONHSAG006772', 'lNONHSAG006865', 'lNONHSAG006945', 'lNONHSAG006966', 'lNONHSAG007109', 'lNONHSAG007295', 'lNONHSAG007324', 'lNONHSAG007384', 'lNONHSAG007430', 'lNONHSAG007431', 'lNONHSAG007455', 'lNONHSAG007463', 'lNONHSAG007487', 'lNONHSAG007602', 'lNONHSAG007631', 'lNONHSAG007692', 'lNONHSAG007708', 'lNONHSAG007715', 'lNONHSAG007868', 'lNONHSAG007961', 'lNONHSAG007983', 'lNONHSAG008056', 'lNONHSAG008167', 'lNONHSAG008199', 'lNONHSAG008220', 'lNONHSAG008354', 'lNONHSAG008517', 'lNONHSAG008540', 'lNONHSAG008552', 'lNONHSAG008589', 'lNONHSAG008615', 'lNONHSAG008670', 'lNONHSAG008675', 'lNONHSAG008693', 'lNONHSAG008726', 'lNONHSAG008728', 'lNONHSAG008759', 'lNONHSAG008859', 'lNONHSAG008952', 'lNONHSAG008966', 'lNONHSAG009021', 'lNONHSAG009039', 'lNONHSAG009059', 'lNONHSAG009062', 'lNONHSAG009124', 'lNONHSAG009130', 'lNONHSAG009133', 'lNONHSAG009134', 'lNONHSAG009174', 'lNONHSAG009193', 'lNONHSAG009228', 'lNONHSAG009544', 'lNONHSAG009546', 'lNONHSAG009613', 'lNONHSAG009636', 'lNONHSAG009728', 'lNONHSAG009747', 'lNONHSAG009755', 'lNONHSAG009757', 'lNONHSAG009782', 'lNONHSAG009913', 'lNONHSAG009938', 'lNONHSAG009945', 'lNONHSAG009950', 'lNONHSAG009968', 'lNONHSAG009989', 'lNONHSAG010021', 'lNONHSAG010117', 'lNONHSAG010179', 'lNONHSAG010184', 'lNONHSAG010186', 'lNONHSAG010189', 'lNONHSAG010190', 'lNONHSAG010194', 'lNONHSAG010200', 'lNONHSAG010348', 'lNONHSAG010352', 'lNONHSAG010405', 'lNONHSAG010416', 'lNONHSAG010543', 'lNONHSAG010657', 'lNONHSAG010658', 'lNONHSAG010716', 'lNONHSAG010792', 'lNONHSAG010798', 'lNONHSAG010989', 'lNONHSAG011028', 'lNONHSAG011057', 'lNONHSAG011070', 'lNONHSAG011084', 'lNONHSAG011086', 'lNONHSAG011090', 'lNONHSAG011121', 'lNONHSAG011125', 'lNONHSAG011211', 'lNONHSAG011230', 'lNONHSAG011264', 'lNONHSAG011337', 'lNONHSAG011343', 'lNONHSAG011375', 'lNONHSAG011439', 'lNONHSAG011446', 'lNONHSAG011518', 'lNONHSAG011576', 'lNONHSAG011633', 'lNONHSAG011658', 'lNONHSAG011790', 'lNONHSAG011854', 'lNONHSAG011870', 'lNONHSAG011935', 'lNONHSAG012025', 'lNONHSAG012076', 'lNONHSAG012077', 'lNONHSAG012099', 'lNONHSAG012303', 'lNONHSAG012339', 'lNONHSAG012367', 'lNONHSAG012375', 'lNONHSAG012423', 'lNONHSAG012476', 'lNONHSAG012505', 'lNONHSAG012534', 'lNONHSAG012540', 'lNONHSAG012549', 'lNONHSAG012555', 'lNONHSAG012594', 'lNONHSAG012614', 'lNONHSAG012617', 'lNONHSAG012751', 'lNONHSAG012791', 'lNONHSAG013005', 'lNONHSAG013095', 'lNONHSAG013098', 'lNONHSAG013109', 'lNONHSAG013388', 'lNONHSAG013431', 'lNONHSAG013475', 'lNONHSAG013515', 'lNONHSAG013534', 'lNONHSAG013568', 'lNONHSAG013708', 'lNONHSAG013730', 'lNONHSAG013790', 'lNONHSAG013809', 'lNONHSAG013912', 'lNONHSAG013917', 'lNONHSAG013940', 'lNONHSAG013944', 'lNONHSAG013946', 'lNONHSAG013954', 'lNONHSAG013992', 'lNONHSAG014112', 'lNONHSAG014130', 'lNONHSAG014267', 'lNONHSAG014289', 'lNONHSAG014332', 'lNONHSAG014372', 'lNONHSAG014373', 'lNONHSAG014381', 'lNONHSAG014496', 'lNONHSAG014502', 'lNONHSAG014546', 'lNONHSAG014562', 'lNONHSAG014591', 'lNONHSAG014672', 'lNONHSAG014679', 'lNONHSAG014730', 'lNONHSAG014890', 'lNONHSAG014891', 'lNONHSAG014914', 'lNONHSAG015044', 'lNONHSAG015163', 'lNONHSAG015215', 'lNONHSAG015234', 'lNONHSAG015417', 'lNONHSAG015454', 'lNONHSAG015461', 'lNONHSAG015505', 'lNONHSAG015591', 'lNONHSAG015623', 'lNONHSAG015692', 'lNONHSAG015723', 'lNONHSAG015787', 'lNONHSAG015788', 'lNONHSAG016021', 'lNONHSAG016068', 'lNONHSAG016118', 'lNONHSAG016199', 'lNONHSAG016307', 'lNONHSAG016395', 'lNONHSAG016486', 'lNONHSAG016487', 'lNONHSAG016576', 'lNONHSAG016611', 'lNONHSAG016618', 'lNONHSAG016623', 'lNONHSAG016741', 'lNONHSAG016771', 'lNONHSAG016822', 'lNONHSAG016893', 'lNONHSAG017020', 'lNONHSAG017060', 'lNONHSAG017232', 'lNONHSAG017238', 'lNONHSAG017254', 'lNONHSAG017282', 'lNONHSAG017288', 'lNONHSAG017344', 'lNONHSAG017347', 'lNONHSAG017349', 'lNONHSAG017376', 'lNONHSAG017377', 'lNONHSAG017379', 'lNONHSAG017417', 'lNONHSAG017486', 'lNONHSAG017504', 'lNONHSAG017567', 'lNONHSAG017666', 'lNONHSAG017767', 'lNONHSAG017783', 'lNONHSAG017882', 'lNONHSAG017890', 'lNONHSAG017899', 'lNONHSAG018053', 'lNONHSAG018054', 'lNONHSAG018058', 'lNONHSAG018110', 'lNONHSAG018180', 'lNONHSAG018236', 'lNONHSAG018313', 'lNONHSAG018322', 'lNONHSAG018326', 'lNONHSAG018341', 'lNONHSAG018344', 'lNONHSAG018372', 'lNONHSAG018374', 'lNONHSAG018414', 'lNONHSAG018415', 'lNONHSAG018416', 'lNONHSAG018417', 'lNONHSAG018420', 'lNONHSAG018461', 'lNONHSAG018530', 'lNONHSAG018586', 'lNONHSAG018621', 'lNONHSAG018635', 'lNONHSAG018656', 'lNONHSAG018659', 'lNONHSAG018709', 'lNONHSAG018711', 'lNONHSAG018829', 'lNONHSAG018889', 'lNONHSAG018893', 'lNONHSAG018903', 'lNONHSAG018980', 'lNONHSAG019003', 'lNONHSAG019012', 'lNONHSAG019021', 'lNONHSAG019023', 'lNONHSAG019049', 'lNONHSAG019051', 'lNONHSAG019090', 'lNONHSAG019115', 'lNONHSAG019134', 'lNONHSAG019158', 'lNONHSAG019221', 'lNONHSAG019270', 'lNONHSAG019332', 'lNONHSAG019370', 'lNONHSAG019439', 'lNONHSAG019493', 'lNONHSAG019569', 'lNONHSAG019613', 'lNONHSAG019667', 'lNONHSAG019670', 'lNONHSAG019711', 'lNONHSAG019767', 'lNONHSAG019813', 'lNONHSAG019848', 'lNONHSAG019852', 'lNONHSAG019878', 'lNONHSAG019898', 'lNONHSAG019967', 'lNONHSAG020053', 'lNONHSAG020066', 'lNONHSAG020068', 'lNONHSAG020075', 'lNONHSAG020091', 'lNONHSAG020153', 'lNONHSAG020155', 'lNONHSAG020252', 'lNONHSAG020259', 'lNONHSAG020260', 'lNONHSAG020273', 'lNONHSAG020274', 'lNONHSAG020278', 'lNONHSAG020281', 'lNONHSAG020298', 'lNONHSAG020304', 'lNONHSAG020307', 'lNONHSAG020312', 'lNONHSAG020321', 'lNONHSAG020325', 'lNONHSAG020339', 'lNONHSAG020361', 'lNONHSAG020367', 'lNONHSAG020372', 'lNONHSAG020374', 'lNONHSAG020382', 'lNONHSAG020403', 'lNONHSAG020474', 'lNONHSAG020476', 'lNONHSAG020600', 'lNONHSAG020616', 'lNONHSAG020729', 'lNONHSAG020731', 'lNONHSAG020755', 'lNONHSAG020760', 'lNONHSAG020762', 'lNONHSAG020771', 'lNONHSAG020869', 'lNONHSAG020957', 'lNONHSAG020990', 'lNONHSAG021042', 'lNONHSAG021072', 'lNONHSAG021307', 'lNONHSAG021309', 'lNONHSAG021315', 'lNONHSAG021335', 'lNONHSAG021342', 'lNONHSAG021347', 'lNONHSAG021370', 'lNONHSAG021390', 'lNONHSAG021400', 'lNONHSAG021408', 'lNONHSAG021410', 'lNONHSAG021431', 'lNONHSAG021432', 'lNONHSAG021433', 'lNONHSAG021471', 'lNONHSAG021557', 'lNONHSAG021566', 'lNONHSAG021567', 'lNONHSAG021584', 'lNONHSAG021638', 'lNONHSAG021641', 'lNONHSAG021698', 'lNONHSAG021780', 'lNONHSAG021820', 'lNONHSAG021874', 'lNONHSAG021878', 'lNONHSAG021893', 'lNONHSAG021909', 'lNONHSAG021976', 'lNONHSAG021981', 'lNONHSAG022009', 'lNONHSAG022058', 'lNONHSAG022078', 'lNONHSAG022094', 'lNONHSAG022103', 'lNONHSAG022110', 'lNONHSAG022125', 'lNONHSAG022127', 'lNONHSAG022162', 'lNONHSAG022328', 'lNONHSAG022339', 'lNONHSAG022378', 'lNONHSAG022495', 'lNONHSAG022510', 'lNONHSAG022551', 'lNONHSAG022579', 'lNONHSAG022595', 'lNONHSAG022655', 'lNONHSAG022690', 'lNONHSAG022750', 'lNONHSAG022806', 'lNONHSAG022836', 'lNONHSAG022851', 'lNONHSAG022888', 'lNONHSAG022893', 'lNONHSAG022965', 'lNONHSAG022972', 'lNONHSAG022980', 'lNONHSAG022982', 'lNONHSAG023003', 'lNONHSAG023073', 'lNONHSAG023175', 'lNONHSAG023237', 'lNONHSAG023375', 'lNONHSAG023387', 'lNONHSAG023392', 'lNONHSAG023494', 'lNONHSAG023512', 'lNONHSAG023553', 'lNONHSAG023579', 'lNONHSAG023598', 'lNONHSAG023614', 'lNONHSAG023630', 'lNONHSAG023633', 'lNONHSAG023661', 'lNONHSAG023668', 'lNONHSAG023864', 'lNONHSAG023885', 'lNONHSAG023930', 'lNONHSAG023964', 'lNONHSAG024117', 'lNONHSAG024141', 'lNONHSAG024146', 'lNONHSAG024224', 'lNONHSAG024244', 'lNONHSAG024282', 'lNONHSAG024332', 'lNONHSAG024340', 'lNONHSAG024341', 'lNONHSAG024354', 'lNONHSAG024361', 'lNONHSAG024362', 'lNONHSAG024364', 'lNONHSAG024381', 'lNONHSAG024391', 'lNONHSAG024393', 'lNONHSAG024395', 'lNONHSAG024428', 'lNONHSAG024540', 'lNONHSAG024542', 'lNONHSAG024637', 'lNONHSAG024668', 'lNONHSAG024671', 'lNONHSAG024676', 'lNONHSAG024681', 'lNONHSAG024741', 'lNONHSAG024809', 'lNONHSAG024810', 'lNONHSAG024818', 'lNONHSAG024826', 'lNONHSAG024903', 'lNONHSAG024905', 'lNONHSAG024908', 'lNONHSAG024913', 'lNONHSAG024921', 'lNONHSAG024923', 'lNONHSAG024925', 'lNONHSAG024979', 'lNONHSAG025011', 'lNONHSAG025135', 'lNONHSAG025137', 'lNONHSAG025157', 'lNONHSAG025185', 'lNONHSAG025319', 'lNONHSAG025352', 'lNONHSAG025609', 'lNONHSAG025712', 'lNONHSAG025743', 'lNONHSAG025744', 'lNONHSAG025864', 'lNONHSAG025865', 'lNONHSAG025867', 'lNONHSAG025907', 'lNONHSAG025934', 'lNONHSAG025939', 'lNONHSAG025964', 'lNONHSAG025997', 'lNONHSAG026053', 'lNONHSAG026089', 'lNONHSAG026103', 'lNONHSAG026153', 'lNONHSAG026176', 'lNONHSAG026205', 'lNONHSAG026274', 'lNONHSAG026386', 'lNONHSAG026575', 'lNONHSAG026631', 'lNONHSAG026661', 'lNONHSAG026720', 'lNONHSAG026721', 'lNONHSAG026737', 'lNONHSAG026743', 'lNONHSAG026781', 'lNONHSAG026794', 'lNONHSAG026852', 'lNONHSAG026854', 'lNONHSAG026856', 'lNONHSAG027017', 'lNONHSAG027075', 'lNONHSAG027110', 'lNONHSAG027276', 'lNONHSAG027278', 'lNONHSAG027323', 'lNONHSAG027342', 'lNONHSAG027374', 'lNONHSAG027421', 'lNONHSAG027598', 'lNONHSAG027618', 'lNONHSAG027675', 'lNONHSAG027682', 'lNONHSAG027694', 'lNONHSAG027709', 'lNONHSAG027837', 'lNONHSAG027874', 'lNONHSAG027876', 'lNONHSAG028045', 'lNONHSAG028083', 'lNONHSAG028093', 'lNONHSAG028112', 'lNONHSAG028141', 'lNONHSAG028142', 'lNONHSAG028159', 'lNONHSAG028713', 'lNONHSAG028720', 'lNONHSAG028817', 'lNONHSAG028820', 'lNONHSAG028857', 'lNONHSAG028870', 'lNONHSAG028913', 'lNONHSAG028918', 'lNONHSAG028948', 'lNONHSAG028996', 'lNONHSAG029080', 'lNONHSAG029124', 'lNONHSAG029267', 'lNONHSAG029312', 'lNONHSAG029336', 'lNONHSAG029377', 'lNONHSAG029467', 'lNONHSAG029668', 'lNONHSAG029792', 'lNONHSAG029830', 'lNONHSAG029873', 'lNONHSAG029880', 'lNONHSAG029933', 'lNONHSAG029956', 'lNONHSAG029957', 'lNONHSAG029958', 'lNONHSAG029959', 'lNONHSAG029960', 'lNONHSAG029961', 'lNONHSAG029962', 'lNONHSAG029964', 'lNONHSAG029965', 'lNONHSAG029985', 'lNONHSAG030074', 'lNONHSAG030113', 'lNONHSAG030258', 'lNONHSAG030278', 'lNONHSAG030279', 'lNONHSAG030304', 'lNONHSAG030410', 'lNONHSAG030440', 'lNONHSAG030516', 'lNONHSAG030525', 'lNONHSAG030582', 'lNONHSAG030583', 'lNONHSAG030738', 'lNONHSAG030739', 'lNONHSAG030742', 'lNONHSAG031035', 'lNONHSAG031123', 'lNONHSAG031261', 'lNONHSAG031385', 'lNONHSAG031425', 'lNONHSAG031452', 'lNONHSAG031453', 'lNONHSAG031456', 'lNONHSAG031481', 'lNONHSAG031563', 'lNONHSAG031565', 'lNONHSAG031581', 'lNONHSAG031636', 'lNONHSAG031696', 'lNONHSAG031853', 'lNONHSAG031900', 'lNONHSAG031913', 'lNONHSAG031991', 'lNONHSAG032063', 'lNONHSAG032126', 'lNONHSAG032247', 'lNONHSAG032267', 'lNONHSAG032297', 'lNONHSAG032302', 'lNONHSAG032309', 'lNONHSAG032312', 'lNONHSAG032537', 'lNONHSAG032664', 'lNONHSAG032724', 'lNONHSAG032735', 'lNONHSAG032737', 'lNONHSAG032748', 'lNONHSAG032750', 'lNONHSAG033027', 'lNONHSAG033105', 'lNONHSAG033107', 'lNONHSAG033121', 'lNONHSAG033168', 'lNONHSAG033170', 'lNONHSAG033224', 'lNONHSAG033254', 'lNONHSAG033263', 'lNONHSAG033266', 'lNONHSAG033298', 'lNONHSAG033328', 'lNONHSAG033334', 'lNONHSAG033342', 'lNONHSAG033348', 'lNONHSAG033352', 'lNONHSAG033368', 'lNONHSAG033386', 'lNONHSAG033390', 'lNONHSAG033435', 'lNONHSAG033459', 'lNONHSAG033471', 'lNONHSAG033480', 'lNONHSAG033528', 'lNONHSAG033589', 'lNONHSAG033611', 'lNONHSAG033645', 'lNONHSAG033691', 'lNONHSAG033716', 'lNONHSAG033735', 'lNONHSAG033748', 'lNONHSAG033810', 'lNONHSAG033862', 'lNONHSAG033896', 'lNONHSAG033898', 'lNONHSAG033899', 'lNONHSAG033937', 'lNONHSAG033940', 'lNONHSAG034006', 'lNONHSAG034014', 'lNONHSAG034021', 'lNONHSAG034032', 'lNONHSAG034217', 'lNONHSAG034316', 'lNONHSAG034417', 'lNONHSAG034492', 'lNONHSAG034508', 'lNONHSAG034527', 'lNONHSAG034676', 'lNONHSAG034678', 'lNONHSAG034801', 'lNONHSAG034845', 'lNONHSAG034846', 'lNONHSAG034935', 'lNONHSAG034973', 'lNONHSAG035096', 'lNONHSAG035103', 'lNONHSAG035262', 'lNONHSAG035287', 'lNONHSAG035382', 'lNONHSAG035456', 'lNONHSAG035568', 'lNONHSAG035806', 'lNONHSAG035914', 'lNONHSAG035916', 'lNONHSAG035919', 'lNONHSAG035923', 'lNONHSAG036054', 'lNONHSAG036115', 'lNONHSAG036120', 'lNONHSAG036255', 'lNONHSAG036263', 'lNONHSAG036273', 'lNONHSAG036403', 'lNONHSAG036412', 'lNONHSAG036413', 'lNONHSAG036612', 'lNONHSAG036615', 'lNONHSAG036667', 'lNONHSAG036718', 'lNONHSAG036783', 'lNONHSAG036922', 'lNONHSAG036926', 'lNONHSAG037025', 'lNONHSAG037061', 'lNONHSAG037072', 'lNONHSAG037080', 'lNONHSAG037082', 'lNONHSAG037083', 'lNONHSAG037096', 'lNONHSAG037137', 'lNONHSAG037146', 'lNONHSAG037164', 'lNONHSAG037241', 'lNONHSAG037420', 'lNONHSAG037559', 'lNONHSAG037827', 'lNONHSAG037891', 'lNONHSAG037936', 'lNONHSAG037946', 'lNONHSAG038001', 'lNONHSAG038024', 'lNONHSAG038060', 'lNONHSAG038091', 'lNONHSAG038162', 'lNONHSAG038343', 'lNONHSAG038344', 'lNONHSAG038397', 'lNONHSAG038530', 'lNONHSAG038561', 'lNONHSAG038578', 'lNONHSAG038663', 'lNONHSAG038676', 'lNONHSAG038682', 'lNONHSAG038836', 'lNONHSAG039037', 'lNONHSAG039147', 'lNONHSAG039293', 'lNONHSAG039319', 'lNONHSAG039617', 'lNONHSAG039620', 'lNONHSAG039634', 'lNONHSAG039637', 'lNONHSAG039654', 'lNONHSAG039664', 'lNONHSAG039669', 'lNONHSAG039749', 'lNONHSAG039872', 'lNONHSAG039951', 'lNONHSAG040188', 'lNONHSAG040226', 'lNONHSAG040241', 'lNONHSAG040269', 'lNONHSAG040320', 'lNONHSAG040329', 'lNONHSAG040408', 'lNONHSAG040444', 'lNONHSAG040481', 'lNONHSAG040542', 'lNONHSAG040544', 'lNONHSAG040560', 'lNONHSAG040601', 'lNONHSAG040692', 'lNONHSAG040700', 'lNONHSAG040729', 'lNONHSAG040804', 'lNONHSAG040859', 'lNONHSAG040870', 'lNONHSAG040909', 'lNONHSAG040945', 'lNONHSAG040958', 'lNONHSAG040969', 'lNONHSAG040976', 'lNONHSAG041002', 'lNONHSAG041023', 'lNONHSAG041241', 'lNONHSAG041250', 'lNONHSAG041256', 'lNONHSAG041257', 'lNONHSAG041480', 'lNONHSAG041528', 'lNONHSAG041529', 'lNONHSAG041592', 'lNONHSAG041670', 'lNONHSAG041707', 'lNONHSAG041716', 'lNONHSAG041758', 'lNONHSAG041844', 'lNONHSAG041883', 'lNONHSAG041938', 'lNONHSAG041966', 'lNONHSAG041981', 'lNONHSAG042033', 'lNONHSAG042050', 'lNONHSAG042062', 'lNONHSAG042080', 'lNONHSAG042132', 'lNONHSAG042138', 'lNONHSAG042257', 'lNONHSAG042270', 'lNONHSAG042307', 'lNONHSAG042370', 'lNONHSAG042433', 'lNONHSAG042476', 'lNONHSAG042491', 'lNONHSAG042500', 'lNONHSAG042722', 'lNONHSAG042724', 'lNONHSAG042836', 'lNONHSAG042855', 'lNONHSAG042957', 'lNONHSAG042966', 'lNONHSAG042970', 'lNONHSAG042991', 'lNONHSAG043138', 'lNONHSAG043159', 'lNONHSAG043250', 'lNONHSAG043433', 'lNONHSAG043592', 'lNONHSAG043625', 'lNONHSAG043657', 'lNONHSAG043770', 'lNONHSAG043851', 'lNONHSAG043934', 'lNONHSAG044022', 'lNONHSAG044041', 'lNONHSAG044283', 'lNONHSAG044350', 'lNONHSAG044406', 'lNONHSAG044429', 'lNONHSAG044624', 'lNONHSAG044666', 'lNONHSAG044709', 'lNONHSAG044751', 'lNONHSAG044791', 'lNONHSAG045131', 'lNONHSAG045163', 'lNONHSAG045166', 'lNONHSAG045306', 'lNONHSAG045383', 'lNONHSAG045430', 'lNONHSAG046722', 'lNONHSAG046765', 'lNONHSAG046781', 'lNONHSAG046811', 'lNONHSAG046839', 'lNONHSAG046953', 'lNONHSAG047182', 'lNONHSAG047191', 'lNONHSAG047197', 'lNONHSAG047260', 'lNONHSAG047319', 'lNONHSAG047433', 'lNONHSAG047463', 'lNONHSAG047471', 'lNONHSAG047507', 'lNONHSAG047543', 'lNONHSAG047544', 'lNONHSAG047547', 'lNONHSAG047619', 'lNONHSAG047620', 'lNONHSAG047725', 'lNONHSAG047792', 'lNONHSAG047796', 'lNONHSAG047830', 'lNONHSAG047840', 'lNONHSAG047842', 'lNONHSAG047851', 'lNONHSAG047951', 'lNONHSAG047973', 'lNONHSAG047974', 'lNONHSAG048057', 'lNONHSAG048101', 'lNONHSAG048114', 'lNONHSAG048189', 'lNONHSAG048191', 'lNONHSAG048201', 'lNONHSAG048228', 'lNONHSAG048231', 'lNONHSAG048270', 'lNONHSAG048302', 'lNONHSAG048323', 'lNONHSAG048354', 'lNONHSAG048439', 'lNONHSAG048464', 'lNONHSAG048598', 'lNONHSAG048602', 'lNONHSAG048610', 'lNONHSAG048623', 'lNONHSAG048624', 'lNONHSAG048626', 'lNONHSAG048641', 'lNONHSAG048682', 'lNONHSAG048695', 'lNONHSAG048781', 'lNONHSAG048817', 'lNONHSAG049037', 'lNONHSAG049050', 'lNONHSAG049051', 'lNONHSAG049119', 'lNONHSAG049129', 'lNONHSAG049185', 'lNONHSAG049191', 'lNONHSAG049288', 'lNONHSAG049303', 'lNONHSAG049356', 'lNONHSAG049421', 'lNONHSAG049626', 'lNONHSAG049655', 'lNONHSAG049754', 'lNONHSAG049901', 'lNONHSAG050073', 'lNONHSAG050104', 'lNONHSAG050167', 'lNONHSAG050168', 'lNONHSAG050272', 'lNONHSAG050284', 'lNONHSAG050345', 'lNONHSAG050423', 'lNONHSAG050445', 'lNONHSAG050493', 'lNONHSAG050518', 'lNONHSAG050670', 'lNONHSAG050725', 'lNONHSAG050769', 'lNONHSAG050786', 'lNONHSAG050815', 'lNONHSAG050929', 'lNONHSAG050985', 'lNONHSAG051010', 'lNONHSAG051015', 'lNONHSAG051166', 'lNONHSAG051196', 'lNONHSAG051245', 'lNONHSAG051250', 'lNONHSAG051255', 'lNONHSAG051259', 'lNONHSAG051260', 'lNONHSAG051263', 'lNONHSAG051266', 'lNONHSAG051291', 'lNONHSAG051448', 'lNONHSAG051454', 'lNONHSAG051484', 'lNONHSAG051514', 'lNONHSAG051517', 'lNONHSAG051523', 'lNONHSAG051542', 'lNONHSAG051567', 'lNONHSAG051568', 'lNONHSAG051603', 'lNONHSAG051770', 'lNONHSAG051898', 'lNONHSAG051958', 'lNONHSAG052046', 'lNONHSAG052082', 'lNONHSAG052097', 'lNONHSAG052119', 'lNONHSAG052151', 'lNONHSAG052179', 'lNONHSAG052459', 'lNONHSAG052491', 'lNONHSAG052492', 'lNONHSAG052495', 'lNONHSAG052510', 'lNONHSAG052511', 'lNONHSAG052609', 'lNONHSAG052680', 'lNONHSAG052709', 'lNONHSAG052853', 'lNONHSAG052908', 'lNONHSAG052925', 'lNONHSAG052929', 'lNONHSAG052931', 'lNONHSAG052933', 'lNONHSAG052943', 'lNONHSAG053014', 'lNONHSAG053028', 'lNONHSAG053033', 'lNONHSAG053082', 'lNONHSAG053108', 'lNONHSAG053162', 'lNONHSAG053228', 'lNONHSAG053419', 'lNONHSAG053456', 'lNONHSAG053499', 'lNONHSAG053502', 'lNONHSAG053546', 'lNONHSAG053547', 'lNONHSAG053590', 'lNONHSAG053602', 'lNONHSAG053626', 'lNONHSAG053631', 'lNONHSAG053651', 'lNONHSAG053716', 'lNONHSAG053719', 'lNONHSAG053748', 'lNONHSAG053796', 'lNONHSAG053802', 'lNONHSAG053842', 'lNONHSAG054024', 'lNONHSAG054038', 'lNONHSAG054212', 'lNONHSAG054213', 'lNONHSAG054214', 'lNONHSAG054215', 'lNONHSAG054360', 'lNONHSAG054432', 'lNONHSAG054699', 'lNONHSAG054717', 'lNONHSAG054718', 'lNONHSAG054780', 'lNONHSAG054791', 'lNONHSAG054807', 'lNONHSAG054832', 'lNONHSAG055088', 'lNONHSAG055092', 'lNONHSAG055151', 'lNONHSAG055258', 'lNONHSAG055350', 'lNONHSAG055418', 'lNONHSAG055546', 'lNONHSAG055558', 'lNONHSAG055565', 'lNONHSAG055577', 'lNONHSAG055582', 'lNONHSAG056025', 'lNONHSAG056053', 'lNONHSAG056451', 'lNONHSAG056733', 'lNONHSAG056746', 'lNONHSAG056868', 'lNONHSAG056875', 'lNONHSAG057043', 'lNONHSAG057222', 'lNONHSAG057260', 'lNONHSAG058006', 'lNONHSAG058109', 'lNONHSAG058118', 'lNONHSAG058128', 'lNONHSAG058533', 'lNONHSAG058967', 'lNONHSAG059768', 'lNONHSAG060586', 'lNONHSAG061096', 'lNONHSAG061404', 'lNONHSAG061492', 'lNONHSAG063700', 'lNONHSAG064784', 'lNONHSAG064962', 'lNONHSAG065364', 'lNONHSAG066253', 'lNONHSAG068402', 'lNONHSAG068639', 'lNONHSAG069030', 'lNONHSAG069147', 'lNONHSAG069277', 'lNONHSAG069876', 'lNONHSAG070257', 'lNONHSAG071444', 'lNONHSAG072176', 'lNONHSAG072945', 'lNONHSAG073025', 'lNONHSAG073380', 'lNONHSAG073406', 'lNONHSAG073419', 'lNONHSAG073786', 'lNONHSAG074052', 'lNONHSAG075363', 'lNONHSAG077475', 'lNONHSAG077527', 'lNONHSAG077551', 'lNONHSAG079231', 'lNONHSAG080772', 'lNONHSAG081227', 'lNONHSAG081583', 'lNONHSAG081993', 'lNONHSAG082891', 'lNONHSAG083209', 'lNONHSAG083289', 'lNONHSAG083615', 'lNONHSAG083859', 'lNONHSAG083894', 'lNONHSAG084701', 'lNONHSAG084832', 'lNONHSAG084937', 'lNONHSAG085975', 'lNONHSAG089857', 'lNONHSAG091116', 'lNONHSAG091284', 'lNONHSAG091452', 'lNONHSAG091943', 'lNONHSAG092907', 'lNONHSAG093078', 'lNONHSAG093517', 'lNONHSAG094075', 'lNONHSAG094129', 'lNONHSAG094269', 'lNONHSAG096130', 'lNONHSAG096227', 'lNONHSAG096230', 'lNONHSAG096627', 'lNONHSAG097347', 'lNONHSAG098653', 'lNONHSAG099082', 'lNONHSAG099120', 'lNONHSAG099126', 'lNONHSAG099742', 'lNONHSAG099774', 'lNONHSAG101229', 'lNONHSAG101725', 'lNONHSAG102572', 'lNONHSAG103259', 'lNONHSAG103457', 'lNONHSAG103817', 'lNONHSAG104186', 'lNONHSAG110420', 'lNONHSAG110858', 'lNONHSAG111667', 'lNONHSAG112396', 'lNONHSAG113761', 'lNONHSAG114445', 'lENSG00000163364', 'lENSG00000171889', 'lENSG00000175061', 'lENSG00000179406', 'lENSG00000179523', 'lENSG00000189295', 'lENSG00000198221', 'lENSG00000198468', 'lENSG00000203497', 'lENSG00000223764', 'lENSG00000223783', 'lENSG00000224078', 'lENSG00000224614', 'lENSG00000225470', 'lENSG00000225506', 'lENSG00000226115', 'lENSG00000226137', 'lENSG00000227082', 'lENSG00000227256', 'lENSG00000227963', 'lENSG00000228022', 'lENSG00000228526', 'lENSG00000229267', 'lENSG00000229335', 'lENSG00000229388', 'lENSG00000230046', 'lENSG00000230061', 'lENSG00000230257', 'lENSG00000230313', 'lENSG00000230400', 'lENSG00000230866', 'lENSG00000231019', 'lENSG00000231437', 'lENSG00000231473', 'lENSG00000231663', 'lENSG00000232265', 'lENSG00000232415', 'lENSG00000232442', 'lENSG00000232500', 'lENSG00000233047', 'lENSG00000233387', 'lENSG00000233532', 'lENSG00000233590', 'lENSG00000234169', 'lENSG00000234222', 'lENSG00000234455', 'lENSG00000234546', 'lENSG00000234625', 'lENSG00000235385', 'lENSG00000235535', 'lENSG00000235724', 'lENSG00000236240', 'lENSG00000236671', 'lENSG00000237167', 'lENSG00000237396', 'lENSG00000237880', 'lENSG00000241388', 'lENSG00000242207', 'lENSG00000243479', 'lENSG00000244124', 'lENSG00000245067', 'lENSG00000245146', 'lENSG00000245614', 'lENSG00000247095', 'lENSG00000247373', 'lENSG00000247400', 'lENSG00000247498', 'lENSG00000249532', 'lENSG00000249835', 'lENSG00000249993', 'lENSG00000250635', 'lENSG00000251003', 'lENSG00000251061', 'lENSG00000253315', 'lENSG00000254418', 'lENSG00000254480', 'lENSG00000254508', 'lENSG00000254791', 'lENSG00000255363', 'lENSG00000255427', 'lENSG00000255553', 'lENSG00000255850', 'lENSG00000256742', 'lENSG00000256769', 'lENSG00000257557', 'lENSG00000258197', 'lENSG00000258912', 'lENSG00000259424', 'lENSG00000260219', 'lENSG00000260280', 'lENSG00000260455', 'lENSG00000260924', 'lENSG00000260969', 'lENSG00000261183', 'lENSG00000261423', 'lENSG00000261780', 'lENSG00000263718', 'lENSG00000264672', 'lENSG00000265374', 'lENSG00000266402', 'lENSG00000266970', 'lENSG00000267296', 'lENSG00000267321', 'lENSG00000267395', 'lENSG00000267413', 'lENSG00000267440', 'lENSG00000267858', 'lENSG00000269019', 'lENSG00000269911', 'lENSG00000269939', 'lENSG00000270084', 'lENSG00000270344', 'lENSG00000270959', 'lENSG00000272769', 'lENSG00000274372', 'lENSG00000278709', 'lENSG00000278970', 'lENSG00000279296', 'lENSG00000281189', 'lENSG00000284070', 'lENSG00000285644', 'lENSG00000286004', 'lENSG00000286737', 'lENSG00000288080', 'lENSG00000224739', 'lA1BG-AS1', 'lADAMTS9-AS2', 'lANKRD62P1-PARP4P3', 'lAQP4-AS1', 'lASMTL-AS1', 'lBANCR', 'lCCAT2', 'lCRNDE', 'lDGKK', 'lDLX6-AS1', 'lFEZF1-AS1', 'lGATA3-AS1', 'lGATA6-AS1', 'lGHET1', 'lHEIH', 'lHOTAIRM1', 'lHOXA-AS3', 'lINHBA-AS1', 'lJPX', 'lJRK', 'lKCTD21-AS1', 'lKTN1-AS1', 'lLAMTOR5-AS1', 'lLBX2-AS1', 'lLINC00174', 'lLINC00240', 'lLINC00333', 'lLINC00472', 'lLPP-AS2', 'lMCM3AP-AS1', 'lMEG3', 'lMIR181A1HG', 'lMIR31HG', 'lMYLK-AS1', 'lRHPN1-AS1', 'lRMST', 'lSNHG15', 'lSNHG16', 'lSNX29P2', 'lTEN1-CDK3', 'lTPTEP1', 'lTRAM2-AS1', 'lVCAN-AS1', 'lZFAS1', 'lZNF286B', 'lZNF503-AS2', 'lLINC00461', 'lLINC00514', 'lSLC2A1-AS1', 'lSRP14-AS1', 'lAC007009.1', 'lPWAR6', 'lAC004840.8', 'lAC061992.2', 'lAC103564.7', 'lAC135048.13', 'lAC137723.5', 'lAC137932.5', 'lAL928742.12', 'lAP001058.3', 'lCTB-60B18.10', 'lCTD-2165H16.4', 'lCTD-2195B23.3', 'lCTD-2540L5.5', 'lKB-7G2.8', 'lLA16c-380H5.3', 'lLL22NC03-23C6.13', 'lRP1-283E3.8', 'lRP11-100F15.1', 'lRP11-104E19.1', 'lRP11-108M9.3', 'lRP11-123O10.4', 'lRP11-137H2.4', 'lRP11-197N18.2', 'lRP11-21J18.1', 'lRP11-227H15.4', 'lRP11-243J18.2', 'lRP11-24P14.1', 'lRP11-264B17.3', 'lRP11-276H7.2', 'lRP11-305P14.1', 'lRP11-439K3.1', 'lRP11-467J12.4', 'lRP11-49K24.4', 'lRP11-514P8.8', 'lRP11-54O7.3', 'lRP11-550C4.6', 'lRP11-680A11.5', 'lRP4-756H11.3', 'lRP4-790G17.7', 'lRP5-1061H20.4', 'lRP5-1074L1.1', 'lXXbac-B444P24.8', 'lXXbac-BPG300A18.13', 'lAC018766.4', 'lCTD-2231H16.1', 'lRP11-429J17.8', 'lRP11-672A2.1', 'lRP5-1063M23.1', 'lRP11-495P10.8', 'lRP4-610C12.4', 'lRP11-408H20.2', 'lNONHSAG000157', 'lNONHSAG000265', 'lNONHSAG000297', 'lNONHSAG000298', 'lNONHSAG000623', 'lNONHSAG000636', 'lNONHSAG000896', 'lNONHSAG000969', 'lNONHSAG000994', 'lNONHSAG001008', 'lNONHSAG001014', 'lNONHSAG001028', 'lNONHSAG001030', 'lNONHSAG001033', 'lNONHSAG001147', 'lNONHSAG001171', 'lNONHSAG001207', 'lNONHSAG001240', 'lNONHSAG001258', 'lNONHSAG001419', 'lNONHSAG001435', 'lNONHSAG001613', 'lNONHSAG002403', 'lNONHSAG002487', 'lNONHSAG002619', 'lNONHSAG002726', 'lNONHSAG002790', 'lNONHSAG002816', 'lNONHSAG003227', 'lNONHSAG003308', 'lNONHSAG003418', 'lNONHSAG003810', 'lNONHSAG003881', 'lNONHSAG004227', 'lNONHSAG004351', 'lNONHSAG004475', 'lNONHSAG004507', 'lNONHSAG004638', 'lNONHSAG004893', 'lNONHSAG005249', 'lNONHSAG005363', 'lNONHSAG005473', 'lNONHSAG005522', 'lNONHSAG005652', 'lNONHSAG005679', 'lNONHSAG005690', 'lNONHSAG005717', 'lNONHSAG005725', 'lNONHSAG005739', 'lNONHSAG005740', 'lNONHSAG005746', 'lNONHSAG005747', 'lNONHSAG005760', 'lNONHSAG005769', 'lNONHSAG005789', 'lNONHSAG005797', 'lNONHSAG005809', 'lNONHSAG005821', 'lNONHSAG005830', 'lNONHSAG005842', 'lNONHSAG005847', 'lNONHSAG005851', 'lNONHSAG005852', 'lNONHSAG005853', 'lNONHSAG005855', 'lNONHSAG005856', 'lNONHSAG005857', 'lNONHSAG005859', 'lNONHSAG005862', 'lNONHSAG005867', 'lNONHSAG005870', 'lNONHSAG005901', 'lNONHSAG005915', 'lNONHSAG005935', 'lNONHSAG005936', 'lNONHSAG005939', 'lNONHSAG005985', 'lNONHSAG005986', 'lNONHSAG006012', 'lNONHSAG006022', 'lNONHSAG006078', 'lNONHSAG006086', 'lNONHSAG006091', 'lNONHSAG006097', 'lNONHSAG006103', 'lNONHSAG006160', 'lNONHSAG006166', 'lNONHSAG006183', 'lNONHSAG006186', 'lNONHSAG006187', 'lNONHSAG006188', 'lNONHSAG006206', 'lNONHSAG006220', 'lNONHSAG006235', 'lNONHSAG006240', 'lNONHSAG006279', 'lNONHSAG006290', 'lNONHSAG006293', 'lNONHSAG006300', 'lNONHSAG006314', 'lNONHSAG006324', 'lNONHSAG006376', 'lNONHSAG006377', 'lNONHSAG006382', 'lNONHSAG006388', 'lNONHSAG006395', 'lNONHSAG006399', 'lNONHSAG006412', 'lNONHSAG006434', 'lNONHSAG006440', 'lNONHSAG006450', 'lNONHSAG006459', 'lNONHSAG006479', 'lNONHSAG006487', 'lNONHSAG006493', 'lNONHSAG006536', 'lNONHSAG006551', 'lNONHSAG006554', 'lNONHSAG006555', 'lNONHSAG006557', 'lNONHSAG006576', 'lNONHSAG006579', 'lNONHSAG006581', 'lNONHSAG006586', 'lNONHSAG006591', 'lNONHSAG006602', 'lNONHSAG006653', 'lNONHSAG006669', 'lNONHSAG006716', 'lNONHSAG006748', 'lNONHSAG006750', 'lNONHSAG006765', 'lNONHSAG006779', 'lNONHSAG006808', 'lNONHSAG006830', 'lNONHSAG006832', 'lNONHSAG006837', 'lNONHSAG006855', 'lNONHSAG006863', 'lNONHSAG006883', 'lNONHSAG006889', 'lNONHSAG006894', 'lNONHSAG006897', 'lNONHSAG006909', 'lNONHSAG006915', 'lNONHSAG006922', 'lNONHSAG006970', 'lNONHSAG006976', 'lNONHSAG007000', 'lNONHSAG007023', 'lNONHSAG007029', 'lNONHSAG007031', 'lNONHSAG007035', 'lNONHSAG007063', 'lNONHSAG007065', 'lNONHSAG007087', 'lNONHSAG007093', 'lNONHSAG007103', 'lNONHSAG007118', 'lNONHSAG007123', 'lNONHSAG007129', 'lNONHSAG007139', 'lNONHSAG007155', 'lNONHSAG007166', 'lNONHSAG007172', 'lNONHSAG007203', 'lNONHSAG007222', 'lNONHSAG007224', 'lNONHSAG007225', 'lNONHSAG007242', 'lNONHSAG007259', 'lNONHSAG007268', 'lNONHSAG007278', 'lNONHSAG007286', 'lNONHSAG007298', 'lNONHSAG007414', 'lNONHSAG007429', 'lNONHSAG007458', 'lNONHSAG007488', 'lNONHSAG007507', 'lNONHSAG007533', 'lNONHSAG007543', 'lNONHSAG007544', 'lNONHSAG007554', 'lNONHSAG007574', 'lNONHSAG007578', 'lNONHSAG007587', 'lNONHSAG007599', 'lNONHSAG007621', 'lNONHSAG007632', 'lNONHSAG007638', 'lNONHSAG007730', 'lNONHSAG007932', 'lENSG00000083622', 'lENSG00000105501', 'lENSG00000122043', 'lENSG00000149443', 'lENSG00000167920', 'lENSG00000175746', 'lENSG00000177596', 'lENSG00000178248', 'lENSG00000197644', 'lENSG00000197880', 'lENSG00000198054', 'lENSG00000198671', 'lENSG00000203307', 'lENSG00000203434', 'lENSG00000203469', 'lENSG00000203472', 'lENSG00000203565', 'lENSG00000203605', 'lENSG00000203864', 'lENSG00000204393', 'lENSG00000204464', 'lENSG00000205018', 'lENSG00000205452', 'lENSG00000205500', 'lENSG00000212856', 'lENSG00000219410', 'lENSG00000221845', 'lENSG00000222000', 'lENSG00000222032', 'lENSG00000222044', 'lENSG00000223374', 'lENSG00000223381', 'lENSG00000223387', 'lENSG00000223537', 'lENSG00000223563', 'lENSG00000223598', 'lENSG00000223634', 'lENSG00000223641', 'lENSG00000223643', 'lENSG00000223720', 'lENSG00000223727', 'lENSG00000223786', 'lENSG00000223809', 'lENSG00000223831', 'lENSG00000223870', 'lENSG00000223881', 'lENSG00000223966', 'lENSG00000223993', 'lENSG00000224031', 'lENSG00000224075', 'lENSG00000224087', 'lENSG00000224095', 'lENSG00000224277', 'lENSG00000224330', 'lENSG00000224384', 'lENSG00000224535', 'lENSG00000224541', 'lENSG00000224595', 'lENSG00000224645', 'lENSG00000224655', 'lENSG00000224794', 'lENSG00000224844', 'lENSG00000224857', 'lENSG00000224885', 'lENSG00000224922', 'lENSG00000224972', 'lENSG00000225012', 'lENSG00000225050', 'lENSG00000225146', 'lENSG00000225218', 'lENSG00000225325', 'lENSG00000225334', 'lENSG00000225378', 'lENSG00000225457', 'lENSG00000225537', 'lENSG00000225570', 'lENSG00000225588', 'lENSG00000225647', 'lENSG00000225751', 'lENSG00000225761', 'lENSG00000225798', 'lENSG00000225886', 'lENSG00000225919', 'lENSG00000225929', 'lENSG00000226047', 'lENSG00000226089', 'lENSG00000226133', 'lENSG00000226143', 'lENSG00000226193', 'lENSG00000226194', 'lENSG00000226238', 'lENSG00000226337', 'lENSG00000226352', 'lENSG00000226398', 'lENSG00000226442', 'lENSG00000226454', 'lENSG00000226486', 'lENSG00000226508', 'lENSG00000226522', 'lENSG00000226542', 'lENSG00000226562', 'lENSG00000226566', 'lENSG00000226576', 'lENSG00000226601', 'lENSG00000226647', 'lENSG00000226699', 'lENSG00000226770', 'lENSG00000226813', 'lENSG00000226883', 'lENSG00000226925', 'lENSG00000226956', 'lENSG00000226957', 'lENSG00000227076', 'lENSG00000227125', 'lENSG00000227131', 'lENSG00000227181', 'lENSG00000227330', 'lENSG00000227409', 'lENSG00000227459', 'lENSG00000227482', 'lENSG00000227496', 'lENSG00000227549', 'lENSG00000227579', 'lENSG00000227606', 'lENSG00000227611', 'lENSG00000227716', 'lENSG00000227718', 'lENSG00000227769', 'lENSG00000227863', 'lENSG00000227893', 'lENSG00000227930', 'lENSG00000227958', 'lENSG00000227960', 'lENSG00000228028', 'lENSG00000228082', 'lENSG00000228108', 'lENSG00000228136', 'lENSG00000228170', 'lENSG00000228215', 'lENSG00000228231', 'lENSG00000228261', 'lENSG00000228272', 'lENSG00000228351', 'lENSG00000228372', 'lENSG00000228383', 'lENSG00000228485', 'lENSG00000228548', 'lENSG00000228596', 'lENSG00000228627', 'lENSG00000228804', 'lENSG00000228826', 'lENSG00000228852', 'lENSG00000228939', 'lENSG00000228950', 'lENSG00000229152', 'lENSG00000229162', 'lENSG00000229167', 'lENSG00000229190', 'lENSG00000229224', 'lENSG00000229283', 'lENSG00000229297', 'lENSG00000229345', 'lENSG00000229370', 'lENSG00000229379', 'lENSG00000229444', 'lENSG00000229457', 'lENSG00000229498', 'lENSG00000229502', 'lENSG00000229528', 'lENSG00000229531', 'lENSG00000229673', 'lENSG00000229679', 'lENSG00000229688', 'lENSG00000229851', 'lENSG00000229953', 'lENSG00000229999', 'lENSG00000230010', 'lENSG00000230065', 'lENSG00000230105', 'lENSG00000230109', 'lENSG00000230121', 'lENSG00000230131', 'lENSG00000230153', 'lENSG00000230190', 'lENSG00000230212', 'lENSG00000230233', 'lENSG00000230234', 'lENSG00000230323', 'lENSG00000230432', 'lENSG00000230483', 'lENSG00000230499', 'lENSG00000230599', 'lENSG00000230668', 'lENSG00000230735', 'lENSG00000230741', 'lENSG00000230759', 'lENSG00000230790', 'lENSG00000230826', 'lENSG00000230830', 'lENSG00000230912', 'lENSG00000230972', 'lENSG00000231081', 'lENSG00000231082', 'lENSG00000231092', 'lENSG00000231102', 'lENSG00000231114', 'lENSG00000231253', 'lENSG00000231272', 'lENSG00000231407', 'lENSG00000231413', 'lENSG00000231440', 'lENSG00000231492', 'lENSG00000231496', 'lENSG00000231539', 'lENSG00000231597', 'lENSG00000231678', 'lENSG00000231681', 'lENSG00000231724', 'lENSG00000231760', 'lENSG00000231772', 'lENSG00000231781', 'lENSG00000231912', 'lENSG00000231914', 'lENSG00000231937', 'lENSG00000231953', 'lENSG00000231964', 'lENSG00000232031', 'lENSG00000232058', 'lENSG00000232072', 'lENSG00000232086', 'lENSG00000232120', 'lENSG00000232197', 'lENSG00000232252', 'lENSG00000232310', 'lENSG00000232328', 'lENSG00000232335', 'lENSG00000232359', 'lENSG00000232363', 'lENSG00000232396', 'lENSG00000232451', 'lENSG00000232464', 'lENSG00000232465', 'lENSG00000232596', 'lENSG00000232604', 'lENSG00000232710', 'lENSG00000232719', 'lENSG00000232746', 'lENSG00000232806', 'lENSG00000232895', 'lENSG00000232930', 'lENSG00000232939', 'lENSG00000232964', 'lENSG00000233070', 'lENSG00000233079', 'lENSG00000233178', 'lENSG00000233179', 'lENSG00000233219', 'lENSG00000233330', 'lENSG00000233339', 'lENSG00000233407', 'lENSG00000233472', 'lENSG00000233479', 'lENSG00000233534', 'lENSG00000233574', 'lENSG00000233581', 'lENSG00000233613', 'lENSG00000233625', 'lENSG00000233656', 'lENSG00000233665', 'lENSG00000233689', 'lENSG00000233706', 'lENSG00000233851', 'lENSG00000233891', 'lENSG00000233953', 'lENSG00000233960', 'lENSG00000233969', 'lENSG00000233985', 'lENSG00000234021', 'lENSG00000234055', 'lENSG00000234117', 'lENSG00000234149', 'lENSG00000234172', 'lENSG00000234191', 'lENSG00000234318', 'lENSG00000234504', 'lENSG00000234567', 'lENSG00000234626', 'lENSG00000234653', 'lENSG00000234690', 'lENSG00000234693', 'lENSG00000234714', 'lENSG00000234756', 'lENSG00000234860', 'lENSG00000234900', 'lENSG00000234961', 'lENSG00000234979', 'lENSG00000235011', 'lENSG00000235035', 'lENSG00000235050', 'lENSG00000235059', 'lENSG00000235086', 'lENSG00000235122', 'lENSG00000235168', 'lENSG00000235262', 'lENSG00000235435', 'lENSG00000235494', 'lENSG00000235503', 'lENSG00000235533', 'lENSG00000235628', 'lENSG00000235635', 'lENSG00000235637', 'lENSG00000235669', 'lENSG00000235813', 'lENSG00000236022', 'lENSG00000236031', 'lENSG00000236065', 'lENSG00000236109', 'lENSG00000236242', 'lENSG00000236267', 'lENSG00000236272', 'lENSG00000236326', 'lENSG00000236358', 'lENSG00000236366', 'lENSG00000236463', 'lENSG00000236498', 'lENSG00000236559', 'lENSG00000236648', 'lENSG00000236662', 'lENSG00000236723', 'lENSG00000236744', 'lENSG00000236828', 'lENSG00000236854', 'lENSG00000236921', 'lENSG00000236951', 'lENSG00000236953', 'lENSG00000236975', 'lENSG00000237015', 'lENSG00000237058', 'lENSG00000237073', 'lENSG00000237200', 'lENSG00000237293', 'lENSG00000237312', 'lENSG00000237324', 'lENSG00000237331', 'lENSG00000237337', 'lENSG00000237373', 'lENSG00000237435', 'lENSG00000237463', 'lENSG00000237477', 'lENSG00000237481', 'lENSG00000237494', 'lENSG00000237520', 'lENSG00000237571', 'lENSG00000237576', 'lENSG00000237581', 'lENSG00000237670', 'lENSG00000237687', 'lENSG00000237734', 'lENSG00000237756', 'lENSG00000237768', 'lENSG00000237802', 'lENSG00000237919', 'lENSG00000237937', 'lENSG00000237993', 'lENSG00000238131', 'lENSG00000238140', 'lENSG00000238282', 'lENSG00000238291', 'lENSG00000239314', 'lENSG00000239415', 'lENSG00000239482', 'lENSG00000239593', 'lENSG00000240354', 'lENSG00000240573', 'lENSG00000240868', 'lENSG00000241383', 'lENSG00000241397', 'lENSG00000241577', 'lENSG00000241593', 'lENSG00000241666', 'lENSG00000242012', 'lENSG00000242072', 'lENSG00000242339', 'lENSG00000242391', 'lENSG00000242545', 'lENSG00000242568', 'lENSG00000242618', 'lENSG00000242795', 'lENSG00000242861', 'lENSG00000243149', 'lENSG00000243230', 'lENSG00000243273', 'lENSG00000243368', 'lENSG00000243961', 'lENSG00000244278', 'lENSG00000244327', 'lENSG00000244461', 'lENSG00000244701', 'lENSG00000245148', 'lENSG00000245385', 'lENSG00000246541', 'lENSG00000247925', 'lENSG00000248145', 'lENSG00000248148', 'lENSG00000248172', 'lENSG00000248245', 'lENSG00000248358', 'lENSG00000248373', 'lENSG00000248393', 'lENSG00000248416', 'lENSG00000248457', 'lENSG00000248482', 'lENSG00000248490', 'lENSG00000248576', 'lENSG00000248599', 'lENSG00000248627', 'lENSG00000248758', 'lENSG00000248802', 'lENSG00000248925', 'lENSG00000248935', 'lENSG00000248969', 'lENSG00000248975', 'lENSG00000248984', 'lENSG00000248995', 'lENSG00000249066', 'lENSG00000249071', 'lENSG00000249099', 'lENSG00000249111', 'lENSG00000249114', 'lENSG00000249297', 'lENSG00000249334', 'lENSG00000249382', 'lENSG00000249409', 'lENSG00000249426', 'lENSG00000249441', 'lENSG00000249451', 'lENSG00000249474', 'lENSG00000249547', 'lENSG00000249605', 'lENSG00000249697', 'lENSG00000249706', 'lENSG00000249753', 'lENSG00000249782', 'lENSG00000249806', 'lENSG00000249865', 'lENSG00000249892', 'lENSG00000250062', 'lENSG00000250092', 'lENSG00000250186', 'lENSG00000250242', 'lENSG00000250524', 'lENSG00000250541', 'lENSG00000250626', 'lENSG00000250629', 'lENSG00000250646', 'lENSG00000250657', 'lENSG00000250665', 'lENSG00000250698', 'lENSG00000250761', 'lENSG00000250791', 'lENSG00000250855', 'lENSG00000250865', 'lENSG00000250866', 'lENSG00000250877', 'lENSG00000250910', 'lENSG00000250917', 'lENSG00000250929', 'lENSG00000250945', 'lENSG00000250949', 'lENSG00000250950', 'lENSG00000250955', 'lENSG00000250993', 'lENSG00000251059', 'lENSG00000251072', 'lENSG00000251088', 'lENSG00000251185', 'lENSG00000251194', 'lENSG00000251266', 'lENSG00000251283', 'lENSG00000251412', 'lENSG00000251414', 'lENSG00000251438', 'lENSG00000251688', 'lENSG00000253134', 'lENSG00000253147', 'lENSG00000253167', 'lENSG00000253171', 'lENSG00000253282', 'lENSG00000253356', 'lENSG00000253397', 'lENSG00000253449', 'lENSG00000253456', 'lENSG00000253503', 'lENSG00000253507', 'lENSG00000253526', 'lENSG00000253530', 'lENSG00000253539', 'lENSG00000253577', 'lENSG00000253616', 'lENSG00000253619', 'lENSG00000253627', 'lENSG00000253643', 'lENSG00000253645', 'lENSG00000253660', 'lENSG00000253665', 'lENSG00000253717', 'lENSG00000253722', 'lENSG00000253754', 'lENSG00000253782', 'lENSG00000253834', 'lENSG00000253851', 'lENSG00000253858', 'lENSG00000253865', 'lENSG00000253875', 'lENSG00000253880', 'lENSG00000253947', 'lENSG00000253976', 'lENSG00000254011', 'lENSG00000254021', 'lENSG00000254026', 'lENSG00000254031', 'lENSG00000254033', 'lENSG00000254043', 'lENSG00000254084', 'lENSG00000254094', 'lENSG00000254123', 'lENSG00000254141', 'lENSG00000254171', 'lENSG00000254177', 'lENSG00000254207', 'lENSG00000254239', 'lENSG00000254242', 'lENSG00000254263', 'lENSG00000254314', 'lENSG00000254325', 'lENSG00000254330', 'lENSG00000254347', 'lENSG00000254350', 'lENSG00000254380', 'lENSG00000254428', 'lENSG00000254456', 'lENSG00000254516', 'lENSG00000254526', 'lENSG00000254559', 'lENSG00000254563', 'lENSG00000254574', 'lENSG00000254592', 'lENSG00000254604', 'lENSG00000254620', 'lENSG00000254626', 'lENSG00000254627', 'lENSG00000254689', 'lENSG00000254739', 'lENSG00000254775', 'lENSG00000254787', 'lENSG00000254829', 'lENSG00000254842', 'lENSG00000254846', 'lENSG00000254864', 'lENSG00000254879', 'lENSG00000254913', 'lENSG00000254921', 'lENSG00000254928', 'lENSG00000254930', 'lENSG00000254972', 'lENSG00000254983', 'lENSG00000254990', 'lENSG00000255027', 'lENSG00000255039', 'lENSG00000255084', 'lENSG00000255114', 'lENSG00000255121', 'lENSG00000255159', 'lENSG00000255167', 'lENSG00000255227', 'lENSG00000255241', 'lENSG00000255247', 'lENSG00000255252', 'lENSG00000255271', 'lENSG00000255300', 'lENSG00000255327', 'lENSG00000255343', 'lENSG00000255357', 'lENSG00000255366', 'lENSG00000255375', 'lENSG00000255388', 'lENSG00000255390', 'lENSG00000255443', 'lENSG00000255462', 'lENSG00000255478', 'lENSG00000255482', 'lENSG00000255487', 'lENSG00000255506', 'lENSG00000255523', 'lENSG00000255528', 'lENSG00000255539', 'lENSG00000255555', 'lENSG00000255565', 'lENSG00000255572', 'lENSG00000255580', 'lENSG00000255808', 'lENSG00000255839', 'lENSG00000255893', 'lENSG00000256007', 'lENSG00000256071', 'lENSG00000256072', 'lENSG00000256083', 'lENSG00000256209', 'lENSG00000256226', 'lENSG00000256234', 'lENSG00000256292', 'lENSG00000256314', 'lENSG00000256364', 'lENSG00000256448', 'lENSG00000256452', 'lENSG00000256482', 'lENSG00000256484', 'lENSG00000256568', 'lENSG00000256670', 'lENSG00000256733', 'lENSG00000256897', 'lENSG00000256972', 'lENSG00000257004', 'lENSG00000257022', 'lENSG00000257096', 'lENSG00000257105', 'lENSG00000257137', 'lENSG00000257165', 'lENSG00000257235', 'lENSG00000257261', 'lENSG00000257264', 'lENSG00000257265', 'lENSG00000257271', 'lENSG00000257275', 'lENSG00000257342', 'lENSG00000257407', 'lENSG00000257470', 'lENSG00000257488', 'lENSG00000257494', 'lENSG00000257500', 'lENSG00000257514', 'lENSG00000257527', 'lENSG00000257541', 'lENSG00000257587', 'lENSG00000257634', 'lENSG00000257653', 'lENSG00000257682', 'lENSG00000257732', 'lENSG00000257750', 'lENSG00000257764', 'lENSG00000257787', 'lENSG00000257860', 'lENSG00000257904', 'lENSG00000257925', 'lENSG00000257997', 'lENSG00000258007', 'lENSG00000258044', 'lENSG00000258084', 'lENSG00000258108', 'lENSG00000258167', 'lENSG00000258185', 'lENSG00000258210', 'lENSG00000258220', 'lENSG00000258234', 'lENSG00000258292', 'lENSG00000258308', 'lENSG00000258312', 'lENSG00000258313', 'lENSG00000258323', 'lENSG00000258331', 'lENSG00000258379', 'lENSG00000258390', 'lENSG00000258394', 'lENSG00000258425', 'lENSG00000258451', 'lENSG00000258460', 'lENSG00000258516', 'lENSG00000258520', 'lENSG00000258610', 'lENSG00000258657', 'lENSG00000258670', 'lENSG00000258690', 'lENSG00000258695', 'lENSG00000258698', 'lENSG00000258742', 'lENSG00000258745', 'lENSG00000258784', 'lENSG00000258800', 'lENSG00000258824', 'lENSG00000258826', 'lENSG00000258829', 'lENSG00000258850', 'lENSG00000258869', 'lENSG00000258892', 'lENSG00000258904', 'lENSG00000258944', 'lENSG00000258958', 'lENSG00000259026', 'lENSG00000259187', 'lENSG00000259188', 'lENSG00000259194', 'lENSG00000259202', 'lENSG00000259211', 'lENSG00000259223', 'lENSG00000259250', 'lENSG00000259256', 'lENSG00000259265', 'lENSG00000259268', 'lENSG00000259290', 'lENSG00000259294', 'lENSG00000259307', 'lENSG00000259342', 'lENSG00000259351', 'lENSG00000259352', 'lENSG00000259360', 'lENSG00000259385', 'lENSG00000259432', 'lENSG00000259503', 'lENSG00000259532', 'lENSG00000259544', 'lENSG00000259595', 'lENSG00000259636', 'lENSG00000259649', 'lENSG00000259659', 'lENSG00000259678', 'lENSG00000259757', 'lENSG00000259767', 'lENSG00000259798', 'lENSG00000259935', 'lENSG00000259945', 'lENSG00000259955', 'lENSG00000259967', 'lENSG00000260017', 'lENSG00000260058', 'lENSG00000260158', 'lENSG00000260186', 'lENSG00000260190', 'lENSG00000260237', 'lENSG00000260304', 'lENSG00000260454', 'lENSG00000260476', 'lENSG00000260586', 'lENSG00000260605', 'lENSG00000260626', 'lENSG00000260659', 'lENSG00000260720', 'lENSG00000260741', 'lENSG00000260773', 'lENSG00000260798', 'lENSG00000260814', 'lENSG00000260934', 'lENSG00000260970', 'lENSG00000260986', 'lENSG00000260999', 'lENSG00000261065', 'lENSG00000261066', 'lENSG00000261070', 'lENSG00000261243', 'lENSG00000261261', 'lENSG00000261266', 'lENSG00000261307', 'lENSG00000261332', 'lENSG00000261432', 'lENSG00000261475', 'lENSG00000261507', 'lENSG00000261523', 'lENSG00000261569', 'lENSG00000261633', 'lENSG00000261663', 'lENSG00000261671', 'lENSG00000261695', 'lENSG00000261697', 'lENSG00000261723', 'lENSG00000261729', 'lENSG00000261731', 'lENSG00000261761', 'lENSG00000261838', 'lENSG00000261864', 'lENSG00000262151', 'lENSG00000262298', 'lENSG00000262434', 'lENSG00000262533', 'lENSG00000262652', 'lENSG00000262692', 'lENSG00000262777', 'lENSG00000262810', 'lENSG00000262815', 'lENSG00000263080', 'lENSG00000263237', 'lENSG00000263257', 'lENSG00000263300', 'lENSG00000263335', 'lENSG00000263417', 'lENSG00000263466', 'lENSG00000263585', 'lENSG00000263594', 'lENSG00000263618', 'lENSG00000263709', 'lENSG00000263765', 'lENSG00000263797', 'lENSG00000263847', 'lENSG00000263873', 'lENSG00000263952', 'lENSG00000263982', 'lENSG00000263986', 'lENSG00000264016', 'lENSG00000264023', 'lENSG00000264066', 'lENSG00000264107', 'lENSG00000264116', 'lENSG00000264151', 'lENSG00000264254', 'lENSG00000264269', 'lENSG00000264486', 'lENSG00000264520', 'lENSG00000264546', 'lENSG00000264558', 'lENSG00000264577', 'lENSG00000264595', 'lENSG00000264622', 'lENSG00000264734', 'lENSG00000264769', 'lENSG00000264825', 'lENSG00000264924', 'lENSG00000265125', 'lENSG00000265168', 'lENSG00000265205', 'lENSG00000265265', 'lENSG00000265334', 'lENSG00000265359', 'lENSG00000265400', 'lENSG00000265443', 'lENSG00000265474', 'lENSG00000265554', 'lENSG00000265625', 'lENSG00000265643', 'lENSG00000265728', 'lENSG00000265739', 'lENSG00000265743', 'lENSG00000265800', 'lENSG00000265840', 'lENSG00000265845', 'lENSG00000265980', 'lENSG00000265987', 'lENSG00000265994', 'lENSG00000266153', 'lENSG00000266311', 'lENSG00000266341', 'lENSG00000266397', 'lENSG00000266535', 'lENSG00000266538', 'lENSG00000266541', 'lENSG00000266651', 'lENSG00000266696', 'lENSG00000266801', 'lENSG00000266839', 'lENSG00000266844', 'lENSG00000266877', 'lENSG00000266981', 'lENSG00000266985', 'lENSG00000266993', 'lENSG00000267000', 'lENSG00000267028', 'lENSG00000267057', 'lENSG00000267063', 'lENSG00000267177', 'lENSG00000267255', 'lENSG00000267274', 'lENSG00000267286', 'lENSG00000267341', 'lENSG00000267354', 'lENSG00000267364', 'lENSG00000267378', 'lENSG00000267387', 'lENSG00000267436', 'lENSG00000267437', 'lENSG00000267501', 'lENSG00000267510', 'lENSG00000267543', 'lENSG00000267583', 'lENSG00000267593', 'lENSG00000267615', 'lENSG00000267617', 'lENSG00000267633', 'lENSG00000267638', 'lENSG00000267665', 'lENSG00000267791', 'lENSG00000267838', 'lENSG00000267980', 'lENSG00000268015', 'lENSG00000268049', 'lENSG00000268069', 'lENSG00000268078', 'lENSG00000268191', 'lENSG00000268203', 'lENSG00000268240', 'lENSG00000268289', 'lENSG00000268292', 'lENSG00000268296', 'lENSG00000268520', 'lENSG00000268734', 'lENSG00000268743', 'lENSG00000268798', 'lENSG00000268833', 'lENSG00000268906', 'lENSG00000268912', 'lENSG00000268981', 'lENSG00000269044', 'lENSG00000269145', 'lENSG00000269191', 'lENSG00000269292', 'lENSG00000269321', 'lENSG00000269350', 'lENSG00000269495', 'lENSG00000269504', 'lENSG00000269578', 'lENSG00000269621', 'lENSG00000269656', 'lENSG00000269729', 'lENSG00000269802', 'lENSG00000269826', 'lENSG00000269843', 'lENSG00000269867', 'lENSG00000269901', 'lENSG00000269987', 'lENSG00000270082', 'lENSG00000270094', 'lENSG00000270108', 'lENSG00000270380', 'lENSG00000270726', 'lENSG00000270871', 'lENSG00000270996', 'lENSG00000271032', 'lENSG00000271218', 'lENSG00000271314', 'lENSG00000271579', 'lENSG00000271717', 'lENSG00000271763', 'lENSG00000271787', 'lENSG00000271833', 'lENSG00000271901', 'lENSG00000271945', 'lENSG00000271983', 'lENSG00000272027', 'lENSG00000272072', 'lENSG00000272149', 'lENSG00000272159', 'lENSG00000272338', 'lENSG00000272575', 'lENSG00000272642', 'lENSG00000272661', 'lENSG00000272742', 'lENSG00000272810', 'lENSG00000272814', 'lENSG00000272866', 'lENSG00000272995', 'lENSG00000273035', 'lENSG00000273110', 'lENSG00000273198', 'lENSG00000273226', 'lENSG00000273257', 'lENSG00000273271', 'lENSG00000273275', 'lENSG00000273360', 'lENSG00000273449', 'lENSG00000273461', 'lENSG00000273485', 'lENSG00000273493', 'lENSG00000273568', 'lENSG00000273838', 'lENSG00000273877', 'lENSG00000273919', 'lENSG00000274227', 'lENSG00000274561', 'lENSG00000274624', 'lENSG00000274678', 'lENSG00000274737', 'lENSG00000274863', 'lENSG00000275173', 'lENSG00000275345', 'lENSG00000275356', 'lENSG00000275401', 'lENSG00000275576', 'lENSG00000275638', 'lENSG00000275871', 'lENSG00000275963', 'lENSG00000276054', 'lENSG00000276266', 'lENSG00000276527', 'lENSG00000276533', 'lENSG00000276668', 'lENSG00000277173', 'lENSG00000277332', 'lENSG00000277639', 'lENSG00000277675', 'lENSG00000278000', 'lENSG00000278013', 'lENSG00000278202', 'lENSG00000278630', 'lENSG00000278766', 'lENSG00000278944', 'lENSG00000279088', 'lENSG00000279240', 'lENSG00000279484', 'lENSG00000279501', 'lENSG00000279687', 'lENSG00000279751', 'lENSG00000279920', 'lENSG00000280206', 'lENSG00000280224', 'lENSG00000280455', 'lENSG00000280580', 'lENSG00000280703', 'lENSG00000280870', 'lENSG00000280881', 'lENSG00000281021', 'lENSG00000281831', 'lENSG00000282478', 'lENSG00000282950', 'lENSG00000283083', 'lENSG00000283286', 'lENSG00000283347', 'lENSG00000283375', 'lENSG00000283436', 'lENSG00000283457', 'lENSG00000283573', 'lENSG00000283766', 'lENSG00000283973', 'lENSG00000284376', 'lENSG00000284418', 'lENSG00000284500', 'lENSG00000284513', 'lENSG00000284608', 'lENSG00000284699', 'lENSG00000284846', 'lENSG00000284994', 'lENSG00000285012', 'lENSG00000285040', 'lENSG00000285117', 'lENSG00000285325', 'lENSG00000285409', 'lENSG00000285473', 'lENSG00000285524', 'lENSG00000285619', 'lENSG00000285621', 'lENSG00000285654', 'lENSG00000285699', 'lENSG00000285709', 'lENSG00000285780', 'lENSG00000285857', 'lENSG00000285861', 'lENSG00000285889', 'lENSG00000285998', 'lENSG00000286002', 'lENSG00000286010', 'lENSG00000286018', 'lENSG00000286020', 'lENSG00000286076', 'lENSG00000286089', 'lENSG00000286093', 'lENSG00000286101', 'lENSG00000286168', 'lENSG00000286188', 'lENSG00000286194', 'lENSG00000286197', 'lENSG00000286206', 'lENSG00000286242', 'lENSG00000286244', 'lENSG00000286276', 'lENSG00000286303', 'lENSG00000286331', 'lENSG00000286338', 'lENSG00000286357', 'lENSG00000286419', 'lENSG00000286436', 'lENSG00000286441', 'lENSG00000286461', 'lENSG00000286474', 'lENSG00000286515', 'lENSG00000286565', 'lENSG00000286578', 'lENSG00000286581', 'lENSG00000286584', 'lENSG00000286639', 'lENSG00000286645', 'lENSG00000286670', 'lENSG00000286689', 'lENSG00000286690', 'lENSG00000286698', 'lENSG00000286715', 'lENSG00000286722', 'lENSG00000286735', 'lENSG00000286740', 'lENSG00000286751', 'lENSG00000286759', 'lENSG00000286767', 'lENSG00000286770', 'lENSG00000286776', 'lENSG00000286781', 'lENSG00000286795', 'lENSG00000286803', 'lENSG00000286820', 'lENSG00000286822', 'lENSG00000286838', 'lENSG00000286843', 'lENSG00000286850', 'lENSG00000286887', 'lENSG00000286908', 'lENSG00000286963', 'lENSG00000287005', 'lENSG00000287006', 'lENSG00000287020', 'lENSG00000287028', 'lENSG00000287030', 'lENSG00000287094', 'lENSG00000287108', 'lENSG00000287128', 'lENSG00000287155', 'lENSG00000287159', 'lENSG00000287191', 'lENSG00000287198', 'lENSG00000287202', 'lENSG00000287213', 'lENSG00000287236', 'lENSG00000287270', 'lENSG00000287285', 'lENSG00000287321', 'lENSG00000287335', 'lENSG00000287358', 'lENSG00000287359', 'lENSG00000287366', 'lENSG00000287367', 'lENSG00000287381', 'lENSG00000287423', 'lENSG00000287441', 'lENSG00000287451', 'lENSG00000287456', 'lENSG00000287462', 'lENSG00000287501', 'lENSG00000287511', 'lENSG00000287517', 'lENSG00000287518', 'lENSG00000287545', 'lENSG00000287550', 'lENSG00000287551', 'lENSG00000287556', 'lENSG00000287587', 'lENSG00000287618', 'lENSG00000287664', 'lENSG00000287684', 'lENSG00000287687', 'lENSG00000287691', 'lENSG00000287704', 'lENSG00000211683', 'lENSG00000214955', 'lENSG00000223379', 'lENSG00000223795', 'lENSG00000224884', 'lENSG00000225393', 'lENSG00000225836', 'lENSG00000228255', 'lENSG00000228538', 'lENSG00000229454', 'lENSG00000229458', 'lENSG00000229628', 'lENSG00000229964', 'lENSG00000230600', 'lENSG00000230649', 'lENSG00000231212', 'lENSG00000231616', 'lENSG00000232056', 'lENSG00000232636', 'lENSG00000233200', 'lENSG00000233987', 'lENSG00000234083', 'lENSG00000234810', 'lENSG00000234998', 'lENSG00000235337', 'lENSG00000235795', 'lENSG00000236453', 'lENSG00000242375', 'lENSG00000244620', 'lENSG00000248359', 'lENSG00000248991', 'lENSG00000249159', 'lENSG00000250481', 'lENSG00000250567', 'lENSG00000250670', 'lENSG00000250686', 'lENSG00000250948', 'lENSG00000251506', 'lENSG00000251654', 'lENSG00000253766', 'lENSG00000254306', 'lENSG00000254927', 'lENSG00000255279', 'lENSG00000255325', 'lENSG00000255644', 'lENSG00000256686', 'lENSG00000257603', 'lENSG00000257715', 'lENSG00000257962', 'lENSG00000258088', 'lENSG00000258196', 'lENSG00000258386', 'lENSG00000258949', 'lENSG00000259123', 'lENSG00000259209', 'lENSG00000259222', 'lENSG00000259244', 'lENSG00000259255', 'lENSG00000259274', 'lENSG00000259306', 'lENSG00000259407', 'lENSG00000260511', 'lENSG00000260983', 'lENSG00000261445', 'lENSG00000261470', 'lENSG00000261775', 'lENSG00000264660', 'lENSG00000265174', 'lENSG00000266893', 'lENSG00000267081', 'lENSG00000267521', 'lENSG00000267581', 'lENSG00000269391', 'lENSG00000269460', 'lENSG00000272304', 'lENSG00000272369', 'lENSG00000273138', 'lENSG00000273403', 'lENSG00000273486', 'lENSG00000274902', 'lENSG00000275232', 'lENSG00000278514', 'lENSG00000279672', 'lENSG00000282887', 'lENSG00000286164', 'lENSG00000226032', 'lENSG00000235736', 'lENSG00000251613', 'lENSG00000263316', 'lENSG00000258631', 'lENSG00000260141', 'lENSG00000279472', 'lENSG00000271870', 'lENSG00000272934', 'lENSG00000265556', 'lENSG00000271840', 'lENSG00000253701', 'lENSG00000281408', 'lENSG00000268166', 'lALG13-AS1', 'lDGUOK-AS1', 'lMIR145', 'lMIR24-2', 'lMIR3654', 'lACA64', 'lCDKN2B-AS', 'lC3orf65']","[1.0, 1.0, 0.0, 0.0, 1.0, 1.0, 1.0, 0.0, 1.0, 0.0, 1.0, 1.0, 0.0, 0.0, 1.0, 1.0, 0.0, 1.0, 0.0, 1.0, 0.0, 1.0, 1.0, 0.0, 0.0, 1.0, 1.0, 1.0, 0.0, 1.0, 1.0, 1.0, 1.0, 0.0, 0.0, 0.0, 1.0, 0.0, 1.0, 0.0, 1.0, 0.0, 1.0, 1.0, 0.0, 1.0, 0.0, 0.0, 0.0, 0.0, 0.0, 1.0, 1.0, 1.0, 0.0, 1.0, 0.0, 0.0, 1.0, 1.0, 1.0, 0.0, 1.0, 0.0, 0.0, 1.0, 1.0, 1.0, 1.0, 1.0, 0.0, 0.0, 1.0, 0.0, 1.0, 1.0, 0.0, 0.0, 1.0, 0.0, 1.0, 1.0, 0.0, 1.0, 1.0, 1.0, 0.0, 1.0, 1.0, 1.0, 0.0, 0.0, 1.0, 0.0, 1.0, 1.0, 1.0, 0.0, 1.0, 0.0, 1.0, 1.0, 1.0, 0.0, 0.0, 1.0, 0.0, 0.0, 0.0, 1.0, 1.0, 1.0, 1.0, 1.0, 1.0, 1.0, 1.0, 1.0, 1.0, 0.0, 1.0, 0.0, 1.0, 0.0, 1.0, 0.0, 0.0, 1.0, 0.0, 0.0, 1.0, 0.0, 0.0, 1.0, 1.0, 0.0, 1.0, 1.0, 0.0, 1.0, 0.0, 1.0, 1.0, 0.0, 0.0, 0.0, 1.0, 1.0, 1.0, 1.0, 0.0, 1.0, 1.0, 1.0, 0.0, 1.0, 0.0, 0.0, 0.0, 1.0, 0.0, 1.0, 0.0, 0.0, 0.0, 0.0, 1.0, 1.0, 1.0, 0.0, 1.0, 0.0, 1.0, 1.0, 1.0, 0.0, 0.0, 1.0, 0.0, 0.0, 1.0, 1.0, 0.0, 0.0, 1.0, 0.0, 1.0, 0.0, 1.0, 1.0, 0.0, 1.0, 1.0, 1.0, 0.0, 0.0, 0.0, 0.0, 1.0, 1.0, 0.0, 1.0, 0.0, 1.0, 1.0, 0.0, 0.0, 0.0, 0.0, 0.0, 0.0, 0.0, 1.0, 1.0, 0.0, 0.0, 0.0, 0.0, 0.0, 0.0, 1.0, 1.0, 1.0, 0.0, 0.0, 1.0, 1.0, 1.0, 0.0, 1.0, 0.0, 1.0, 1.0, 1.0, 1.0, 1.0, 1.0, 1.0, 0.0, 1.0, 0.0, 0.0, 1.0, 0.0, 1.0, 1.0, 0.0, 0.0, 0.0, 1.0, 0.0, 1.0, 1.0, 1.0, 0.0, 0.0, 0.0, 0.0, 1.0, 1.0, 1.0, 1.0, 1.0, 1.0, 1.0, 1.0, 0.0, 0.0, 1.0, 0.0, 0.0, 1.0, 1.0, 1.0, 0.0, 1.0, 0.0, 1.0, 0.0, 0.0, 1.0, 1.0, 1.0, 1.0, 0.0, 1.0, 1.0, 1.0, 0.0, 0.0, 0.0, 0.0, 0.0, 0.0, 0.0, 0.0, 1.0, 1.0, 1.0, 1.0, 1.0, 0.0, 1.0, 1.0, 1.0, 0.0, 1.0, 1.0, 0.0, 0.0, 1.0, 0.0, 1.0, 1.0, 1.0, 0.0, 1.0, 1.0, 1.0, 1.0, 0.0, 1.0, 0.0, 0.0, 0.0, 1.0, 0.0, 1.0, 0.0, 0.0, 0.0, 0.0, 1.0, 1.0, 1.0, 1.0, 0.0, 1.0, 0.0, 1.0, 0.0, 0.0, 0.0, 1.0, 0.0, 1.0, 1.0, 1.0, 1.0, 0.0, 1.0, 0.0, 1.0, 0.0, 0.0, 0.0, 1.0, 1.0, 0.0, 0.0, 0.0, 1.0, 1.0, 1.0, 0.0, 1.0, 0.0, 0.0, 0.0, 1.0, 1.0, 0.0, 1.0, 0.0, 0.0, 1.0, 0.0, 0.0, 0.0, 0.0, 1.0, 0.0, 0.0, 0.0, 1.0, 0.0, 1.0, 0.0, 0.0, 0.0, 0.0, 1.0, 0.0, 1.0, 1.0, 0.0, 0.0, 1.0, 0.0, 0.0, 1.0, 0.0, 1.0, 1.0, 1.0, 1.0, 0.0, 0.0, 0.0, 0.0, 1.0, 1.0, 0.0, 0.0, 1.0, 0.0, 0.0, 0.0, 1.0, 1.0, 0.0, 1.0, 0.0, 1.0, 1.0, 1.0, 0.0, 0.0, 1.0, 1.0, 1.0, 0.0, 0.0, 0.0, 1.0, 1.0, 0.0, 1.0, 0.0, 1.0, 0.0, 1.0, 1.0, 0.0, 1.0, 0.0, 1.0, 1.0, 1.0, 0.0, 0.0, 1.0, 0.0, 1.0, 1.0, 0.0, 1.0, 1.0, 0.0, 1.0, 0.0, 1.0, 1.0, 0.0, 1.0, 1.0, 1.0, 0.0, 0.0, 1.0, 0.0, 1.0, 1.0, 0.0, 0.0, 0.0, 1.0, 1.0, 0.0, 0.0, 0.0, 1.0, 0.0, 1.0, 0.0, 1.0, 1.0, 1.0, 0.0, 1.0, 1.0, 1.0, 0.0, 1.0, 1.0, 1.0, 0.0, 1.0, 0.0, 1.0, 0.0, 0.0, 1.0, 0.0, 1.0, 1.0, 0.0, 0.0, 1.0, 0.0, 1.0, 0.0, 0.0, 0.0, 0.0, 1.0, 1.0, 0.0, 1.0, 1.0, 1.0, 0.0, 1.0, 0.0, 0.0, 1.0, 0.0, 0.0, 1.0, 1.0, 0.0, 0.0, 0.0, 1.0, 1.0, 0.0, 1.0, 1.0, 1.0, 0.0, 1.0, 1.0, 1.0, 0.0, 0.0, 0.0, 1.0, 0.0, 0.0, 0.0, 1.0, 0.0, 0.0, 0.0, 1.0, 0.0, 0.0, 1.0, 1.0, 0.0, 1.0, 1.0, 0.0, 1.0, 0.0, 1.0, 1.0, 0.0, 0.0, 0.0, 1.0, 1.0, 0.0, 1.0, 1.0, 0.0, 0.0, 0.0, 1.0, 0.0, 0.0, 0.0, 0.0, 1.0, 1.0, 1.0, 1.0, 0.0, 0.0, 0.0, 1.0, 1.0, 0.0, 0.0, 1.0, 0.0, 0.0, 0.0, 0.0, 1.0, 1.0, 1.0, 1.0, 0.0, 1.0, 0.0, 1.0, 1.0, 1.0, 0.0, 1.0, 1.0, 1.0, 1.0, 1.0, 0.0, 1.0, 0.0, 0.0, 0.0, 1.0, 1.0, 1.0, 1.0, 0.0, 0.0, 1.0, 1.0, 1.0, 1.0, 1.0, 0.0, 1.0, 1.0, 0.0, 1.0, 1.0, 1.0, 0.0, 1.0, 0.0, 1.0, 1.0, 0.0, 0.0, 0.0, 1.0, 0.0, 1.0, 0.0, 1.0, 0.0, 1.0, 0.0, 1.0, 1.0, 0.0, 1.0, 1.0, 1.0, 1.0, 1.0, 1.0, 1.0, 0.0, 1.0, 0.0, 0.0, 0.0, 0.0, 1.0, 0.0, 1.0, 1.0, 1.0, 1.0, 1.0, 0.0, 1.0, 1.0, 0.0, 1.0, 1.0, 0.0, 1.0, 0.0, 1.0, 0.0, 0.0, 1.0, 1.0, 0.0, 1.0, 0.0, 1.0, 0.0, 0.0, 0.0, 1.0, 1.0, 0.0, 0.0, 0.0, 1.0, 1.0, 1.0, 0.0, 0.0, 1.0, 0.0, 0.0, 1.0, 0.0, 0.0, 0.0, 0.0, 1.0, 0.0, 0.0, 1.0, 0.0, 0.0, 1.0, 1.0, 1.0, 1.0, 0.0, 1.0, 0.0, 1.0, 1.0, 0.0, 1.0, 0.0, 0.0, 1.0, 1.0, 1.0, 0.0, 0.0, 1.0, 1.0, 1.0, 0.0, 0.0, 1.0, 1.0, 1.0, 0.0, 0.0, 1.0, 0.0, 1.0, 0.0, 0.0, 0.0, 1.0, 0.0, 0.0, 1.0, 0.0, 1.0, 0.0, 1.0, 0.0, 0.0, 1.0, 1.0, 1.0, 1.0, 1.0, 1.0, 0.0, 1.0, 0.0, 0.0, 1.0, 1.0, 1.0, 1.0, 1.0, 1.0, 1.0, 0.0, 0.0, 0.0, 0.0, 1.0, 0.0, 1.0, 0.0, 1.0, 1.0, 0.0, 1.0, 0.0, 1.0, 0.0, 1.0, 0.0, 0.0, 0.0, 0.0, 1.0, 1.0, 0.0, 1.0, 1.0, 0.0, 0.0, 0.0, 0.0, 0.0, 1.0, 1.0, 0.0, 1.0, 1.0, 0.0, 1.0, 0.0, 0.0, 1.0, 1.0, 0.0, 0.0, 0.0, 1.0, 1.0, 0.0, 0.0, 0.0, 1.0, 0.0, 0.0, 1.0, 1.0, 0.0, 1.0, 1.0, 1.0, 1.0, 0.0, 0.0, 0.0, 0.0, 0.0, 1.0, 1.0, 1.0, 0.0, 1.0, 1.0, 0.0, 0.0, 0.0, 0.0, 0.0, 0.0, 1.0, 0.0, 1.0, 1.0, 0.0, 0.0, 1.0, 1.0, 0.0, 1.0, 0.0, 0.0, 0.0, 0.0, 0.0, 1.0, 0.0, 0.0, 1.0, 0.0, 0.0, 1.0, 1.0, 0.0, 0.0, 0.0, 1.0, 1.0, 1.0, 1.0, 1.0, 1.0, 0.0, 0.0, 0.0, 1.0, 1.0, 0.0, 0.0, 0.0, 0.0, 1.0, 0.0, 0.0, 0.0, 1.0, 1.0, 0.0, 0.0, 1.0, 1.0, 1.0, 0.0, 0.0, 0.0, 1.0, 0.0, 1.0, 1.0, 0.0, 0.0, 0.0, 0.0, 0.0, 0.0, 1.0, 1.0, 0.0, 0.0, 1.0, 0.0, 1.0, 0.0, 0.0, 1.0, 1.0, 0.0, 1.0, 1.0, 0.0, 0.0, 1.0, 1.0, 0.0, 0.0, 0.0, 0.0, 1.0, 1.0, 0.0, 0.0, 1.0, 1.0, 0.0, 0.0, 0.0, 0.0, 1.0, 0.0, 0.0, 0.0, 0.0, 0.0, 1.0, 1.0, 1.0, 1.0, 0.0, 1.0, 1.0, 1.0, 0.0, 0.0, 0.0, 0.0, 1.0, 1.0, 0.0, 0.0, 0.0, 1.0, 0.0, 1.0, 0.0, 1.0, 0.0, 1.0, 0.0, 0.0, 0.0, 0.0, 1.0, 0.0, 0.0, 0.0, 1.0, 0.0, 1.0, 0.0, 1.0, 0.0, 0.0, 1.0, 0.0, 1.0, 1.0, 1.0, 0.0, 1.0, 0.0, 0.0, 0.0, 1.0, 1.0, 0.0, 0.0, 0.0, 1.0, 0.0, 0.0, 1.0, 0.0, 1.0, 1.0, 1.0, 1.0, 0.0, 1.0, 1.0, 1.0, 0.0, 1.0, 1.0, 0.0, 0.0, 1.0, 1.0, 0.0, 0.0, 1.0, 1.0, 0.0, 0.0, 0.0, 1.0, 1.0, 1.0, 1.0, 0.0, 0.0, 0.0, 1.0, 1.0, 0.0, 1.0, 1.0, 0.0, 0.0, 0.0, 0.0, 1.0, 1.0, 0.0, 1.0, 0.0, 0.0, 1.0, 1.0, 0.0, 1.0, 0.0, 0.0, 1.0, 1.0, 1.0, 0.0, 1.0, 1.0, 1.0, 1.0, 1.0, 0.0, 0.0, 0.0, 1.0, 1.0, 1.0, 0.0, 1.0, 0.0, 0.0, 0.0, 0.0, 0.0, 1.0, 1.0, 1.0, 1.0, 1.0, 0.0, 1.0, 0.0, 0.0, 0.0, 0.0, 1.0, 1.0, 1.0, 1.0, 1.0, 0.0, 0.0, 0.0, 0.0, 0.0, 1.0, 1.0, 1.0, 1.0, 0.0, 1.0, 0.0, 0.0, 0.0, 1.0, 1.0, 0.0, 0.0, 0.0, 1.0, 0.0, 0.0, 1.0, 0.0, 0.0, 1.0, 0.0, 1.0, 1.0, 1.0, 0.0, 1.0, 0.0, 0.0, 1.0, 1.0, 1.0, 0.0, 0.0, 1.0, 0.0, 1.0, 1.0, 0.0, 0.0, 0.0, 0.0, 1.0, 0.0, 1.0, 0.0, 0.0, 1.0, 0.0, 0.0, 1.0, 0.0, 0.0, 0.0, 1.0, 1.0, 0.0, 1.0, 0.0, 1.0, 1.0, 0.0, 0.0, 1.0, 0.0, 0.0, 1.0, 0.0, 1.0, 1.0, 0.0, 0.0, 0.0, 0.0, 0.0, 1.0, 1.0, 1.0, 1.0, 0.0, 0.0, 1.0, 1.0, 0.0, 0.0, 1.0, 1.0, 0.0, 1.0, 0.0, 0.0, 1.0, 1.0, 0.0, 1.0, 1.0, 1.0, 1.0, 1.0, 0.0, 0.0, 0.0, 0.0, 0.0, 0.0, 0.0, 1.0, 0.0, 1.0, 1.0, 1.0, 1.0, 1.0, 0.0, 0.0, 1.0, 1.0, 1.0, 1.0, 0.0, 0.0, 0.0, 0.0, 0.0, 0.0, 0.0, 0.0, 1.0, 0.0, 1.0, 0.0, 0.0, 1.0, 0.0, 0.0, 1.0, 1.0, 1.0, 0.0, 1.0, 0.0, 0.0, 1.0, 1.0, 1.0, 0.0, 1.0, 0.0, 0.0, 1.0, 0.0, 1.0, 1.0, 0.0, 0.0, 1.0, 0.0, 0.0, 0.0, 1.0, 1.0, 0.0, 1.0, 1.0, 1.0, 1.0, 1.0, 1.0, 0.0, 0.0, 0.0, 1.0, 0.0, 1.0, 0.0, 0.0, 1.0, 1.0, 0.0, 1.0, 0.0, 1.0, 0.0, 0.0, 0.0, 1.0, 0.0, 1.0, 0.0, 0.0, 0.0, 0.0, 0.0, 1.0, 0.0, 0.0, 0.0, 1.0, 0.0, 1.0, 1.0, 0.0, 0.0, 1.0, 1.0, 0.0, 0.0, 0.0, 0.0, 0.0, 1.0, 0.0, 1.0, 0.0, 0.0, 0.0, 0.0, 1.0, 1.0, 1.0, 0.0, 0.0, 0.0, 0.0, 1.0, 0.0, 1.0, 0.0, 1.0, 0.0, 0.0, 0.0, 0.0, 1.0, 1.0, 0.0, 0.0, 0.0, 1.0, 0.0, 1.0, 1.0, 1.0, 0.0, 1.0, 0.0, 1.0, 0.0, 1.0, 0.0, 0.0, 0.0, 1.0, 1.0, 1.0, 1.0, 0.0, 1.0, 0.0, 1.0, 1.0, 1.0, 0.0, 1.0, 0.0, 0.0, 0.0, 0.0, 1.0, 0.0, 1.0, 0.0, 1.0, 1.0, 0.0, 1.0, 1.0, 0.0, 1.0, 0.0, 1.0, 1.0, 1.0, 1.0, 0.0, 1.0, 0.0, 1.0, 1.0, 1.0, 1.0, 0.0, 1.0, 0.0, 0.0, 0.0, 1.0, 0.0, 0.0, 0.0, 0.0, 0.0, 1.0, 1.0, 1.0, 0.0, 1.0, 1.0, 1.0, 1.0, 1.0, 0.0, 1.0, 0.0, 1.0, 0.0, 0.0, 0.0, 0.0, 1.0, 1.0, 0.0, 0.0, 1.0, 0.0, 1.0, 0.0, 0.0, 0.0, 0.0, 1.0, 1.0, 0.0, 0.0, 1.0, 0.0, 0.0, 1.0, 1.0, 0.0, 1.0, 0.0, 1.0, 1.0, 0.0, 1.0, 1.0, 0.0, 1.0, 1.0, 1.0, 1.0, 1.0, 1.0, 1.0, 1.0, 0.0, 0.0, 0.0, 1.0, 0.0, 0.0, 1.0, 1.0, 1.0, 0.0, 1.0, 1.0, 0.0, 0.0, 0.0, 1.0, 1.0, 0.0, 0.0, 1.0, 0.0, 0.0, 0.0, 0.0, 0.0, 1.0, 0.0, 0.0, 1.0, 1.0, 1.0, 1.0, 0.0, 1.0, 1.0, 0.0, 0.0, 0.0, 1.0, 1.0, 0.0, 1.0, 1.0, 1.0, 0.0, 1.0, 0.0, 1.0, 1.0, 1.0, 1.0, 1.0, 1.0, 0.0, 0.0, 1.0, 1.0, 1.0, 0.0, 0.0, 1.0, 1.0, 1.0, 0.0, 1.0, 1.0, 0.0, 1.0, 0.0, 1.0, 0.0, 1.0, 0.0, 1.0, 1.0, 1.0, 0.0, 1.0, 0.0, 1.0, 1.0, 1.0, 1.0, 0.0, 0.0, 0.0, 1.0, 0.0, 0.0, 0.0, 1.0, 0.0, 0.0, 1.0, 1.0, 0.0, 1.0, 1.0, 1.0, 1.0, 0.0, 0.0, 0.0, 0.0, 1.0, 0.0, 1.0, 0.0, 0.0, 0.0, 0.0, 0.0, 0.0, 1.0, 1.0, 0.0, 0.0, 1.0, 0.0, 0.0, 1.0, 0.0, 1.0, 0.0, 0.0, 1.0, 0.0, 1.0, 0.0, 1.0, 1.0, 0.0, 0.0, 0.0, 1.0, 1.0, 1.0, 1.0, 0.0, 0.0, 0.0, 0.0, 1.0, 1.0, 0.0, 1.0, 1.0, 0.0, 0.0, 1.0, 1.0, 1.0, 1.0, 1.0, 1.0, 1.0, 0.0, 0.0, 0.0, 1.0, 0.0, 0.0, 0.0, 0.0, 1.0, 1.0, 0.0, 1.0, 1.0, 1.0, 0.0, 0.0, 1.0, 1.0, 0.0, 0.0, 0.0, 0.0, 1.0, 1.0, 0.0, 0.0, 1.0, 0.0, 1.0, 1.0, 0.0, 0.0, 0.0, 1.0, 0.0, 1.0, 0.0, 0.0, 0.0, 0.0, 0.0, 0.0, 0.0, 0.0, 1.0, 0.0, 0.0, 0.0, 1.0, 1.0, 0.0, 0.0, 1.0, 0.0, 0.0, 0.0, 0.0, 1.0, 0.0, 1.0, 0.0, 1.0, 1.0, 0.0, 0.0, 1.0, 1.0, 1.0, 1.0, 1.0, 0.0, 0.0, 1.0, 0.0, 1.0, 0.0, 1.0, 0.0, 1.0, 0.0, 1.0, 1.0, 0.0, 1.0, 0.0, 1.0, 1.0, 0.0, 0.0, 0.0, 1.0, 0.0, 0.0, 1.0, 1.0, 0.0, 0.0, 0.0, 1.0, 1.0, 1.0, 1.0, 0.0, 1.0, 0.0, 0.0, 0.0, 1.0, 1.0, 0.0, 1.0, 1.0, 1.0, 1.0, 1.0, 1.0, 0.0, 1.0, 0.0, 1.0, 1.0, 0.0, 0.0, 0.0, 0.0, 1.0, 1.0, 1.0, 0.0, 0.0, 1.0, 1.0, 0.0, 0.0, 1.0, 0.0, 0.0, 1.0, 0.0, 1.0, 1.0, 1.0, 1.0, 0.0, 0.0, 0.0, 0.0, 0.0, 1.0, 1.0, 1.0, 1.0, 0.0, 1.0, 0.0, 1.0, 1.0, 1.0, 1.0, 0.0, 1.0, 1.0, 1.0, 0.0, 1.0, 1.0, 0.0, 0.0, 0.0, 0.0, 1.0, 0.0, 0.0, 0.0, 0.0, 1.0, 0.0, 0.0, 0.0, 1.0, 0.0, 0.0, 1.0, 1.0, 0.0, 1.0, 0.0, 0.0, 0.0, 0.0, 1.0, 1.0, 0.0, 1.0, 1.0, 0.0, 0.0, 1.0, 1.0, 1.0, 0.0, 0.0, 0.0, 1.0, 1.0, 1.0, 0.0, 1.0, 0.0, 1.0, 1.0, 1.0, 0.0, 1.0, 0.0, 0.0, 0.0, 0.0, 0.0, 0.0, 0.0, 1.0, 0.0, 0.0, 0.0, 0.0, 1.0, 1.0, 0.0, 1.0, 1.0, 1.0, 0.0, 0.0, 0.0, 1.0, 1.0, 1.0, 1.0, 1.0, 1.0, 0.0, 1.0, 1.0, 0.0, 0.0, 1.0, 1.0, 1.0, 1.0, 1.0, 1.0, 0.0, 0.0, 1.0, 1.0, 1.0, 1.0, 1.0, 1.0, 0.0, 0.0, 0.0, 0.0, 1.0, 0.0, 0.0, 0.0, 0.0, 1.0, 0.0, 1.0, 1.0, 0.0, 0.0, 1.0, 1.0, 1.0, 0.0, 1.0, 1.0, 0.0, 1.0, 0.0, 1.0, 1.0, 1.0, 1.0, 0.0, 0.0, 0.0, 0.0, 0.0, 1.0, 1.0, 1.0, 1.0, 0.0, 1.0, 0.0, 1.0, 1.0, 0.0, 1.0, 1.0, 0.0, 1.0, 0.0, 1.0, 0.0, 0.0, 0.0, 0.0, 1.0, 0.0, 0.0, 0.0, 1.0, 1.0, 0.0, 1.0, 1.0, 0.0, 0.0, 0.0, 1.0, 1.0, 1.0, 1.0, 1.0, 1.0, 1.0, 1.0, 1.0, 0.0, 1.0, 1.0, 0.0, 1.0, 1.0, 1.0, 0.0, 0.0, 0.0, 0.0, 0.0, 0.0, 0.0, 0.0, 0.0, 1.0, 1.0, 1.0, 1.0, 0.0, 0.0, 0.0, 1.0, 1.0, 1.0, 1.0, 1.0, 1.0, 1.0, 0.0, 1.0, 1.0, 0.0, 0.0, 1.0, 1.0, 0.0, 0.0, 0.0, 0.0, 1.0, 0.0, 0.0, 0.0, 0.0, 0.0, 0.0, 0.0, 1.0, 0.0, 1.0, 1.0, 0.0, 0.0, 0.0, 0.0, 1.0, 0.0, 1.0, 1.0, 1.0, 0.0, 0.0, 1.0, 0.0, 0.0, 0.0, 0.0, 1.0, 0.0, 1.0, 1.0, 1.0, 1.0, 1.0, 1.0, 1.0, 1.0, 0.0, 0.0, 0.0, 1.0, 0.0, 1.0, 1.0, 1.0, 1.0, 1.0, 1.0, 0.0, 1.0, 0.0, 1.0, 0.0, 1.0, 1.0, 0.0, 1.0, 1.0, 0.0, 1.0, 1.0, 0.0, 0.0, 1.0, 0.0, 1.0, 0.0, 0.0, 1.0, 1.0, 0.0, 1.0, 0.0, 1.0, 0.0, 0.0, 0.0, 0.0, 1.0, 1.0, 0.0, 0.0, 1.0, 0.0, 1.0, 1.0, 1.0, 1.0, 0.0, 0.0, 0.0, 1.0, 0.0, 0.0, 0.0, 1.0, 0.0, 0.0, 0.0, 1.0, 0.0, 1.0, 1.0, 1.0, 0.0, 1.0, 0.0, 1.0, 0.0, 0.0, 1.0, 1.0, 0.0, 0.0, 1.0, 0.0, 1.0, 1.0, 0.0, 0.0, 1.0, 1.0, 1.0, 0.0, 1.0, 1.0, 1.0, 0.0, 1.0, 1.0, 1.0, 0.0, 0.0, 1.0, 0.0, 0.0, 1.0, 0.0, 0.0, 1.0, 1.0, 0.0, 1.0, 1.0, 1.0, 1.0, 0.0, 0.0, 0.0, 0.0, 0.0, 1.0, 1.0, 0.0, 0.0, 0.0, 1.0, 1.0, 0.0, 1.0, 0.0, 1.0, 0.0, 1.0, 1.0, 1.0, 1.0, 1.0, 0.0, 0.0, 1.0, 0.0, 1.0, 0.0, 0.0, 1.0, 1.0, 1.0, 0.0, 1.0, 1.0, 0.0, 0.0, 0.0, 0.0, 0.0, 1.0, 1.0, 1.0, 1.0, 1.0, 0.0, 0.0, 1.0, 1.0, 1.0, 0.0, 1.0, 1.0, 1.0, 1.0, 0.0, 0.0, 1.0, 1.0, 1.0, 0.0, 1.0, 1.0, 0.0, 0.0, 0.0, 1.0, 1.0, 0.0, 1.0, 0.0, 0.0, 0.0, 1.0, 1.0, 0.0, 0.0, 0.0, 1.0, 1.0, 0.0, 0.0, 1.0, 1.0, 0.0, 1.0, 0.0, 0.0, 0.0, 1.0, 0.0, 1.0, 1.0, 0.0, 1.0, 0.0, 1.0, 1.0, 1.0, 1.0, 1.0, 1.0, 1.0, 0.0, 1.0, 0.0, 0.0, 1.0, 1.0, 1.0, 1.0, 0.0, 1.0, 0.0, 1.0, 0.0, 1.0, 0.0, 1.0, 1.0, 1.0, 0.0, 1.0, 0.0, 1.0, 1.0, 0.0, 0.0, 1.0, 0.0, 1.0, 0.0, 0.0, 1.0, 1.0, 0.0, 1.0, 0.0, 1.0, 0.0, 0.0, 0.0, 1.0, 1.0, 1.0, 0.0, 1.0, 0.0, 0.0, 0.0, 1.0, 1.0, 0.0, 1.0, 0.0, 1.0, 0.0, 0.0, 0.0, 0.0, 1.0, 0.0, 0.0, 0.0, 0.0, 0.0, 0.0, 1.0, 1.0, 1.0, 0.0, 1.0, 1.0, 0.0, 1.0, 0.0, 0.0, 0.0, 1.0, 1.0, 0.0, 0.0, 1.0, 0.0, 0.0, 1.0, 0.0, 1.0, 0.0, 0.0, 0.0, 1.0, 0.0, 0.0, 0.0, 1.0, 0.0, 1.0, 0.0, 0.0, 1.0, 1.0, 1.0, 1.0, 0.0, 0.0, 0.0, 1.0, 1.0, 0.0, 1.0, 0.0, 0.0, 0.0, 1.0, 1.0, 1.0, 0.0, 0.0, 1.0, 1.0, 0.0, 1.0, 0.0, 0.0, 0.0, 1.0, 1.0, 1.0, 1.0, 1.0, 1.0, 1.0, 1.0, 0.0, 1.0, 0.0, 0.0, 0.0, 1.0, 0.0, 1.0, 1.0, 1.0, 1.0, 0.0, 0.0, 0.0, 0.0, 0.0, 1.0, 1.0, 1.0, 1.0, 0.0, 1.0, 0.0, 0.0, 1.0, 0.0, 1.0, 0.0, 0.0, 1.0, 0.0, 0.0, 1.0, 1.0, 0.0, 1.0, 1.0, 1.0, 0.0, 1.0, 1.0, 1.0, 1.0, 0.0, 0.0, 1.0, 0.0, 0.0, 1.0, 0.0, 1.0, 1.0, 1.0, 0.0, 1.0, 0.0, 1.0, 0.0, 0.0, 1.0, 1.0, 1.0, 1.0, 0.0, 1.0, 0.0, 0.0, 1.0, 1.0, 0.0, 1.0, 0.0, 1.0, 0.0, 1.0, 0.0, 0.0, 0.0, 1.0, 0.0, 0.0, 1.0, 1.0, 0.0, 1.0, 1.0, 1.0, 0.0, 0.0, 0.0, 1.0, 0.0, 0.0, 0.0, 1.0, 1.0, 1.0, 1.0, 1.0, 1.0, 1.0, 1.0, 1.0, 0.0, 0.0, 1.0, 0.0, 0.0, 1.0, 0.0, 0.0, 0.0, 1.0, 0.0, 1.0, 1.0, 1.0, 0.0, 1.0, 1.0, 0.0, 0.0, 0.0, 1.0, 1.0, 0.0, 1.0, 0.0, 0.0, 1.0, 0.0, 1.0, 1.0, 0.0, 0.0, 0.0, 1.0, 1.0, 1.0, 1.0, 0.0, 0.0, 0.0, 1.0, 0.0, 0.0, 1.0, 0.0, 0.0, 1.0, 0.0, 0.0, 0.0, 1.0, 0.0, 0.0, 0.0, 1.0, 1.0, 0.0, 1.0, 1.0, 0.0, 1.0, 0.0, 0.0, 0.0, 1.0, 1.0, 0.0, 0.0, 1.0, 1.0, 0.0, 0.0, 0.0, 1.0, 0.0, 0.0, 0.0, 0.0, 0.0, 0.0, 0.0, 1.0, 1.0, 0.0, 0.0, 1.0, 0.0, 0.0, 0.0, 0.0, 0.0, 1.0, 0.0, 1.0, 0.0, 1.0, 1.0, 0.0, 1.0, 1.0, 1.0, 1.0, 1.0, 0.0, 0.0, 0.0, 1.0, 1.0, 1.0, 0.0, 0.0, 0.0, 0.0, 1.0, 0.0, 1.0, 0.0, 0.0, 1.0, 0.0, 0.0, 1.0, 1.0, 1.0, 1.0, 1.0, 0.0, 0.0, 0.0, 1.0, 1.0, 1.0, 1.0, 1.0, 0.0, 1.0, 1.0, 1.0, 0.0, 1.0, 1.0, 0.0, 0.0, 1.0, 0.0, 1.0, 1.0, 1.0, 1.0, 0.0, 1.0, 1.0, 1.0, 1.0, 0.0, 0.0, 1.0, 1.0, 1.0, 0.0, 1.0, 0.0, 0.0, 0.0, 0.0, 1.0, 1.0, 1.0, 0.0, 1.0, 1.0, 1.0, 1.0, 1.0, 1.0, 0.0, 1.0, 1.0, 1.0, 0.0, 0.0, 1.0, 1.0, 1.0, 1.0, 1.0, 0.0, 0.0, 0.0, 1.0, 1.0, 0.0, 1.0, 1.0, 1.0, 1.0, 1.0, 0.0, 1.0, 0.0, 0.0, 0.0, 1.0, 1.0, 0.0, 1.0, 1.0, 1.0, 0.0, 0.0, 1.0, 0.0, 1.0, 1.0, 0.0, 1.0, 0.0, 1.0, 1.0, 0.0, 1.0, 0.0, 0.0, 0.0, 1.0, 0.0, 0.0, 1.0, 0.0, 0.0, 1.0, 1.0, 1.0, 0.0, 0.0, 0.0, 1.0, 0.0, 0.0, 0.0, 0.0, 0.0, 0.0, 0.0, 1.0, 1.0, 0.0, 0.0, 0.0, 0.0, 0.0, 1.0, 1.0, 1.0, 0.0, 1.0, 1.0, 1.0, 0.0, 0.0, 0.0, 0.0, 1.0, 0.0, 1.0, 1.0, 1.0, 0.0, 1.0, 1.0, 1.0, 0.0, 1.0, 1.0, 1.0, 1.0, 1.0, 0.0, 0.0, 0.0, 1.0, 1.0, 0.0, 0.0, 1.0, 1.0, 1.0, 0.0, 0.0, 1.0, 0.0, 0.0, 1.0, 0.0, 0.0, 1.0, 0.0, 0.0, 1.0, 0.0, 0.0, 0.0, 1.0, 1.0, 1.0, 0.0, 1.0, 0.0, 1.0, 0.0, 0.0, 1.0, 1.0, 0.0, 1.0, 1.0, 0.0, 0.0, 1.0, 0.0, 1.0, 1.0, 1.0, 0.0, 0.0, 0.0, 0.0, 0.0, 1.0, 1.0, 1.0, 0.0, 0.0, 0.0, 1.0, 0.0, 1.0, 1.0, 1.0, 0.0, 0.0, 0.0, 1.0, 0.0, 1.0, 0.0, 1.0, 0.0, 1.0, 0.0, 1.0, 0.0, 0.0, 0.0, 1.0, 1.0, 0.0, 0.0, 0.0, 0.0, 0.0, 0.0, 0.0, 1.0, 1.0, 0.0, 0.0, 0.0, 1.0, 0.0, 1.0, 1.0, 0.0, 1.0, 1.0, 0.0, 0.0, 1.0, 1.0, 1.0, 0.0, 0.0, 0.0, 1.0, 1.0, 1.0, 0.0, 1.0, 1.0, 0.0, 1.0, 0.0, 0.0, 1.0, 0.0, 0.0, 1.0, 0.0, 1.0, 0.0, 0.0, 1.0, 0.0, 0.0, 1.0, 0.0, 1.0, 0.0, 1.0, 0.0, 0.0, 0.0, 1.0, 0.0, 1.0, 0.0, 0.0, 0.0, 0.0, 1.0, 1.0, 0.0]","['lNONHSAG000884', 'lNONHSAG001238', 'lNONHSAG002056', 'lNONHSAG002378', 'lNONHSAG002490', 'lNONHSAG002883', 'lNONHSAG003053', 'lNONHSAG003077', 'lNONHSAG003269', 'lNONHSAG003874', 'lNONHSAG004714', 'lNONHSAG004868', 'lNONHSAG005742', 'lNONHSAG006204', 'lNONHSAG006454', 'lNONHSAG007434', 'lNONHSAG007538', 'lNONHSAG007984', 'lNONHSAG008015', 'lNONHSAG008037', 'lNONHSAG008654', 'lNONHSAG008937', 'lNONHSAG009180', 'lNONHSAG010193', 'lNONHSAG010940', 'lNONHSAG010986', 'lNONHSAG011524', 'lNONHSAG012297', 'lNONHSAG013060', 'lNONHSAG013942', 'lNONHSAG014098', 'lNONHSAG014362', 'lNONHSAG015352', 'lNONHSAG015961', 'lNONHSAG016403', 'lNONHSAG016733', 'lNONHSAG016749', 'lNONHSAG018203', 'lNONHSAG018707', 'lNONHSAG019014', 'lNONHSAG019031', 'lNONHSAG019079', 'lNONHSAG019814', 'lNONHSAG020107', 'lNONHSAG020218', 'lNONHSAG020223', 'lNONHSAG020277', 'lNONHSAG020759', 'lNONHSAG021760', 'lNONHSAG021846', 'lNONHSAG021882', 'lNONHSAG022030', 'lNONHSAG022088', 'lNONHSAG022311', 'lNONHSAG022327', 'lNONHSAG022335', 'lNONHSAG022597', 'lNONHSAG022743', 'lNONHSAG022845', 'lNONHSAG023049', 'lNONHSAG023051', 'lNONHSAG023607', 'lNONHSAG023635', 'lNONHSAG023740', 'lNONHSAG023837', 'lNONHSAG023888', 'lNONHSAG024171', 'lNONHSAG025483', 'lNONHSAG025485', 'lNONHSAG026091', 'lNONHSAG026364', 'lNONHSAG026599', 'lNONHSAG027482', 'lNONHSAG027692', 'lNONHSAG028403', 'lNONHSAG029033', 'lNONHSAG030129', 'lNONHSAG030244', 'lNONHSAG030333', 'lNONHSAG030487', 'lNONHSAG031025', 'lNONHSAG031584', 'lNONHSAG032560', 'lNONHSAG032682', 'lNONHSAG033061', 'lNONHSAG033100', 'lNONHSAG033216', 'lNONHSAG034418', 'lNONHSAG035531', 'lNONHSAG036047', 'lNONHSAG036407', 'lNONHSAG036866', 'lNONHSAG037073', 'lNONHSAG037348', 'lNONHSAG038502', 'lNONHSAG038675', 'lNONHSAG039038', 'lNONHSAG039295', 'lNONHSAG040179', 'lNONHSAG041017', 'lNONHSAG042218', 'lNONHSAG042306', 'lNONHSAG043229', 'lNONHSAG043303', 'lNONHSAG043550', 'lNONHSAG044064', 'lNONHSAG044533', 'lNONHSAG045160', 'lNONHSAG046730', 'lNONHSAG047469', 'lNONHSAG048603', 'lNONHSAG049157', 'lNONHSAG049507', 'lNONHSAG049801', 'lNONHSAG050273', 'lNONHSAG052149', 'lNONHSAG052454', 'lNONHSAG052686', 'lNONHSAG052726', 'lNONHSAG053007', 'lNONHSAG053500', 'lNONHSAG054216', 'lNONHSAG054301', 'lNONHSAG054716', 'lNONHSAG055008', 'lNONHSAG055450', 'lNONHSAG056029', 'lNONHSAG058112', 'lNONHSAG065252', 'lNONHSAG074661', 'lNONHSAG083883', 'lNONHSAG088562', 'lNONHSAG093064', 'lNONHSAG097344', 'lNONHSAG102979', 'lENSG00000103472', 'lENSG00000177410', 'lENSG00000205611', 'lENSG00000224057', 'lENSG00000225855', 'lENSG00000236535', 'lENSG00000246560', 'lENSG00000249786', 'lENSG00000254635', 'lENSG00000257084', 'lENSG00000259289', 'lENSG00000224167', 'lCDKN2B-AS1', 'lEGOT', 'lLINC00173', 'lPANDAR', 'lPCGEM1', 'lPVT1', 'lCTB-91J4.1', 'lCTC-338M12.2', 'lLA16c-321D4.2', 'lRP11-2C24.4', 'lRP5-1160K1.8', 'lHNRNPU-AS1', 'lCTA-250D10.23', 'lLINC00035', 'lNONHSAG000677', 'lNONHSAG003459', 'lNONHSAG005727', 'lNONHSAG005761', 'lNONHSAG005885', 'lNONHSAG006221', 'lNONHSAG006274', 'lNONHSAG006405', 'lNONHSAG006407', 'lNONHSAG006415', 'lNONHSAG006507', 'lNONHSAG006527', 'lNONHSAG006573', 'lNONHSAG006646', 'lNONHSAG006967', 'lNONHSAG007008', 'lNONHSAG007020', 'lNONHSAG007419', 'lNONHSAG007531', 'lNONHSAG007563', 'lENSG00000223400', 'lENSG00000223647', 'lENSG00000224220', 'lENSG00000224500', 'lENSG00000224549', 'lENSG00000224821', 'lENSG00000225129', 'lENSG00000225750', 'lENSG00000226323', 'lENSG00000227075', 'lENSG00000227197', 'lENSG00000227360', 'lENSG00000227509', 'lENSG00000227512', 'lENSG00000227680', 'lENSG00000228470', 'lENSG00000229331', 'lENSG00000229487', 'lENSG00000229848', 'lENSG00000230155', 'lENSG00000230197', 'lENSG00000230794', 'lENSG00000230918', 'lENSG00000231143', 'lENSG00000232192', 'lENSG00000232286', 'lENSG00000232564', 'lENSG00000232893', 'lENSG00000233222', 'lENSG00000234160', 'lENSG00000234622', 'lENSG00000234953', 'lENSG00000235786', 'lENSG00000236324', 'lENSG00000236414', 'lENSG00000236452', 'lENSG00000236758', 'lENSG00000236800', 'lENSG00000237921', 'lENSG00000238185', 'lENSG00000241985', 'lENSG00000243797', 'lENSG00000243903', 'lENSG00000247867', 'lENSG00000248125', 'lENSG00000248397', 'lENSG00000248789', 'lENSG00000249419', 'lENSG00000249613', 'lENSG00000249742', 'lENSG00000249830', 'lENSG00000250195', 'lENSG00000250820', 'lENSG00000251256', 'lENSG00000251281', 'lENSG00000253142', 'lENSG00000253189', 'lENSG00000253871', 'lENSG00000253927', 'lENSG00000254035', 'lENSG00000254429', 'lENSG00000254847', 'lENSG00000255041', 'lENSG00000255496', 'lENSG00000255498', 'lENSG00000255949', 'lENSG00000256582', 'lENSG00000257381', 'lENSG00000258272', 'lENSG00000258378', 'lENSG00000258515', 'lENSG00000258908', 'lENSG00000259007', 'lENSG00000259631', 'lENSG00000259759', 'lENSG00000259805', 'lENSG00000260003', 'lENSG00000260022', 'lENSG00000260246', 'lENSG00000260884', 'lENSG00000260911', 'lENSG00000261014', 'lENSG00000261036', 'lENSG00000261248', 'lENSG00000261379', 'lENSG00000261552', 'lENSG00000263321', 'lENSG00000263684', 'lENSG00000264513', 'lENSG00000265791', 'lENSG00000265844', 'lENSG00000266102', 'lENSG00000266368', 'lENSG00000266936', 'lENSG00000267225', 'lENSG00000267234', 'lENSG00000267263', 'lENSG00000267320', 'lENSG00000267711', 'lENSG00000267922', 'lENSG00000268051', 'lENSG00000268605', 'lENSG00000269085', 'lENSG00000269950', 'lENSG00000271936', 'lENSG00000272510', 'lENSG00000272540', 'lENSG00000273550', 'lENSG00000274177', 'lENSG00000274893', 'lENSG00000275484', 'lENSG00000276107', 'lENSG00000276488', 'lENSG00000276997', 'lENSG00000278351', 'lENSG00000279623', 'lENSG00000282828', 'lENSG00000283631', 'lENSG00000285354', 'lENSG00000285518', 'lENSG00000285550', 'lENSG00000285551', 'lENSG00000285954', 'lENSG00000286050', 'lENSG00000286333', 'lENSG00000286430', 'lENSG00000286453', 'lENSG00000286588', 'lENSG00000286598', 'lENSG00000286617', 'lENSG00000286716', 'lENSG00000286738', 'lENSG00000287066', 'lENSG00000287107', 'lENSG00000287660', 'lENSG00000239801', 'lENSG00000241792', 'lENSG00000247810', 'lENSG00000250777', 'lENSG00000261193', 'lDSCR8', 'lMIR3179-2']","[1.0, 0.0, 0.0, 1.0, 1.0, 1.0, 1.0, 1.0, 0.0, 1.0, 1.0, 0.0, 0.0, 1.0, 0.0, 1.0, 0.0, 0.0, 1.0, 1.0, 0.0, 1.0, 1.0, 1.0, 1.0, 1.0, 0.0, 0.0, 0.0, 0.0, 1.0, 0.0, 0.0, 1.0, 1.0, 0.0, 1.0, 1.0, 1.0, 0.0, 0.0, 1.0, 0.0, 0.0, 1.0, 1.0, 0.0, 1.0, 0.0, 0.0, 0.0, 0.0, 0.0, 0.0, 0.0, 1.0, 0.0, 1.0, 0.0, 0.0, 0.0, 1.0, 0.0, 0.0, 1.0, 0.0, 0.0, 1.0, 1.0, 1.0, 0.0, 0.0, 0.0, 0.0, 0.0, 1.0, 0.0, 1.0, 0.0, 0.0, 0.0, 0.0, 0.0, 1.0, 0.0, 0.0, 0.0, 0.0, 0.0, 0.0, 0.0, 1.0, 1.0, 1.0, 0.0, 1.0, 1.0, 1.0, 1.0, 1.0, 1.0, 0.0, 1.0, 1.0, 0.0, 0.0, 1.0, 1.0, 0.0, 0.0, 1.0, 0.0, 1.0, 1.0, 0.0, 1.0, 0.0, 1.0, 0.0, 1.0, 1.0, 1.0, 1.0, 1.0, 0.0, 0.0, 1.0, 0.0, 1.0, 0.0, 1.0, 0.0, 1.0, 1.0, 0.0, 0.0, 0.0, 1.0, 0.0, 1.0, 0.0, 0.0, 0.0, 1.0, 1.0, 1.0, 1.0, 1.0, 0.0, 1.0, 0.0, 1.0, 0.0, 1.0, 0.0, 1.0, 1.0, 1.0, 0.0, 1.0, 0.0, 0.0, 1.0, 0.0, 0.0, 0.0, 0.0, 1.0, 1.0, 0.0, 0.0, 0.0, 1.0, 0.0, 0.0, 1.0, 0.0, 0.0, 1.0, 1.0, 0.0, 1.0, 0.0, 1.0, 0.0, 1.0, 1.0, 1.0, 1.0, 0.0, 1.0, 1.0, 1.0, 1.0, 0.0, 0.0, 0.0, 0.0, 1.0, 0.0, 0.0, 0.0, 0.0, 0.0, 1.0, 0.0, 1.0, 0.0, 1.0, 0.0, 1.0, 1.0, 0.0, 0.0, 0.0, 1.0, 1.0, 1.0, 0.0, 0.0, 1.0, 1.0, 0.0, 0.0, 1.0, 0.0, 0.0, 1.0, 1.0, 1.0, 0.0, 0.0, 1.0, 1.0, 0.0, 0.0, 1.0, 0.0, 0.0, 0.0, 1.0, 0.0, 0.0, 0.0, 0.0, 1.0, 0.0, 0.0, 0.0, 1.0, 1.0, 0.0, 1.0, 0.0, 0.0, 1.0, 0.0, 0.0, 1.0, 1.0, 0.0, 0.0, 0.0, 0.0, 1.0, 1.0, 0.0, 0.0, 1.0, 1.0, 1.0, 0.0, 1.0, 1.0, 0.0, 1.0, 0.0, 1.0, 0.0, 0.0, 0.0, 0.0, 1.0, 0.0, 1.0, 0.0, 1.0, 0.0, 0.0, 1.0, 1.0, 1.0, 1.0, 0.0, 1.0, 1.0, 1.0, 0.0, 0.0, 1.0, 0.0, 0.0, 0.0, 0.0, 0.0, 0.0, 0.0, 1.0, 1.0, 0.0, 1.0, 1.0, 1.0, 0.0, 0.0, 1.0, 1.0, 0.0, 1.0, 1.0, 0.0, 0.0, 0.0]","[1, 0, 1, 1, 1, 0, 1, 0, 1, 1, 1, 1, 1, 1, 1, 0, 1, 0, 0, 1, 0, 0, 0, 0, 0, 0, 1, 0, 1, 0, 0, 1, 0, 1, 1, 1, 1, 1, 0, 1, 0, 0, 0, 0, 1, 0, 1, 0, 0, 1, 1, 0, 0, 1, 1, 0, 1, 0, 0, 1, 1, 1, 1, 1, 0, 1, 0, 0, 0, 1, 0, 0, 0, 1, 1, 0, 0, 0, 1, 0, 0, 0, 0, 1, 0, 0, 1, 0, 1, 1, 0, 0, 1, 1, 1, 1, 1, 0, 0, 1, 0, 1, 0, 1, 1, 1, 1, 0, 1, 0, 1, 1, 0, 1, 1, 0, 0, 1, 0, 1, 1, 1, 0, 1, 1, 1, 1, 0, 1, 1, 1, 0, 0, 1, 1, 1, 1, 0, 1, 0, 0, 0, 1, 1, 0, 0, 0, 1, 1, 0, 1, 0, 1, 1, 0, 1, 0, 1, 1, 1, 1, 1, 1, 1, 1, 1, 1, 1, 1, 1, 0, 1, 1, 1, 0, 0, 0, 1, 0, 0, 1, 0, 1, 0, 0, 1, 1, 0, 1, 0, 1, 1, 1, 0, 1, 0, 1, 1, 1, 0, 1, 0, 0, 0, 0, 1, 1, 0, 1, 1, 0, 0, 0, 1, 1, 1, 0, 0, 0, 0, 1, 1, 1, 0, 0, 0, 1, 0, 1, 0, 1, 0, 1, 1, 1, 1, 0, 0, 0, 1, 0, 1, 0, 1, 0, 1, 1, 1, 1, 1, 1, 1, 1, 1, 0, 1, 1, 1, 0, 1, 0, 1, 1, 1, 0, 1, 1, 0, 1, 1, 0, 1, 0, 0, 1, 0, 0, 1, 0, 1, 1, 0, 1, 1, 1, 1, 1, 1, 1, 1, 0, 1, 1, 1, 1, 1, 1, 1, 1, 0, 0, 1, 1, 0, 1, 0, 1, 0, 1, 0, 1, 0, 0, 0, 0, 0, 1, 1, 1, 1, 1, 0, 1]","[0.036337720229820014, -0.23188577633358448, 0.031219370783049427, 0.07375993032460276, 0.15106300363595232, -0.204173440940924, 0.07353812435447499, -0.15906966727304034, 0.0577443980077505, 0.06288121419396625, 0.04287550761079889, 0.25618741636815096, 0.13188298759454548, 0.17041265530430366, 0.047028450217676265, -0.22767975425309955, 0.26280997726096506, -0.0030847356227743927, -0.1209390613276054, 0.0680378733198716, -0.013279157794578389, -0.22194901463402888, -0.04873514864359613, -0.010260272300692208, -0.004696990194738071, -0.13848814205583376, 0.24940447683523342, -0.019187469708768667, 0.22412376588399646, -0.2335426459795527, -0.442403150221858, 0.057384952422355695, -0.05095270291154402, 0.10259759870702306, 0.050982017470799945, 0.10781418240985746, 0.23263396834996247, 0.11043141757350988, -0.06390030218882387, 0.20321642898861353, -0.03673766220313485, -0.07412743923559911, -0.05529260207726444, -0.007501004685307067, 0.02709037448998658, -0.03704436989198295, 0.05228739758307438, -0.10697186597735381, -0.06035089519678777, 0.05186612796632567, 0.0936355372274888, -0.6818513581076469, -0.10526605636292735, 0.021953742291905776, 0.11047761864484346, -0.037649035027685074, 0.06020352307369209, -0.02087200078583723, -0.35084408241374937, 0.06082051768563684, 0.00989710185504461, 0.1777719012813292, 0.03718373796433444, 0.21529209038686464, -0.39152218398190214, 0.03763853585718574, -0.065656720407058, -0.15459812842400772, -0.12496180857969758, 0.16522597783457788, -0.09705004358746577, -0.03788927693880623, -0.17032252928625208, 0.10485653115659649, 0.2141962493368596, -0.00591627111173515, -0.042246937388528416, -0.1616460823589317, 0.15035941650168078, -0.07249427839972028, -0.11740560895830782, -0.4512463453605167, -0.03490739228024281, 0.21309981764361358, -0.1911294822431649, -0.4005560226680223, 0.07534956422701428, -0.17480306900641046, 0.25322167278474134, 0.4607818027916612, -0.005432133097429237, -0.17962780818748608, 0.0382310705599786, 0.2212428469712921, 0.2953072968574199, 0.00777658158863187, 0.007563425249507538, -0.10332792309692557, -0.02978681331480565, 0.13267815990843673, -0.043864563438241355, 0.004446549024317903, -0.2677748891644243, 0.2656942910939743, 0.17433644142704158, 0.09002557481733103, 0.10882312395767729, -0.06355614843985641, 0.02508607691175574, -0.10485660353056342, 0.21710256636490372, 0.07654162105514012, -0.10664255444824661, 0.0019052650438601826, 0.1545688818615873, -0.8459670994837956, -0.019916801395028216, 0.22148410799530333, -0.27737510791067016, 0.035857720432453, 0.050446975494683854, 0.04875144863971109, -0.027989623036923483, 0.03481872427321936, 0.31046488564105584, 0.14378688684486346, 0.1522231555326729, -0.052055053610483626, 0.05512446935013199, 0.02870476141446482, 0.0023560542039466337, -0.17256122737000396, -0.830574756555926, 0.1987873047493613, 0.08818123230109282, 0.2240951391487555, 0.42561976108728733, -0.2192560072796808, 0.21879495782338648, -0.2346974441680037, -0.045112255174532045, -0.4250229038044389, 0.14735430225220697, 0.19922288910898328, -0.09274558007886774, -0.198094698234405, -0.020170104634236907, 0.18104898827633925, 0.079527809028409, -0.1616481364188787, 1.1960926691792897, -0.1344894882114021, 0.15301148465338937, 0.16751165882438074, -0.0673959455768059, 0.054709366991828545, -0.06440010533666857, 0.05329432721405042, 0.222894448567932, 0.2457476303939667, 0.06487078318996858, 0.10787003768231845, 0.16642224303320557, 0.005391860341162846, 0.017752290224689993, 0.5776646212048486, 0.1548079741036223, 0.12478483624213926, 0.025994165413247117, 0.044508704420862244, -0.0065218281832948866, 0.09411293430996509, 0.21891601575419245, 0.1985123448603489, -0.06219547963812949, -0.03529435212282844, -0.05553312052702114, 0.09920488781058773, -0.024669490918088066, -0.01806607748252481, 0.07418006232351865, -0.21945916138049643, 0.05225975716250958, -0.06860351684106664, -0.2893995044377518, 0.0708821228137812, 0.025922362572377622, -0.18945742926178105, 0.0036346467314982145, -0.295178952362184, 0.1165886878010382, 0.09438246707487224, 0.11385754040331059, -0.16978029973493075, 0.3021176474758717, -0.04739677451977303, 0.2605348134251552, 0.10842604581892495, 0.17916994256982272, -0.03463732682570103, 0.053658394065288995, -0.3262882921338924, -0.05283401040389385, -0.3190397425754486, -0.14716088658455045, 0.039802174866308604, 0.18750850368178068, -0.08173486041693795, 0.2810763952779875, 0.1053806448157501, -0.002443272121009088, -0.07212244307992172, -0.053732644493222737, 0.0418252293033034, 0.2567780198546729, 0.05522150739129533, -0.24441703650429264, -0.04820014587238425, -0.09760324711942331, -0.021270893983534045, 0.012509242539738785, 0.17464136778859157, 0.01621777107471506, -0.06558676002789215, -0.19411808254166402, -0.1409138887214863, 0.22104976351432243, -0.08536866216662126, 0.057231397137115614, -0.18343876003003984, 0.12389134499750093, -0.16434505990996345, 0.09124044934198289, 0.2181363951963335, 0.042411876539347027, 0.30845390309219906, -0.017685272688462483, -0.08042335735499356, -0.295913926896118, 0.0761540954656314, -0.06520059877646062, 0.04893496449377083, -0.10295071504344683, 0.036768617297085526, -0.6963723031952276, 0.149345133614666, 0.13848907080182088, 0.02722851704969348, 0.06574100596620863, 0.031871036141025655, 0.32702175009294415, 0.15087470397119745, 0.3191812275793679, 0.19948666068630477, -0.262415554558513, 0.03812947083427848, 0.08492523321324236, 0.008742568802624973, -0.14927130569580555, 0.1587681879194151, -0.2418524304068453, 0.10239949044886093, 0.1518380524618716, 0.010396560003237354, -0.19173008374420536, 0.034602287202594784, 0.18754540280443494, -0.0713007064259526, 0.028030898256609482, 0.21420940585265108, -0.005416555665316125, 0.23766619885755585, -0.6313573566306252, -0.20461639635039958, 0.08567452976861983, -0.04268322093443572, -0.24328747991103256, 0.2762324350152185, -0.27117635194100514, 0.3227350195823068, 0.11057061101158067, -0.0602630147584054, 0.48050853461318227, 0.2892234932974264, 0.06141053580001338, 0.18692312201329891, 0.12479547818718623, 0.1318680710117623, 0.353128759544514, 0.14036234399923558, -0.08174367453146597, 0.05358684011609921, 0.14779520829830844, 0.2946189131098104, 0.14339518522767997, 0.10247464858609562, 0.46551629657126864, 0.05997728499800087, 0.10728604965066663, -0.02467079157732971, -0.007992825535845072, 0.1676250904658027, 0.042105276254882085, -0.08719787291633035, 0.16060844792723178, -0.1069166002375817, 0.07300409999220542, -0.1019173485733032, 0.3213133358312061, -0.39628086659088285, 0.14374071101189106, -0.06668142217762824, -0.10980805214666162, -0.026921768843055027, -0.017248562123751754, -0.09371977837273554, 0.13552596699236447, 0.12329344676955917, 0.04206860216755953, 0.033899368297158616, 0.06103148677681042, -0.09928503992301635, 0.009096993526429287]"
3,"['lNONHSAG000008', 'lNONHSAG000047', 'lNONHSAG000059', 'lNONHSAG000069', 'lNONHSAG000130', 'lNONHSAG000158', 'lNONHSAG000195', 'lNONHSAG000253', 'lNONHSAG000310', 'lNONHSAG000311', 'lNONHSAG000374', 'lNONHSAG000464', 'lNONHSAG000484', 'lNONHSAG000498', 'lNONHSAG000579', 'lNONHSAG000584', 'lNONHSAG000603', 'lNONHSAG000625', 'lNONHSAG000742', 'lNONHSAG000769', 'lNONHSAG000843', 'lNONHSAG000863', 'lNONHSAG000884', 'lNONHSAG000918', 'lNONHSAG000938', 'lNONHSAG000967', 'lNONHSAG001172', 'lNONHSAG001238', 'lNONHSAG001247', 'lNONHSAG001259', 'lNONHSAG001278', 'lNONHSAG001284', 'lNONHSAG001360', 'lNONHSAG001375', 'lNONHSAG001448', 'lNONHSAG001468', 'lNONHSAG001499', 'lNONHSAG001513', 'lNONHSAG001696', 'lNONHSAG001773', 'lNONHSAG001837', 'lNONHSAG001941', 'lNONHSAG001993', 'lNONHSAG002056', 'lNONHSAG002058', 'lNONHSAG002086', 'lNONHSAG002134', 'lNONHSAG002135', 'lNONHSAG002343', 'lNONHSAG002359', 'lNONHSAG002376', 'lNONHSAG002378', 'lNONHSAG002454', 'lNONHSAG002490', 'lNONHSAG002617', 'lNONHSAG002669', 'lNONHSAG002701', 'lNONHSAG002719', 'lNONHSAG002731', 'lNONHSAG002752', 'lNONHSAG002859', 'lNONHSAG002883', 'lNONHSAG002978', 'lNONHSAG003053', 'lNONHSAG003056', 'lNONHSAG003068', 'lNONHSAG003074', 'lNONHSAG003077', 'lNONHSAG003119', 'lNONHSAG003134', 'lNONHSAG003156', 'lNONHSAG003198', 'lNONHSAG003244', 'lNONHSAG003260', 'lNONHSAG003269', 'lNONHSAG003303', 'lNONHSAG003374', 'lNONHSAG003504', 'lNONHSAG003505', 'lNONHSAG003512', 'lNONHSAG003645', 'lNONHSAG003874', 'lNONHSAG003884', 'lNONHSAG003886', 'lNONHSAG003900', 'lNONHSAG003911', 'lNONHSAG003912', 'lNONHSAG003938', 'lNONHSAG003957', 'lNONHSAG004013', 'lNONHSAG004026', 'lNONHSAG004054', 'lNONHSAG004095', 'lNONHSAG004247', 'lNONHSAG004303', 'lNONHSAG004305', 'lNONHSAG004619', 'lNONHSAG004673', 'lNONHSAG004674', 'lNONHSAG004714', 'lNONHSAG004779', 'lNONHSAG004868', 'lNONHSAG005084', 'lNONHSAG005153', 'lNONHSAG005339', 'lNONHSAG005377', 'lNONHSAG005403', 'lNONHSAG005482', 'lNONHSAG005669', 'lNONHSAG005699', 'lNONHSAG005711', 'lNONHSAG005721', 'lNONHSAG005728', 'lNONHSAG005742', 'lNONHSAG005780', 'lNONHSAG005838', 'lNONHSAG005866', 'lNONHSAG005920', 'lNONHSAG006007', 'lNONHSAG006049', 'lNONHSAG006050', 'lNONHSAG006054', 'lNONHSAG006071', 'lNONHSAG006163', 'lNONHSAG006204', 'lNONHSAG006212', 'lNONHSAG006238', 'lNONHSAG006301', 'lNONHSAG006341', 'lNONHSAG006362', 'lNONHSAG006454', 'lNONHSAG006457', 'lNONHSAG006474', 'lNONHSAG006477', 'lNONHSAG006526', 'lNONHSAG006633', 'lNONHSAG006678', 'lNONHSAG006692', 'lNONHSAG006735', 'lNONHSAG006756', 'lNONHSAG006763', 'lNONHSAG006772', 'lNONHSAG006865', 'lNONHSAG006945', 'lNONHSAG006966', 'lNONHSAG007109', 'lNONHSAG007295', 'lNONHSAG007324', 'lNONHSAG007384', 'lNONHSAG007430', 'lNONHSAG007431', 'lNONHSAG007434', 'lNONHSAG007463', 'lNONHSAG007487', 'lNONHSAG007538', 'lNONHSAG007602', 'lNONHSAG007692', 'lNONHSAG007708', 'lNONHSAG007715', 'lNONHSAG007868', 'lNONHSAG007961', 'lNONHSAG007983', 'lNONHSAG007984', 'lNONHSAG008015', 'lNONHSAG008037', 'lNONHSAG008056', 'lNONHSAG008167', 'lNONHSAG008199', 'lNONHSAG008220', 'lNONHSAG008354', 'lNONHSAG008517', 'lNONHSAG008540', 'lNONHSAG008552', 'lNONHSAG008589', 'lNONHSAG008615', 'lNONHSAG008654', 'lNONHSAG008670', 'lNONHSAG008675', 'lNONHSAG008693', 'lNONHSAG008726', 'lNONHSAG008728', 'lNONHSAG008759', 'lNONHSAG008859', 'lNONHSAG008937', 'lNONHSAG008952', 'lNONHSAG008966', 'lNONHSAG009039', 'lNONHSAG009059', 'lNONHSAG009062', 'lNONHSAG009124', 'lNONHSAG009130', 'lNONHSAG009133', 'lNONHSAG009134', 'lNONHSAG009174', 'lNONHSAG009180', 'lNONHSAG009193', 'lNONHSAG009544', 'lNONHSAG009613', 'lNONHSAG009636', 'lNONHSAG009728', 'lNONHSAG009747', 'lNONHSAG009755', 'lNONHSAG009757', 'lNONHSAG009945', 'lNONHSAG009950', 'lNONHSAG009968', 'lNONHSAG009989', 'lNONHSAG010179', 'lNONHSAG010184', 'lNONHSAG010186', 'lNONHSAG010190', 'lNONHSAG010193', 'lNONHSAG010194', 'lNONHSAG010200', 'lNONHSAG010348', 'lNONHSAG010405', 'lNONHSAG010416', 'lNONHSAG010543', 'lNONHSAG010657', 'lNONHSAG010658', 'lNONHSAG010716', 'lNONHSAG010792', 'lNONHSAG010798', 'lNONHSAG010940', 'lNONHSAG010986', 'lNONHSAG010989', 'lNONHSAG011028', 'lNONHSAG011057', 'lNONHSAG011070', 'lNONHSAG011086', 'lNONHSAG011090', 'lNONHSAG011121', 'lNONHSAG011125', 'lNONHSAG011211', 'lNONHSAG011230', 'lNONHSAG011337', 'lNONHSAG011343', 'lNONHSAG011375', 'lNONHSAG011439', 'lNONHSAG011446', 'lNONHSAG011518', 'lNONHSAG011524', 'lNONHSAG011576', 'lNONHSAG011633', 'lNONHSAG011658', 'lNONHSAG011790', 'lNONHSAG011854', 'lNONHSAG011935', 'lNONHSAG012025', 'lNONHSAG012076', 'lNONHSAG012099', 'lNONHSAG012297', 'lNONHSAG012303', 'lNONHSAG012339', 'lNONHSAG012367', 'lNONHSAG012476', 'lNONHSAG012505', 'lNONHSAG012534', 'lNONHSAG012540', 'lNONHSAG012555', 'lNONHSAG012594', 'lNONHSAG012614', 'lNONHSAG012617', 'lNONHSAG012751', 'lNONHSAG012791', 'lNONHSAG013005', 'lNONHSAG013060', 'lNONHSAG013095', 'lNONHSAG013098', 'lNONHSAG013109', 'lNONHSAG013388', 'lNONHSAG013431', 'lNONHSAG013475', 'lNONHSAG013515', 'lNONHSAG013534', 'lNONHSAG013568', 'lNONHSAG013708', 'lNONHSAG013730', 'lNONHSAG013790', 'lNONHSAG013809', 'lNONHSAG013912', 'lNONHSAG013917', 'lNONHSAG013940', 'lNONHSAG013942', 'lNONHSAG013944', 'lNONHSAG013946', 'lNONHSAG013954', 'lNONHSAG013992', 'lNONHSAG014098', 'lNONHSAG014112', 'lNONHSAG014130', 'lNONHSAG014267', 'lNONHSAG014289', 'lNONHSAG014332', 'lNONHSAG014362', 'lNONHSAG014372', 'lNONHSAG014373', 'lNONHSAG014381', 'lNONHSAG014496', 'lNONHSAG014502', 'lNONHSAG014546', 'lNONHSAG014562', 'lNONHSAG014591', 'lNONHSAG014672', 'lNONHSAG014679', 'lNONHSAG014730', 'lNONHSAG014890', 'lNONHSAG014891', 'lNONHSAG014914', 'lNONHSAG015044', 'lNONHSAG015163', 'lNONHSAG015215', 'lNONHSAG015234', 'lNONHSAG015352', 'lNONHSAG015417', 'lNONHSAG015454', 'lNONHSAG015461', 'lNONHSAG015505', 'lNONHSAG015591', 'lNONHSAG015623', 'lNONHSAG015787', 'lNONHSAG015788', 'lNONHSAG015961', 'lNONHSAG016021', 'lNONHSAG016068', 'lNONHSAG016118', 'lNONHSAG016307', 'lNONHSAG016395', 'lNONHSAG016403', 'lNONHSAG016486', 'lNONHSAG016487', 'lNONHSAG016576', 'lNONHSAG016733', 'lNONHSAG016741', 'lNONHSAG016749', 'lNONHSAG016771', 'lNONHSAG016822', 'lNONHSAG016893', 'lNONHSAG017020', 'lNONHSAG017060', 'lNONHSAG017232', 'lNONHSAG017238', 'lNONHSAG017254', 'lNONHSAG017282', 'lNONHSAG017288', 'lNONHSAG017347', 'lNONHSAG017349', 'lNONHSAG017376', 'lNONHSAG017377', 'lNONHSAG017379', 'lNONHSAG017417', 'lNONHSAG017486', 'lNONHSAG017504', 'lNONHSAG017567', 'lNONHSAG017666', 'lNONHSAG017767', 'lNONHSAG017783', 'lNONHSAG017882', 'lNONHSAG017890', 'lNONHSAG017899', 'lNONHSAG018053', 'lNONHSAG018054', 'lNONHSAG018058', 'lNONHSAG018110', 'lNONHSAG018180', 'lNONHSAG018203', 'lNONHSAG018236', 'lNONHSAG018313', 'lNONHSAG018322', 'lNONHSAG018326', 'lNONHSAG018344', 'lNONHSAG018372', 'lNONHSAG018374', 'lNONHSAG018414', 'lNONHSAG018415', 'lNONHSAG018416', 'lNONHSAG018417', 'lNONHSAG018461', 'lNONHSAG018530', 'lNONHSAG018586', 'lNONHSAG018621', 'lNONHSAG018656', 'lNONHSAG018707', 'lNONHSAG018709', 'lNONHSAG018711', 'lNONHSAG018829', 'lNONHSAG018889', 'lNONHSAG018893', 'lNONHSAG018903', 'lNONHSAG018980', 'lNONHSAG019003', 'lNONHSAG019012', 'lNONHSAG019014', 'lNONHSAG019021', 'lNONHSAG019031', 'lNONHSAG019049', 'lNONHSAG019051', 'lNONHSAG019079', 'lNONHSAG019090', 'lNONHSAG019115', 'lNONHSAG019134', 'lNONHSAG019158', 'lNONHSAG019221', 'lNONHSAG019270', 'lNONHSAG019332', 'lNONHSAG019370', 'lNONHSAG019439', 'lNONHSAG019493', 'lNONHSAG019569', 'lNONHSAG019613', 'lNONHSAG019667', 'lNONHSAG019670', 'lNONHSAG019711', 'lNONHSAG019767', 'lNONHSAG019814', 'lNONHSAG019848', 'lNONHSAG019852', 'lNONHSAG019898', 'lNONHSAG020053', 'lNONHSAG020068', 'lNONHSAG020075', 'lNONHSAG020091', 'lNONHSAG020107', 'lNONHSAG020153', 'lNONHSAG020155', 'lNONHSAG020218', 'lNONHSAG020223', 'lNONHSAG020252', 'lNONHSAG020259', 'lNONHSAG020260', 'lNONHSAG020273', 'lNONHSAG020274', 'lNONHSAG020277', 'lNONHSAG020278', 'lNONHSAG020281', 'lNONHSAG020298', 'lNONHSAG020304', 'lNONHSAG020307', 'lNONHSAG020312', 'lNONHSAG020321', 'lNONHSAG020325', 'lNONHSAG020339', 'lNONHSAG020361', 'lNONHSAG020367', 'lNONHSAG020374', 'lNONHSAG020382', 'lNONHSAG020403', 'lNONHSAG020474', 'lNONHSAG020476', 'lNONHSAG020600', 'lNONHSAG020616', 'lNONHSAG020731', 'lNONHSAG020755', 'lNONHSAG020759', 'lNONHSAG020760', 'lNONHSAG020762', 'lNONHSAG020771', 'lNONHSAG020869', 'lNONHSAG020957', 'lNONHSAG020990', 'lNONHSAG021042', 'lNONHSAG021307', 'lNONHSAG021309', 'lNONHSAG021315', 'lNONHSAG021335', 'lNONHSAG021342', 'lNONHSAG021347', 'lNONHSAG021370', 'lNONHSAG021390', 'lNONHSAG021408', 'lNONHSAG021410', 'lNONHSAG021433', 'lNONHSAG021471', 'lNONHSAG021557', 'lNONHSAG021566', 'lNONHSAG021567', 'lNONHSAG021584', 'lNONHSAG021638', 'lNONHSAG021641', 'lNONHSAG021698', 'lNONHSAG021760', 'lNONHSAG021820', 'lNONHSAG021846', 'lNONHSAG021874', 'lNONHSAG021878', 'lNONHSAG021882', 'lNONHSAG021893', 'lNONHSAG021909', 'lNONHSAG021976', 'lNONHSAG022030', 'lNONHSAG022058', 'lNONHSAG022078', 'lNONHSAG022088', 'lNONHSAG022094', 'lNONHSAG022110', 'lNONHSAG022127', 'lNONHSAG022162', 'lNONHSAG022311', 'lNONHSAG022327', 'lNONHSAG022328', 'lNONHSAG022335', 'lNONHSAG022339', 'lNONHSAG022378', 'lNONHSAG022495', 'lNONHSAG022551', 'lNONHSAG022579', 'lNONHSAG022595', 'lNONHSAG022597', 'lNONHSAG022655', 'lNONHSAG022690', 'lNONHSAG022743', 'lNONHSAG022750', 'lNONHSAG022806', 'lNONHSAG022836', 'lNONHSAG022845', 'lNONHSAG022888', 'lNONHSAG022893', 'lNONHSAG022965', 'lNONHSAG022972', 'lNONHSAG022980', 'lNONHSAG022982', 'lNONHSAG023003', 'lNONHSAG023049', 'lNONHSAG023051', 'lNONHSAG023073', 'lNONHSAG023175', 'lNONHSAG023237', 'lNONHSAG023375', 'lNONHSAG023387', 'lNONHSAG023392', 'lNONHSAG023494', 'lNONHSAG023512', 'lNONHSAG023553', 'lNONHSAG023579', 'lNONHSAG023598', 'lNONHSAG023607', 'lNONHSAG023614', 'lNONHSAG023630', 'lNONHSAG023635', 'lNONHSAG023661', 'lNONHSAG023668', 'lNONHSAG023740', 'lNONHSAG023837', 'lNONHSAG023864', 'lNONHSAG023885', 'lNONHSAG023888', 'lNONHSAG023930', 'lNONHSAG023964', 'lNONHSAG024117', 'lNONHSAG024141', 'lNONHSAG024146', 'lNONHSAG024171', 'lNONHSAG024224', 'lNONHSAG024244', 'lNONHSAG024282', 'lNONHSAG024332', 'lNONHSAG024340', 'lNONHSAG024341', 'lNONHSAG024354', 'lNONHSAG024361', 'lNONHSAG024362', 'lNONHSAG024364', 'lNONHSAG024381', 'lNONHSAG024391', 'lNONHSAG024393', 'lNONHSAG024395', 'lNONHSAG024428', 'lNONHSAG024540', 'lNONHSAG024542', 'lNONHSAG024637', 'lNONHSAG024668', 'lNONHSAG024671', 'lNONHSAG024676', 'lNONHSAG024681', 'lNONHSAG024741', 'lNONHSAG024809', 'lNONHSAG024810', 'lNONHSAG024826', 'lNONHSAG024903', 'lNONHSAG024905', 'lNONHSAG024908', 'lNONHSAG024913', 'lNONHSAG024921', 'lNONHSAG024925', 'lNONHSAG024979', 'lNONHSAG025011', 'lNONHSAG025135', 'lNONHSAG025137', 'lNONHSAG025319', 'lNONHSAG025352', 'lNONHSAG025483', 'lNONHSAG025485', 'lNONHSAG025609', 'lNONHSAG025743', 'lNONHSAG025744', 'lNONHSAG025864', 'lNONHSAG025865', 'lNONHSAG025907', 'lNONHSAG025934', 'lNONHSAG025939', 'lNONHSAG025964', 'lNONHSAG025997', 'lNONHSAG026053', 'lNONHSAG026089', 'lNONHSAG026091', 'lNONHSAG026103', 'lNONHSAG026153', 'lNONHSAG026176', 'lNONHSAG026205', 'lNONHSAG026274', 'lNONHSAG026364', 'lNONHSAG026386', 'lNONHSAG026575', 'lNONHSAG026599', 'lNONHSAG026631', 'lNONHSAG026661', 'lNONHSAG026720', 'lNONHSAG026721', 'lNONHSAG026737', 'lNONHSAG026781', 'lNONHSAG026794', 'lNONHSAG026852', 'lNONHSAG026854', 'lNONHSAG026856', 'lNONHSAG027017', 'lNONHSAG027075', 'lNONHSAG027110', 'lNONHSAG027276', 'lNONHSAG027278', 'lNONHSAG027323', 'lNONHSAG027342', 'lNONHSAG027374', 'lNONHSAG027421', 'lNONHSAG027482', 'lNONHSAG027598', 'lNONHSAG027618', 'lNONHSAG027675', 'lNONHSAG027682', 'lNONHSAG027692', 'lNONHSAG027694', 'lNONHSAG027709', 'lNONHSAG027837', 'lNONHSAG027874', 'lNONHSAG027876', 'lNONHSAG028045', 'lNONHSAG028083', 'lNONHSAG028093', 'lNONHSAG028112', 'lNONHSAG028141', 'lNONHSAG028142', 'lNONHSAG028159', 'lNONHSAG028403', 'lNONHSAG028713', 'lNONHSAG028720', 'lNONHSAG028817', 'lNONHSAG028820', 'lNONHSAG028857', 'lNONHSAG028870', 'lNONHSAG028913', 'lNONHSAG028918', 'lNONHSAG028948', 'lNONHSAG028996', 'lNONHSAG029033', 'lNONHSAG029080', 'lNONHSAG029124', 'lNONHSAG029267', 'lNONHSAG029312', 'lNONHSAG029377', 'lNONHSAG029668', 'lNONHSAG029792', 'lNONHSAG029830', 'lNONHSAG029873', 'lNONHSAG029933', 'lNONHSAG029956', 'lNONHSAG029958', 'lNONHSAG029959', 'lNONHSAG029960', 'lNONHSAG029961', 'lNONHSAG029962', 'lNONHSAG029964', 'lNONHSAG029965', 'lNONHSAG029985', 'lNONHSAG030074', 'lNONHSAG030113', 'lNONHSAG030129', 'lNONHSAG030244', 'lNONHSAG030258', 'lNONHSAG030278', 'lNONHSAG030279', 'lNONHSAG030304', 'lNONHSAG030333', 'lNONHSAG030410', 'lNONHSAG030440', 'lNONHSAG030487', 'lNONHSAG030516', 'lNONHSAG030525', 'lNONHSAG030582', 'lNONHSAG030583', 'lNONHSAG030738', 'lNONHSAG030739', 'lNONHSAG030742', 'lNONHSAG031025', 'lNONHSAG031035', 'lNONHSAG031123', 'lNONHSAG031261', 'lNONHSAG031385', 'lNONHSAG031425', 'lNONHSAG031452', 'lNONHSAG031453', 'lNONHSAG031456', 'lNONHSAG031563', 'lNONHSAG031565', 'lNONHSAG031581', 'lNONHSAG031584', 'lNONHSAG031636', 'lNONHSAG031696', 'lNONHSAG031853', 'lNONHSAG031991', 'lNONHSAG032063', 'lNONHSAG032126', 'lNONHSAG032247', 'lNONHSAG032267', 'lNONHSAG032297', 'lNONHSAG032302', 'lNONHSAG032309', 'lNONHSAG032312', 'lNONHSAG032537', 'lNONHSAG032560', 'lNONHSAG032664', 'lNONHSAG032682', 'lNONHSAG032724', 'lNONHSAG032737', 'lNONHSAG032748', 'lNONHSAG032750', 'lNONHSAG033061', 'lNONHSAG033100', 'lNONHSAG033107', 'lNONHSAG033121', 'lNONHSAG033168', 'lNONHSAG033170', 'lNONHSAG033216', 'lNONHSAG033224', 'lNONHSAG033263', 'lNONHSAG033266', 'lNONHSAG033298', 'lNONHSAG033328', 'lNONHSAG033334', 'lNONHSAG033342', 'lNONHSAG033348', 'lNONHSAG033352', 'lNONHSAG033368', 'lNONHSAG033386', 'lNONHSAG033390', 'lNONHSAG033435', 'lNONHSAG033459', 'lNONHSAG033471', 'lNONHSAG033480', 'lNONHSAG033528', 'lNONHSAG033589', 'lNONHSAG033611', 'lNONHSAG033691', 'lNONHSAG033735', 'lNONHSAG033748', 'lNONHSAG033810', 'lNONHSAG033898', 'lNONHSAG033899', 'lNONHSAG033937', 'lNONHSAG033940', 'lNONHSAG034006', 'lNONHSAG034014', 'lNONHSAG034021', 'lNONHSAG034032', 'lNONHSAG034217', 'lNONHSAG034316', 'lNONHSAG034417', 'lNONHSAG034418', 'lNONHSAG034492', 'lNONHSAG034527', 'lNONHSAG034676', 'lNONHSAG034801', 'lNONHSAG034845', 'lNONHSAG034846', 'lNONHSAG034935', 'lNONHSAG034973', 'lNONHSAG035096', 'lNONHSAG035262', 'lNONHSAG035382', 'lNONHSAG035456', 'lNONHSAG035531', 'lNONHSAG035568', 'lNONHSAG035806', 'lNONHSAG035914', 'lNONHSAG035916', 'lNONHSAG035923', 'lNONHSAG036047', 'lNONHSAG036054', 'lNONHSAG036115', 'lNONHSAG036120', 'lNONHSAG036255', 'lNONHSAG036263', 'lNONHSAG036273', 'lNONHSAG036403', 'lNONHSAG036407', 'lNONHSAG036412', 'lNONHSAG036413', 'lNONHSAG036612', 'lNONHSAG036615', 'lNONHSAG036667', 'lNONHSAG036718', 'lNONHSAG036783', 'lNONHSAG036866', 'lNONHSAG036922', 'lNONHSAG036926', 'lNONHSAG037025', 'lNONHSAG037061', 'lNONHSAG037072', 'lNONHSAG037073', 'lNONHSAG037080', 'lNONHSAG037082', 'lNONHSAG037083', 'lNONHSAG037096', 'lNONHSAG037137', 'lNONHSAG037146', 'lNONHSAG037164', 'lNONHSAG037241', 'lNONHSAG037348', 'lNONHSAG037420', 'lNONHSAG037559', 'lNONHSAG037827', 'lNONHSAG037891', 'lNONHSAG037936', 'lNONHSAG037946', 'lNONHSAG038001', 'lNONHSAG038024', 'lNONHSAG038060', 'lNONHSAG038091', 'lNONHSAG038162', 'lNONHSAG038343', 'lNONHSAG038344', 'lNONHSAG038397', 'lNONHSAG038502', 'lNONHSAG038530', 'lNONHSAG038561', 'lNONHSAG038578', 'lNONHSAG038663', 'lNONHSAG038675', 'lNONHSAG038676', 'lNONHSAG038682', 'lNONHSAG038836', 'lNONHSAG039037', 'lNONHSAG039038', 'lNONHSAG039147', 'lNONHSAG039293', 'lNONHSAG039295', 'lNONHSAG039319', 'lNONHSAG039617', 'lNONHSAG039620', 'lNONHSAG039634', 'lNONHSAG039637', 'lNONHSAG039654', 'lNONHSAG039664', 'lNONHSAG039669', 'lNONHSAG039872', 'lNONHSAG039951', 'lNONHSAG040179', 'lNONHSAG040188', 'lNONHSAG040226', 'lNONHSAG040241', 'lNONHSAG040269', 'lNONHSAG040320', 'lNONHSAG040329', 'lNONHSAG040408', 'lNONHSAG040444', 'lNONHSAG040481', 'lNONHSAG040544', 'lNONHSAG040692', 'lNONHSAG040700', 'lNONHSAG040729', 'lNONHSAG040804', 'lNONHSAG040859', 'lNONHSAG040870', 'lNONHSAG040909', 'lNONHSAG040945', 'lNONHSAG040958', 'lNONHSAG040969', 'lNONHSAG040976', 'lNONHSAG041002', 'lNONHSAG041017', 'lNONHSAG041023', 'lNONHSAG041241', 'lNONHSAG041250', 'lNONHSAG041256', 'lNONHSAG041257', 'lNONHSAG041480', 'lNONHSAG041528', 'lNONHSAG041529', 'lNONHSAG041592', 'lNONHSAG041670', 'lNONHSAG041707', 'lNONHSAG041716', 'lNONHSAG041758', 'lNONHSAG041844', 'lNONHSAG041883', 'lNONHSAG041938', 'lNONHSAG041966', 'lNONHSAG041981', 'lNONHSAG042050', 'lNONHSAG042080', 'lNONHSAG042132', 'lNONHSAG042138', 'lNONHSAG042218', 'lNONHSAG042257', 'lNONHSAG042270', 'lNONHSAG042306', 'lNONHSAG042307', 'lNONHSAG042370', 'lNONHSAG042433', 'lNONHSAG042476', 'lNONHSAG042491', 'lNONHSAG042500', 'lNONHSAG042722', 'lNONHSAG042724', 'lNONHSAG042836', 'lNONHSAG042855', 'lNONHSAG042966', 'lNONHSAG042970', 'lNONHSAG042991', 'lNONHSAG043138', 'lNONHSAG043159', 'lNONHSAG043229', 'lNONHSAG043250', 'lNONHSAG043303', 'lNONHSAG043433', 'lNONHSAG043550', 'lNONHSAG043592', 'lNONHSAG043625', 'lNONHSAG043657', 'lNONHSAG043770', 'lNONHSAG043851', 'lNONHSAG043934', 'lNONHSAG044041', 'lNONHSAG044064', 'lNONHSAG044283', 'lNONHSAG044350', 'lNONHSAG044406', 'lNONHSAG044429', 'lNONHSAG044533', 'lNONHSAG044666', 'lNONHSAG044709', 'lNONHSAG044751', 'lNONHSAG044791', 'lNONHSAG045160', 'lNONHSAG045163', 'lNONHSAG045166', 'lNONHSAG045306', 'lNONHSAG045383', 'lNONHSAG045430', 'lNONHSAG046722', 'lNONHSAG046730', 'lNONHSAG046765', 'lNONHSAG046781', 'lNONHSAG046811', 'lNONHSAG046839', 'lNONHSAG046953', 'lNONHSAG047191', 'lNONHSAG047197', 'lNONHSAG047260', 'lNONHSAG047319', 'lNONHSAG047433', 'lNONHSAG047463', 'lNONHSAG047469', 'lNONHSAG047471', 'lNONHSAG047507', 'lNONHSAG047543', 'lNONHSAG047544', 'lNONHSAG047547', 'lNONHSAG047620', 'lNONHSAG047725', 'lNONHSAG047792', 'lNONHSAG047830', 'lNONHSAG047842', 'lNONHSAG047851', 'lNONHSAG047951', 'lNONHSAG047973', 'lNONHSAG047974', 'lNONHSAG048057', 'lNONHSAG048101', 'lNONHSAG048114', 'lNONHSAG048228', 'lNONHSAG048270', 'lNONHSAG048302', 'lNONHSAG048323', 'lNONHSAG048439', 'lNONHSAG048464', 'lNONHSAG048598', 'lNONHSAG048602', 'lNONHSAG048603', 'lNONHSAG048623', 'lNONHSAG048626', 'lNONHSAG048641', 'lNONHSAG048682', 'lNONHSAG048695', 'lNONHSAG048817', 'lNONHSAG049037', 'lNONHSAG049051', 'lNONHSAG049119', 'lNONHSAG049157', 'lNONHSAG049185', 'lNONHSAG049191', 'lNONHSAG049288', 'lNONHSAG049303', 'lNONHSAG049356', 'lNONHSAG049507', 'lNONHSAG049626', 'lNONHSAG049655', 'lNONHSAG049754', 'lNONHSAG049801', 'lNONHSAG049901', 'lNONHSAG050073', 'lNONHSAG050104', 'lNONHSAG050272', 'lNONHSAG050273', 'lNONHSAG050284', 'lNONHSAG050345', 'lNONHSAG050423', 'lNONHSAG050445', 'lNONHSAG050493', 'lNONHSAG050518', 'lNONHSAG050670', 'lNONHSAG050725', 'lNONHSAG050769', 'lNONHSAG050786', 'lNONHSAG050815', 'lNONHSAG050929', 'lNONHSAG050985', 'lNONHSAG051010', 'lNONHSAG051015', 'lNONHSAG051196', 'lNONHSAG051245', 'lNONHSAG051250', 'lNONHSAG051255', 'lNONHSAG051259', 'lNONHSAG051260', 'lNONHSAG051263', 'lNONHSAG051266', 'lNONHSAG051291', 'lNONHSAG051454', 'lNONHSAG051484', 'lNONHSAG051514', 'lNONHSAG051517', 'lNONHSAG051523', 'lNONHSAG051542', 'lNONHSAG051567', 'lNONHSAG051568', 'lNONHSAG051603', 'lNONHSAG051770', 'lNONHSAG051898', 'lNONHSAG051958', 'lNONHSAG052046', 'lNONHSAG052082', 'lNONHSAG052097', 'lNONHSAG052119', 'lNONHSAG052149', 'lNONHSAG052151', 'lNONHSAG052179', 'lNONHSAG052454', 'lNONHSAG052459', 'lNONHSAG052491', 'lNONHSAG052492', 'lNONHSAG052495', 'lNONHSAG052510', 'lNONHSAG052511', 'lNONHSAG052680', 'lNONHSAG052686', 'lNONHSAG052709', 'lNONHSAG052726', 'lNONHSAG052853', 'lNONHSAG052908', 'lNONHSAG052931', 'lNONHSAG052933', 'lNONHSAG052943', 'lNONHSAG053007', 'lNONHSAG053014', 'lNONHSAG053028', 'lNONHSAG053033', 'lNONHSAG053108', 'lNONHSAG053162', 'lNONHSAG053228', 'lNONHSAG053419', 'lNONHSAG053456', 'lNONHSAG053499', 'lNONHSAG053500', 'lNONHSAG053502', 'lNONHSAG053546', 'lNONHSAG053547', 'lNONHSAG053590', 'lNONHSAG053602', 'lNONHSAG053626', 'lNONHSAG053631', 'lNONHSAG053651', 'lNONHSAG053748', 'lNONHSAG053796', 'lNONHSAG053802', 'lNONHSAG054024', 'lNONHSAG054038', 'lNONHSAG054213', 'lNONHSAG054214', 'lNONHSAG054215', 'lNONHSAG054216', 'lNONHSAG054301', 'lNONHSAG054360', 'lNONHSAG054432', 'lNONHSAG054699', 'lNONHSAG054716', 'lNONHSAG054717', 'lNONHSAG054718', 'lNONHSAG054780', 'lNONHSAG054791', 'lNONHSAG054832', 'lNONHSAG055008', 'lNONHSAG055088', 'lNONHSAG055092', 'lNONHSAG055151', 'lNONHSAG055258', 'lNONHSAG055350', 'lNONHSAG055418', 'lNONHSAG055450', 'lNONHSAG055546', 'lNONHSAG055558', 'lNONHSAG055565', 'lNONHSAG055582', 'lNONHSAG056025', 'lNONHSAG056029', 'lNONHSAG056053', 'lNONHSAG056451', 'lNONHSAG056733', 'lNONHSAG056746', 'lNONHSAG056868', 'lNONHSAG057043', 'lNONHSAG057222', 'lNONHSAG057260', 'lNONHSAG058006', 'lNONHSAG058109', 'lNONHSAG058112', 'lNONHSAG058118', 'lNONHSAG058533', 'lNONHSAG058967', 'lNONHSAG059768', 'lNONHSAG060586', 'lNONHSAG061096', 'lNONHSAG061404', 'lNONHSAG061492', 'lNONHSAG063700', 'lNONHSAG064784', 'lNONHSAG064962', 'lNONHSAG065252', 'lNONHSAG065364', 'lNONHSAG066253', 'lNONHSAG068402', 'lNONHSAG068639', 'lNONHSAG069030', 'lNONHSAG069147', 'lNONHSAG069277', 'lNONHSAG069876', 'lNONHSAG070257', 'lNONHSAG071444', 'lNONHSAG072176', 'lNONHSAG073025', 'lNONHSAG073380', 'lNONHSAG073419', 'lNONHSAG073786', 'lNONHSAG074052', 'lNONHSAG074661', 'lNONHSAG075363', 'lNONHSAG077475', 'lNONHSAG077527', 'lNONHSAG077551', 'lNONHSAG079231', 'lNONHSAG080772', 'lNONHSAG081583', 'lNONHSAG081993', 'lNONHSAG082891', 'lNONHSAG083209', 'lNONHSAG083289', 'lNONHSAG083615', 'lNONHSAG083859', 'lNONHSAG083883', 'lNONHSAG083894', 'lNONHSAG084701', 'lNONHSAG084832', 'lNONHSAG084937', 'lNONHSAG085975', 'lNONHSAG088562', 'lNONHSAG089857', 'lNONHSAG091116', 'lNONHSAG091284', 'lNONHSAG091452', 'lNONHSAG091943', 'lNONHSAG092907', 'lNONHSAG093064', 'lNONHSAG093078', 'lNONHSAG093517', 'lNONHSAG094075', 'lNONHSAG094129', 'lNONHSAG094269', 'lNONHSAG096227', 'lNONHSAG096230', 'lNONHSAG096627', 'lNONHSAG097344', 'lNONHSAG097347', 'lNONHSAG098653', 'lNONHSAG099082', 'lNONHSAG099120', 'lNONHSAG099126', 'lNONHSAG099742', 'lNONHSAG099774', 'lNONHSAG101229', 'lNONHSAG101725', 'lNONHSAG102572', 'lNONHSAG102979', 'lNONHSAG103259', 'lNONHSAG103457', 'lNONHSAG103817', 'lNONHSAG104186', 'lNONHSAG110420', 'lNONHSAG110858', 'lNONHSAG111667', 'lNONHSAG113761', 'lNONHSAG114445', 'lENSG00000103472', 'lENSG00000163364', 'lENSG00000175061', 'lENSG00000177410', 'lENSG00000179406', 'lENSG00000179523', 'lENSG00000189295', 'lENSG00000198221', 'lENSG00000198468', 'lENSG00000203497', 'lENSG00000205611', 'lENSG00000223764', 'lENSG00000223783', 'lENSG00000224057', 'lENSG00000224078', 'lENSG00000224614', 'lENSG00000225470', 'lENSG00000225506', 'lENSG00000225855', 'lENSG00000226115', 'lENSG00000226137', 'lENSG00000227082', 'lENSG00000227256', 'lENSG00000227963', 'lENSG00000228022', 'lENSG00000228526', 'lENSG00000229267', 'lENSG00000229335', 'lENSG00000229388', 'lENSG00000230046', 'lENSG00000230061', 'lENSG00000230257', 'lENSG00000230313', 'lENSG00000230400', 'lENSG00000230866', 'lENSG00000231437', 'lENSG00000231473', 'lENSG00000231663', 'lENSG00000232265', 'lENSG00000232415', 'lENSG00000232442', 'lENSG00000232500', 'lENSG00000233047', 'lENSG00000233532', 'lENSG00000233590', 'lENSG00000234169', 'lENSG00000234222', 'lENSG00000234546', 'lENSG00000234625', 'lENSG00000235385', 'lENSG00000235535', 'lENSG00000235724', 'lENSG00000236240', 'lENSG00000236535', 'lENSG00000236671', 'lENSG00000237396', 'lENSG00000241388', 'lENSG00000243479', 'lENSG00000244124', 'lENSG00000245067', 'lENSG00000245146', 'lENSG00000245614', 'lENSG00000246560', 'lENSG00000247095', 'lENSG00000247373', 'lENSG00000247400', 'lENSG00000247498', 'lENSG00000249532', 'lENSG00000249786', 'lENSG00000249835', 'lENSG00000249993', 'lENSG00000250635', 'lENSG00000251003', 'lENSG00000251061', 'lENSG00000253315', 'lENSG00000254418', 'lENSG00000254480', 'lENSG00000254508', 'lENSG00000254635', 'lENSG00000254791', 'lENSG00000255363', 'lENSG00000255427', 'lENSG00000255553', 'lENSG00000255850', 'lENSG00000256742', 'lENSG00000256769', 'lENSG00000257084', 'lENSG00000258912', 'lENSG00000259289', 'lENSG00000259424', 'lENSG00000260219', 'lENSG00000260280', 'lENSG00000260455', 'lENSG00000260924', 'lENSG00000260969', 'lENSG00000261183', 'lENSG00000261423', 'lENSG00000261780', 'lENSG00000263718', 'lENSG00000264672', 'lENSG00000265374', 'lENSG00000266402', 'lENSG00000266970', 'lENSG00000267321', 'lENSG00000267395', 'lENSG00000267413', 'lENSG00000267440', 'lENSG00000267858', 'lENSG00000269019', 'lENSG00000269911', 'lENSG00000269939', 'lENSG00000270084', 'lENSG00000270344', 'lENSG00000270959', 'lENSG00000272769', 'lENSG00000274372', 'lENSG00000278709', 'lENSG00000278970', 'lENSG00000279296', 'lENSG00000281189', 'lENSG00000284070', 'lENSG00000285644', 'lENSG00000286737', 'lENSG00000288080', 'lENSG00000224167', 'lENSG00000224739', 'lA1BG-AS1', 'lADAMTS9-AS2', 'lANKRD62P1-PARP4P3', 'lAQP4-AS1', 'lASMTL-AS1', 'lBANCR', 'lCCAT2', 'lCDKN2B-AS1', 'lDGKK', 'lDLX6-AS1', 'lEGOT', 'lGATA3-AS1', 'lGATA6-AS1', 'lGHET1', 'lHEIH', 'lHOTAIRM1', 'lINHBA-AS1', 'lJPX', 'lJRK', 'lKCTD21-AS1', 'lKTN1-AS1', 'lLAMTOR5-AS1', 'lLBX2-AS1', 'lLINC00173', 'lLINC00174', 'lLINC00240', 'lLINC00333', 'lLINC00472', 'lLPP-AS2', 'lMCM3AP-AS1', 'lMIR181A1HG', 'lMIR31HG', 'lMYLK-AS1', 'lPANDAR', 'lPCGEM1', 'lPVT1', 'lRHPN1-AS1', 'lRMST', 'lSNHG15', 'lSNHG16', 'lSNX29P2', 'lTEN1-CDK3', 'lTPTEP1', 'lTRAM2-AS1', 'lVCAN-AS1', 'lZFAS1', 'lZNF286B', 'lZNF503-AS2', 'lLINC00461', 'lLINC00514', 'lSLC2A1-AS1', 'lSRP14-AS1', 'lAC007009.1', 'lPWAR6', 'lAC004840.8', 'lAC061992.2', 'lAC103564.7', 'lAC135048.13', 'lAC137723.5', 'lAC137932.5', 'lAL928742.12', 'lAP001058.3', 'lCTB-60B18.10', 'lCTB-91J4.1', 'lCTC-338M12.2', 'lCTD-2165H16.4', 'lCTD-2540L5.5', 'lKB-7G2.8', 'lLA16c-321D4.2', 'lLA16c-380H5.3', 'lLL22NC03-23C6.13', 'lRP1-283E3.8', 'lRP11-100F15.1', 'lRP11-108M9.3', 'lRP11-123O10.4', 'lRP11-137H2.4', 'lRP11-197N18.2', 'lRP11-21J18.1', 'lRP11-243J18.2', 'lRP11-24P14.1', 'lRP11-264B17.3', 'lRP11-276H7.2', 'lRP11-2C24.4', 'lRP11-305P14.1', 'lRP11-439K3.1', 'lRP11-467J12.4', 'lRP11-49K24.4', 'lRP11-514P8.8', 'lRP11-54O7.3', 'lRP11-550C4.6', 'lRP11-680A11.5', 'lRP4-756H11.3', 'lRP4-790G17.7', 'lRP5-1061H20.4', 'lRP5-1160K1.8', 'lXXbac-B444P24.8', 'lXXbac-BPG300A18.13', 'lAC018766.4', 'lCTD-2231H16.1', 'lHNRNPU-AS1', 'lRP11-429J17.8', 'lRP11-672A2.1', 'lRP5-1063M23.1', 'lRP11-495P10.8', 'lCTA-250D10.23', 'lRP4-610C12.4', 'lLINC00035', 'lNONHSAG000157', 'lNONHSAG000265', 'lNONHSAG000297', 'lNONHSAG000298', 'lNONHSAG000623', 'lNONHSAG000636', 'lNONHSAG000677', 'lNONHSAG000896', 'lNONHSAG001008', 'lNONHSAG001014', 'lNONHSAG001028', 'lNONHSAG001030', 'lNONHSAG001033', 'lNONHSAG001147', 'lNONHSAG001171', 'lNONHSAG001207', 'lNONHSAG001240', 'lNONHSAG001258', 'lNONHSAG001419', 'lNONHSAG001435', 'lNONHSAG001613', 'lNONHSAG002403', 'lNONHSAG002487', 'lNONHSAG002619', 'lNONHSAG002726', 'lNONHSAG002816', 'lNONHSAG003227', 'lNONHSAG003308', 'lNONHSAG003418', 'lNONHSAG003459', 'lNONHSAG003810', 'lNONHSAG003881', 'lNONHSAG004227', 'lNONHSAG004351', 'lNONHSAG004475', 'lNONHSAG004638', 'lNONHSAG004893', 'lNONHSAG005363', 'lNONHSAG005473', 'lNONHSAG005522', 'lNONHSAG005652', 'lNONHSAG005679', 'lNONHSAG005690', 'lNONHSAG005717', 'lNONHSAG005725', 'lNONHSAG005727', 'lNONHSAG005739', 'lNONHSAG005740', 'lNONHSAG005746', 'lNONHSAG005747', 'lNONHSAG005760', 'lNONHSAG005761', 'lNONHSAG005769', 'lNONHSAG005789', 'lNONHSAG005797', 'lNONHSAG005821', 'lNONHSAG005830', 'lNONHSAG005842', 'lNONHSAG005847', 'lNONHSAG005851', 'lNONHSAG005852', 'lNONHSAG005853', 'lNONHSAG005855', 'lNONHSAG005857', 'lNONHSAG005859', 'lNONHSAG005862', 'lNONHSAG005867', 'lNONHSAG005870', 'lNONHSAG005885', 'lNONHSAG005901', 'lNONHSAG005915', 'lNONHSAG005935', 'lNONHSAG005936', 'lNONHSAG005939', 'lNONHSAG005985', 'lNONHSAG006012', 'lNONHSAG006022', 'lNONHSAG006078', 'lNONHSAG006086', 'lNONHSAG006097', 'lNONHSAG006103', 'lNONHSAG006160', 'lNONHSAG006166', 'lNONHSAG006183', 'lNONHSAG006186', 'lNONHSAG006187', 'lNONHSAG006206', 'lNONHSAG006220', 'lNONHSAG006221', 'lNONHSAG006235', 'lNONHSAG006240', 'lNONHSAG006274', 'lNONHSAG006279', 'lNONHSAG006290', 'lNONHSAG006293', 'lNONHSAG006300', 'lNONHSAG006314', 'lNONHSAG006324', 'lNONHSAG006376', 'lNONHSAG006377', 'lNONHSAG006382', 'lNONHSAG006388', 'lNONHSAG006395', 'lNONHSAG006399', 'lNONHSAG006405', 'lNONHSAG006407', 'lNONHSAG006412', 'lNONHSAG006415', 'lNONHSAG006434', 'lNONHSAG006440', 'lNONHSAG006450', 'lNONHSAG006459', 'lNONHSAG006479', 'lNONHSAG006487', 'lNONHSAG006493', 'lNONHSAG006507', 'lNONHSAG006527', 'lNONHSAG006536', 'lNONHSAG006551', 'lNONHSAG006554', 'lNONHSAG006555', 'lNONHSAG006557', 'lNONHSAG006573', 'lNONHSAG006576', 'lNONHSAG006579', 'lNONHSAG006581', 'lNONHSAG006586', 'lNONHSAG006602', 'lNONHSAG006646', 'lNONHSAG006653', 'lNONHSAG006669', 'lNONHSAG006716', 'lNONHSAG006748', 'lNONHSAG006750', 'lNONHSAG006765', 'lNONHSAG006779', 'lNONHSAG006808', 'lNONHSAG006832', 'lNONHSAG006863', 'lNONHSAG006883', 'lNONHSAG006889', 'lNONHSAG006894', 'lNONHSAG006897', 'lNONHSAG006909', 'lNONHSAG006915', 'lNONHSAG006922', 'lNONHSAG006967', 'lNONHSAG006970', 'lNONHSAG006976', 'lNONHSAG007008', 'lNONHSAG007020', 'lNONHSAG007023', 'lNONHSAG007029', 'lNONHSAG007031', 'lNONHSAG007035', 'lNONHSAG007063', 'lNONHSAG007065', 'lNONHSAG007087', 'lNONHSAG007093', 'lNONHSAG007103', 'lNONHSAG007118', 'lNONHSAG007123', 'lNONHSAG007129', 'lNONHSAG007155', 'lNONHSAG007166', 'lNONHSAG007172', 'lNONHSAG007203', 'lNONHSAG007224', 'lNONHSAG007225', 'lNONHSAG007259', 'lNONHSAG007268', 'lNONHSAG007278', 'lNONHSAG007286', 'lNONHSAG007298', 'lNONHSAG007414', 'lNONHSAG007419', 'lNONHSAG007429', 'lNONHSAG007458', 'lNONHSAG007488', 'lNONHSAG007507', 'lNONHSAG007531', 'lNONHSAG007533', 'lNONHSAG007543', 'lNONHSAG007544', 'lNONHSAG007554', 'lNONHSAG007563', 'lNONHSAG007574', 'lNONHSAG007578', 'lNONHSAG007587', 'lNONHSAG007599', 'lNONHSAG007621', 'lNONHSAG007632', 'lNONHSAG007730', 'lNONHSAG007932', 'lENSG00000083622', 'lENSG00000105501', 'lENSG00000122043', 'lENSG00000149443', 'lENSG00000167920', 'lENSG00000175746', 'lENSG00000177596', 'lENSG00000178248', 'lENSG00000197644', 'lENSG00000197880', 'lENSG00000198054', 'lENSG00000198671', 'lENSG00000203307', 'lENSG00000203434', 'lENSG00000203469', 'lENSG00000203472', 'lENSG00000203565', 'lENSG00000203605', 'lENSG00000203864', 'lENSG00000204393', 'lENSG00000204464', 'lENSG00000205018', 'lENSG00000205452', 'lENSG00000205500', 'lENSG00000212856', 'lENSG00000219410', 'lENSG00000221845', 'lENSG00000222000', 'lENSG00000222032', 'lENSG00000222044', 'lENSG00000223374', 'lENSG00000223387', 'lENSG00000223400', 'lENSG00000223537', 'lENSG00000223563', 'lENSG00000223634', 'lENSG00000223641', 'lENSG00000223647', 'lENSG00000223720', 'lENSG00000223727', 'lENSG00000223786', 'lENSG00000223809', 'lENSG00000223831', 'lENSG00000223881', 'lENSG00000223993', 'lENSG00000224031', 'lENSG00000224075', 'lENSG00000224095', 'lENSG00000224220', 'lENSG00000224277', 'lENSG00000224330', 'lENSG00000224384', 'lENSG00000224500', 'lENSG00000224535', 'lENSG00000224541', 'lENSG00000224549', 'lENSG00000224595', 'lENSG00000224655', 'lENSG00000224794', 'lENSG00000224821', 'lENSG00000224844', 'lENSG00000224885', 'lENSG00000224922', 'lENSG00000224972', 'lENSG00000225012', 'lENSG00000225050', 'lENSG00000225129', 'lENSG00000225146', 'lENSG00000225218', 'lENSG00000225325', 'lENSG00000225334', 'lENSG00000225378', 'lENSG00000225457', 'lENSG00000225537', 'lENSG00000225570', 'lENSG00000225588', 'lENSG00000225750', 'lENSG00000225761', 'lENSG00000225798', 'lENSG00000225886', 'lENSG00000225929', 'lENSG00000226047', 'lENSG00000226133', 'lENSG00000226143', 'lENSG00000226193', 'lENSG00000226194', 'lENSG00000226323', 'lENSG00000226337', 'lENSG00000226352', 'lENSG00000226398', 'lENSG00000226442', 'lENSG00000226454', 'lENSG00000226486', 'lENSG00000226508', 'lENSG00000226522', 'lENSG00000226542', 'lENSG00000226562', 'lENSG00000226566', 'lENSG00000226576', 'lENSG00000226699', 'lENSG00000226770', 'lENSG00000226813', 'lENSG00000226883', 'lENSG00000226925', 'lENSG00000226956', 'lENSG00000226957', 'lENSG00000227075', 'lENSG00000227076', 'lENSG00000227125', 'lENSG00000227131', 'lENSG00000227181', 'lENSG00000227197', 'lENSG00000227330', 'lENSG00000227360', 'lENSG00000227409', 'lENSG00000227459', 'lENSG00000227482', 'lENSG00000227496', 'lENSG00000227509', 'lENSG00000227512', 'lENSG00000227549', 'lENSG00000227579', 'lENSG00000227606', 'lENSG00000227611', 'lENSG00000227680', 'lENSG00000227716', 'lENSG00000227718', 'lENSG00000227769', 'lENSG00000227863', 'lENSG00000227893', 'lENSG00000227958', 'lENSG00000227960', 'lENSG00000228028', 'lENSG00000228082', 'lENSG00000228108', 'lENSG00000228136', 'lENSG00000228170', 'lENSG00000228215', 'lENSG00000228231', 'lENSG00000228261', 'lENSG00000228272', 'lENSG00000228351', 'lENSG00000228372', 'lENSG00000228383', 'lENSG00000228470', 'lENSG00000228485', 'lENSG00000228548', 'lENSG00000228596', 'lENSG00000228627', 'lENSG00000228804', 'lENSG00000228826', 'lENSG00000228852', 'lENSG00000228939', 'lENSG00000228950', 'lENSG00000229152', 'lENSG00000229167', 'lENSG00000229190', 'lENSG00000229283', 'lENSG00000229297', 'lENSG00000229331', 'lENSG00000229345', 'lENSG00000229370', 'lENSG00000229379', 'lENSG00000229457', 'lENSG00000229487', 'lENSG00000229498', 'lENSG00000229502', 'lENSG00000229528', 'lENSG00000229531', 'lENSG00000229673', 'lENSG00000229679', 'lENSG00000229848', 'lENSG00000229851', 'lENSG00000229953', 'lENSG00000229999', 'lENSG00000230010', 'lENSG00000230065', 'lENSG00000230105', 'lENSG00000230109', 'lENSG00000230121', 'lENSG00000230131', 'lENSG00000230153', 'lENSG00000230155', 'lENSG00000230190', 'lENSG00000230197', 'lENSG00000230233', 'lENSG00000230234', 'lENSG00000230323', 'lENSG00000230432', 'lENSG00000230483', 'lENSG00000230499', 'lENSG00000230599', 'lENSG00000230668', 'lENSG00000230735', 'lENSG00000230741', 'lENSG00000230759', 'lENSG00000230790', 'lENSG00000230794', 'lENSG00000230826', 'lENSG00000230830', 'lENSG00000230912', 'lENSG00000230918', 'lENSG00000230972', 'lENSG00000231081', 'lENSG00000231082', 'lENSG00000231092', 'lENSG00000231102', 'lENSG00000231114', 'lENSG00000231143', 'lENSG00000231253', 'lENSG00000231272', 'lENSG00000231407', 'lENSG00000231413', 'lENSG00000231440', 'lENSG00000231492', 'lENSG00000231496', 'lENSG00000231539', 'lENSG00000231597', 'lENSG00000231678', 'lENSG00000231681', 'lENSG00000231724', 'lENSG00000231760', 'lENSG00000231772', 'lENSG00000231781', 'lENSG00000231912', 'lENSG00000231914', 'lENSG00000231937', 'lENSG00000231953', 'lENSG00000231964', 'lENSG00000232031', 'lENSG00000232058', 'lENSG00000232072', 'lENSG00000232086', 'lENSG00000232120', 'lENSG00000232192', 'lENSG00000232252', 'lENSG00000232286', 'lENSG00000232310', 'lENSG00000232328', 'lENSG00000232335', 'lENSG00000232359', 'lENSG00000232363', 'lENSG00000232396', 'lENSG00000232451', 'lENSG00000232464', 'lENSG00000232465', 'lENSG00000232564', 'lENSG00000232596', 'lENSG00000232604', 'lENSG00000232710', 'lENSG00000232719', 'lENSG00000232746', 'lENSG00000232893', 'lENSG00000232895', 'lENSG00000232930', 'lENSG00000232939', 'lENSG00000232964', 'lENSG00000233070', 'lENSG00000233079', 'lENSG00000233178', 'lENSG00000233179', 'lENSG00000233219', 'lENSG00000233222', 'lENSG00000233330', 'lENSG00000233339', 'lENSG00000233407', 'lENSG00000233472', 'lENSG00000233479', 'lENSG00000233534', 'lENSG00000233581', 'lENSG00000233613', 'lENSG00000233625', 'lENSG00000233656', 'lENSG00000233665', 'lENSG00000233689', 'lENSG00000233706', 'lENSG00000233851', 'lENSG00000233891', 'lENSG00000233953', 'lENSG00000233960', 'lENSG00000233969', 'lENSG00000233985', 'lENSG00000234055', 'lENSG00000234117', 'lENSG00000234149', 'lENSG00000234160', 'lENSG00000234172', 'lENSG00000234191', 'lENSG00000234318', 'lENSG00000234504', 'lENSG00000234567', 'lENSG00000234622', 'lENSG00000234626', 'lENSG00000234653', 'lENSG00000234693', 'lENSG00000234756', 'lENSG00000234860', 'lENSG00000234900', 'lENSG00000234953', 'lENSG00000234961', 'lENSG00000234979', 'lENSG00000235011', 'lENSG00000235050', 'lENSG00000235059', 'lENSG00000235086', 'lENSG00000235122', 'lENSG00000235435', 'lENSG00000235494', 'lENSG00000235628', 'lENSG00000235635', 'lENSG00000235637', 'lENSG00000235669', 'lENSG00000235786', 'lENSG00000235813', 'lENSG00000236022', 'lENSG00000236031', 'lENSG00000236065', 'lENSG00000236242', 'lENSG00000236267', 'lENSG00000236272', 'lENSG00000236324', 'lENSG00000236326', 'lENSG00000236358', 'lENSG00000236366', 'lENSG00000236414', 'lENSG00000236452', 'lENSG00000236463', 'lENSG00000236498', 'lENSG00000236559', 'lENSG00000236648', 'lENSG00000236662', 'lENSG00000236723', 'lENSG00000236744', 'lENSG00000236758', 'lENSG00000236800', 'lENSG00000236828', 'lENSG00000236854', 'lENSG00000236921', 'lENSG00000236951', 'lENSG00000236953', 'lENSG00000236975', 'lENSG00000237015', 'lENSG00000237058', 'lENSG00000237073', 'lENSG00000237200', 'lENSG00000237312', 'lENSG00000237324', 'lENSG00000237331', 'lENSG00000237337', 'lENSG00000237373', 'lENSG00000237477', 'lENSG00000237481', 'lENSG00000237520', 'lENSG00000237571', 'lENSG00000237576', 'lENSG00000237581', 'lENSG00000237670', 'lENSG00000237687', 'lENSG00000237734', 'lENSG00000237756', 'lENSG00000237802', 'lENSG00000237919', 'lENSG00000237921', 'lENSG00000237993', 'lENSG00000238131', 'lENSG00000238140', 'lENSG00000238185', 'lENSG00000238282', 'lENSG00000238291', 'lENSG00000239415', 'lENSG00000239482', 'lENSG00000239593', 'lENSG00000240573', 'lENSG00000241383', 'lENSG00000241397', 'lENSG00000241577', 'lENSG00000241593', 'lENSG00000241666', 'lENSG00000241985', 'lENSG00000242012', 'lENSG00000242072', 'lENSG00000242339', 'lENSG00000242391', 'lENSG00000242545', 'lENSG00000242618', 'lENSG00000242795', 'lENSG00000242861', 'lENSG00000243149', 'lENSG00000243230', 'lENSG00000243273', 'lENSG00000243368', 'lENSG00000243797', 'lENSG00000243903', 'lENSG00000243961', 'lENSG00000244278', 'lENSG00000244327', 'lENSG00000244461', 'lENSG00000244701', 'lENSG00000245148', 'lENSG00000245385', 'lENSG00000246541', 'lENSG00000247867', 'lENSG00000247925', 'lENSG00000248125', 'lENSG00000248145', 'lENSG00000248148', 'lENSG00000248172', 'lENSG00000248245', 'lENSG00000248373', 'lENSG00000248393', 'lENSG00000248397', 'lENSG00000248416', 'lENSG00000248457', 'lENSG00000248482', 'lENSG00000248490', 'lENSG00000248576', 'lENSG00000248599', 'lENSG00000248627', 'lENSG00000248758', 'lENSG00000248789', 'lENSG00000248925', 'lENSG00000248935', 'lENSG00000248969', 'lENSG00000248975', 'lENSG00000248984', 'lENSG00000248995', 'lENSG00000249071', 'lENSG00000249099', 'lENSG00000249111', 'lENSG00000249114', 'lENSG00000249297', 'lENSG00000249334', 'lENSG00000249382', 'lENSG00000249409', 'lENSG00000249419', 'lENSG00000249426', 'lENSG00000249441', 'lENSG00000249451', 'lENSG00000249474', 'lENSG00000249547', 'lENSG00000249613', 'lENSG00000249697', 'lENSG00000249706', 'lENSG00000249742', 'lENSG00000249753', 'lENSG00000249782', 'lENSG00000249806', 'lENSG00000249830', 'lENSG00000249865', 'lENSG00000249892', 'lENSG00000250062', 'lENSG00000250092', 'lENSG00000250186', 'lENSG00000250195', 'lENSG00000250242', 'lENSG00000250524', 'lENSG00000250541', 'lENSG00000250626', 'lENSG00000250629', 'lENSG00000250646', 'lENSG00000250657', 'lENSG00000250665', 'lENSG00000250791', 'lENSG00000250820', 'lENSG00000250855', 'lENSG00000250865', 'lENSG00000250866', 'lENSG00000250877', 'lENSG00000250910', 'lENSG00000250917', 'lENSG00000250929', 'lENSG00000250945', 'lENSG00000250949', 'lENSG00000250950', 'lENSG00000250955', 'lENSG00000250993', 'lENSG00000251059', 'lENSG00000251072', 'lENSG00000251185', 'lENSG00000251194', 'lENSG00000251256', 'lENSG00000251266', 'lENSG00000251281', 'lENSG00000251283', 'lENSG00000251412', 'lENSG00000251414', 'lENSG00000251688', 'lENSG00000253134', 'lENSG00000253142', 'lENSG00000253147', 'lENSG00000253167', 'lENSG00000253171', 'lENSG00000253189', 'lENSG00000253282', 'lENSG00000253356', 'lENSG00000253397', 'lENSG00000253449', 'lENSG00000253456', 'lENSG00000253503', 'lENSG00000253507', 'lENSG00000253530', 'lENSG00000253539', 'lENSG00000253619', 'lENSG00000253627', 'lENSG00000253643', 'lENSG00000253645', 'lENSG00000253660', 'lENSG00000253665', 'lENSG00000253717', 'lENSG00000253722', 'lENSG00000253754', 'lENSG00000253782', 'lENSG00000253834', 'lENSG00000253851', 'lENSG00000253858', 'lENSG00000253865', 'lENSG00000253871', 'lENSG00000253875', 'lENSG00000253880', 'lENSG00000253927', 'lENSG00000253947', 'lENSG00000254011', 'lENSG00000254021', 'lENSG00000254026', 'lENSG00000254033', 'lENSG00000254035', 'lENSG00000254084', 'lENSG00000254094', 'lENSG00000254123', 'lENSG00000254141', 'lENSG00000254171', 'lENSG00000254177', 'lENSG00000254207', 'lENSG00000254239', 'lENSG00000254242', 'lENSG00000254314', 'lENSG00000254325', 'lENSG00000254347', 'lENSG00000254350', 'lENSG00000254380', 'lENSG00000254428', 'lENSG00000254429', 'lENSG00000254456', 'lENSG00000254516', 'lENSG00000254526', 'lENSG00000254559', 'lENSG00000254563', 'lENSG00000254574', 'lENSG00000254592', 'lENSG00000254604', 'lENSG00000254620', 'lENSG00000254626', 'lENSG00000254627', 'lENSG00000254689', 'lENSG00000254739', 'lENSG00000254775', 'lENSG00000254787', 'lENSG00000254829', 'lENSG00000254842', 'lENSG00000254846', 'lENSG00000254847', 'lENSG00000254864', 'lENSG00000254879', 'lENSG00000254913', 'lENSG00000254928', 'lENSG00000254930', 'lENSG00000254972', 'lENSG00000254983', 'lENSG00000254990', 'lENSG00000255039', 'lENSG00000255041', 'lENSG00000255084', 'lENSG00000255114', 'lENSG00000255121', 'lENSG00000255159', 'lENSG00000255167', 'lENSG00000255227', 'lENSG00000255247', 'lENSG00000255271', 'lENSG00000255327', 'lENSG00000255357', 'lENSG00000255366', 'lENSG00000255375', 'lENSG00000255390', 'lENSG00000255443', 'lENSG00000255462', 'lENSG00000255478', 'lENSG00000255482', 'lENSG00000255496', 'lENSG00000255498', 'lENSG00000255506', 'lENSG00000255523', 'lENSG00000255528', 'lENSG00000255539', 'lENSG00000255555', 'lENSG00000255565', 'lENSG00000255572', 'lENSG00000255580', 'lENSG00000255808', 'lENSG00000255839', 'lENSG00000255949', 'lENSG00000256007', 'lENSG00000256071', 'lENSG00000256072', 'lENSG00000256083', 'lENSG00000256209', 'lENSG00000256226', 'lENSG00000256234', 'lENSG00000256292', 'lENSG00000256314', 'lENSG00000256448', 'lENSG00000256452', 'lENSG00000256482', 'lENSG00000256484', 'lENSG00000256568', 'lENSG00000256582', 'lENSG00000256670', 'lENSG00000256733', 'lENSG00000256972', 'lENSG00000257004', 'lENSG00000257022', 'lENSG00000257096', 'lENSG00000257105', 'lENSG00000257137', 'lENSG00000257165', 'lENSG00000257235', 'lENSG00000257261', 'lENSG00000257264', 'lENSG00000257265', 'lENSG00000257271', 'lENSG00000257275', 'lENSG00000257342', 'lENSG00000257381', 'lENSG00000257407', 'lENSG00000257470', 'lENSG00000257488', 'lENSG00000257494', 'lENSG00000257500', 'lENSG00000257514', 'lENSG00000257527', 'lENSG00000257541', 'lENSG00000257587', 'lENSG00000257653', 'lENSG00000257732', 'lENSG00000257750', 'lENSG00000257764', 'lENSG00000257787', 'lENSG00000257860', 'lENSG00000257925', 'lENSG00000257997', 'lENSG00000258007', 'lENSG00000258044', 'lENSG00000258084', 'lENSG00000258167', 'lENSG00000258185', 'lENSG00000258210', 'lENSG00000258220', 'lENSG00000258234', 'lENSG00000258272', 'lENSG00000258292', 'lENSG00000258308', 'lENSG00000258312', 'lENSG00000258313', 'lENSG00000258323', 'lENSG00000258331', 'lENSG00000258378', 'lENSG00000258379', 'lENSG00000258390', 'lENSG00000258394', 'lENSG00000258425', 'lENSG00000258451', 'lENSG00000258460', 'lENSG00000258515', 'lENSG00000258516', 'lENSG00000258670', 'lENSG00000258690', 'lENSG00000258695', 'lENSG00000258698', 'lENSG00000258742', 'lENSG00000258745', 'lENSG00000258784', 'lENSG00000258800', 'lENSG00000258824', 'lENSG00000258826', 'lENSG00000258829', 'lENSG00000258904', 'lENSG00000258908', 'lENSG00000258958', 'lENSG00000259007', 'lENSG00000259026', 'lENSG00000259188', 'lENSG00000259194', 'lENSG00000259202', 'lENSG00000259211', 'lENSG00000259223', 'lENSG00000259250', 'lENSG00000259268', 'lENSG00000259294', 'lENSG00000259307', 'lENSG00000259342', 'lENSG00000259351', 'lENSG00000259352', 'lENSG00000259360', 'lENSG00000259385', 'lENSG00000259432', 'lENSG00000259503', 'lENSG00000259532', 'lENSG00000259544', 'lENSG00000259631', 'lENSG00000259636', 'lENSG00000259659', 'lENSG00000259678', 'lENSG00000259757', 'lENSG00000259759', 'lENSG00000259767', 'lENSG00000259798', 'lENSG00000259805', 'lENSG00000259935', 'lENSG00000259945', 'lENSG00000259955', 'lENSG00000259967', 'lENSG00000260003', 'lENSG00000260017', 'lENSG00000260022', 'lENSG00000260158', 'lENSG00000260186', 'lENSG00000260246', 'lENSG00000260304', 'lENSG00000260454', 'lENSG00000260476', 'lENSG00000260586', 'lENSG00000260605', 'lENSG00000260626', 'lENSG00000260659', 'lENSG00000260720', 'lENSG00000260741', 'lENSG00000260773', 'lENSG00000260798', 'lENSG00000260814', 'lENSG00000260884', 'lENSG00000260911', 'lENSG00000260934', 'lENSG00000260970', 'lENSG00000260986', 'lENSG00000260999', 'lENSG00000261014', 'lENSG00000261036', 'lENSG00000261065', 'lENSG00000261066', 'lENSG00000261243', 'lENSG00000261248', 'lENSG00000261261', 'lENSG00000261266', 'lENSG00000261307', 'lENSG00000261379', 'lENSG00000261432', 'lENSG00000261475', 'lENSG00000261507', 'lENSG00000261523', 'lENSG00000261552', 'lENSG00000261569', 'lENSG00000261633', 'lENSG00000261663', 'lENSG00000261671', 'lENSG00000261695', 'lENSG00000261697', 'lENSG00000261723', 'lENSG00000261729', 'lENSG00000261731', 'lENSG00000261761', 'lENSG00000261838', 'lENSG00000261864', 'lENSG00000262151', 'lENSG00000262298', 'lENSG00000262533', 'lENSG00000262652', 'lENSG00000262692', 'lENSG00000262810', 'lENSG00000262815', 'lENSG00000263080', 'lENSG00000263237', 'lENSG00000263257', 'lENSG00000263300', 'lENSG00000263321', 'lENSG00000263335', 'lENSG00000263417', 'lENSG00000263466', 'lENSG00000263585', 'lENSG00000263594', 'lENSG00000263618', 'lENSG00000263684', 'lENSG00000263709', 'lENSG00000263797', 'lENSG00000263847', 'lENSG00000263873', 'lENSG00000263952', 'lENSG00000263982', 'lENSG00000263986', 'lENSG00000264016', 'lENSG00000264107', 'lENSG00000264116', 'lENSG00000264254', 'lENSG00000264269', 'lENSG00000264486', 'lENSG00000264513', 'lENSG00000264520', 'lENSG00000264546', 'lENSG00000264558', 'lENSG00000264577', 'lENSG00000264595', 'lENSG00000264622', 'lENSG00000264734', 'lENSG00000264769', 'lENSG00000264825', 'lENSG00000264924', 'lENSG00000265125', 'lENSG00000265168', 'lENSG00000265205', 'lENSG00000265265', 'lENSG00000265334', 'lENSG00000265359', 'lENSG00000265400', 'lENSG00000265443', 'lENSG00000265474', 'lENSG00000265554', 'lENSG00000265625', 'lENSG00000265643', 'lENSG00000265728', 'lENSG00000265739', 'lENSG00000265743', 'lENSG00000265791', 'lENSG00000265800', 'lENSG00000265840', 'lENSG00000265844', 'lENSG00000265845', 'lENSG00000265980', 'lENSG00000265987', 'lENSG00000265994', 'lENSG00000266102', 'lENSG00000266153', 'lENSG00000266341', 'lENSG00000266368', 'lENSG00000266397', 'lENSG00000266535', 'lENSG00000266538', 'lENSG00000266541', 'lENSG00000266651', 'lENSG00000266696', 'lENSG00000266801', 'lENSG00000266839', 'lENSG00000266844', 'lENSG00000266936', 'lENSG00000266981', 'lENSG00000266985', 'lENSG00000266993', 'lENSG00000267000', 'lENSG00000267057', 'lENSG00000267063', 'lENSG00000267177', 'lENSG00000267225', 'lENSG00000267234', 'lENSG00000267255', 'lENSG00000267263', 'lENSG00000267274', 'lENSG00000267286', 'lENSG00000267320', 'lENSG00000267341', 'lENSG00000267354', 'lENSG00000267364', 'lENSG00000267378', 'lENSG00000267387', 'lENSG00000267436', 'lENSG00000267501', 'lENSG00000267510', 'lENSG00000267543', 'lENSG00000267583', 'lENSG00000267593', 'lENSG00000267615', 'lENSG00000267633', 'lENSG00000267638', 'lENSG00000267665', 'lENSG00000267711', 'lENSG00000267791', 'lENSG00000267838', 'lENSG00000267922', 'lENSG00000267980', 'lENSG00000268015', 'lENSG00000268049', 'lENSG00000268051', 'lENSG00000268078', 'lENSG00000268191', 'lENSG00000268203', 'lENSG00000268240', 'lENSG00000268289', 'lENSG00000268296', 'lENSG00000268520', 'lENSG00000268605', 'lENSG00000268734', 'lENSG00000268743', 'lENSG00000268833', 'lENSG00000268906', 'lENSG00000268912', 'lENSG00000268981', 'lENSG00000269044', 'lENSG00000269085', 'lENSG00000269145', 'lENSG00000269191', 'lENSG00000269292', 'lENSG00000269321', 'lENSG00000269495', 'lENSG00000269504', 'lENSG00000269621', 'lENSG00000269656', 'lENSG00000269729', 'lENSG00000269802', 'lENSG00000269826', 'lENSG00000269843', 'lENSG00000269867', 'lENSG00000269901', 'lENSG00000269950', 'lENSG00000269987', 'lENSG00000270082', 'lENSG00000270094', 'lENSG00000270108', 'lENSG00000270380', 'lENSG00000270726', 'lENSG00000270871', 'lENSG00000270996', 'lENSG00000271032', 'lENSG00000271218', 'lENSG00000271314', 'lENSG00000271579', 'lENSG00000271717', 'lENSG00000271763', 'lENSG00000271787', 'lENSG00000271833', 'lENSG00000271901', 'lENSG00000271936', 'lENSG00000271945', 'lENSG00000271983', 'lENSG00000272027', 'lENSG00000272072', 'lENSG00000272149', 'lENSG00000272159', 'lENSG00000272338', 'lENSG00000272510', 'lENSG00000272540', 'lENSG00000272575', 'lENSG00000272642', 'lENSG00000272661', 'lENSG00000272742', 'lENSG00000272810', 'lENSG00000272814', 'lENSG00000272866', 'lENSG00000272995', 'lENSG00000273035', 'lENSG00000273257', 'lENSG00000273271', 'lENSG00000273275', 'lENSG00000273360', 'lENSG00000273449', 'lENSG00000273461', 'lENSG00000273485', 'lENSG00000273493', 'lENSG00000273550', 'lENSG00000273568', 'lENSG00000273838', 'lENSG00000273877', 'lENSG00000273919', 'lENSG00000274177', 'lENSG00000274227', 'lENSG00000274561', 'lENSG00000274624', 'lENSG00000274678', 'lENSG00000274863', 'lENSG00000274893', 'lENSG00000275173', 'lENSG00000275345', 'lENSG00000275401', 'lENSG00000275484', 'lENSG00000275576', 'lENSG00000275871', 'lENSG00000276107', 'lENSG00000276488', 'lENSG00000276527', 'lENSG00000276533', 'lENSG00000276668', 'lENSG00000276997', 'lENSG00000277332', 'lENSG00000277639', 'lENSG00000277675', 'lENSG00000278000', 'lENSG00000278013', 'lENSG00000278202', 'lENSG00000278351', 'lENSG00000278630', 'lENSG00000278766', 'lENSG00000278944', 'lENSG00000279088', 'lENSG00000279240', 'lENSG00000279484', 'lENSG00000279501', 'lENSG00000279623', 'lENSG00000279687', 'lENSG00000279751', 'lENSG00000279920', 'lENSG00000280206', 'lENSG00000280224', 'lENSG00000280455', 'lENSG00000280580', 'lENSG00000280703', 'lENSG00000280881', 'lENSG00000281021', 'lENSG00000281831', 'lENSG00000282478', 'lENSG00000282828', 'lENSG00000282950', 'lENSG00000283083', 'lENSG00000283286', 'lENSG00000283347', 'lENSG00000283375', 'lENSG00000283436', 'lENSG00000283457', 'lENSG00000283573', 'lENSG00000283631', 'lENSG00000283766', 'lENSG00000283973', 'lENSG00000284376', 'lENSG00000284418', 'lENSG00000284500', 'lENSG00000284513', 'lENSG00000284608', 'lENSG00000284699', 'lENSG00000284994', 'lENSG00000285012', 'lENSG00000285040', 'lENSG00000285325', 'lENSG00000285354', 'lENSG00000285409', 'lENSG00000285473', 'lENSG00000285518', 'lENSG00000285524', 'lENSG00000285550', 'lENSG00000285551', 'lENSG00000285619', 'lENSG00000285621', 'lENSG00000285654', 'lENSG00000285699', 'lENSG00000285709', 'lENSG00000285780', 'lENSG00000285857', 'lENSG00000285861', 'lENSG00000285889', 'lENSG00000285954', 'lENSG00000285998', 'lENSG00000286002', 'lENSG00000286010', 'lENSG00000286018', 'lENSG00000286020', 'lENSG00000286050', 'lENSG00000286076', 'lENSG00000286089', 'lENSG00000286101', 'lENSG00000286168', 'lENSG00000286188', 'lENSG00000286194', 'lENSG00000286197', 'lENSG00000286206', 'lENSG00000286242', 'lENSG00000286244', 'lENSG00000286276', 'lENSG00000286303', 'lENSG00000286331', 'lENSG00000286333', 'lENSG00000286338', 'lENSG00000286419', 'lENSG00000286430', 'lENSG00000286436', 'lENSG00000286441', 'lENSG00000286453', 'lENSG00000286461', 'lENSG00000286474', 'lENSG00000286515', 'lENSG00000286565', 'lENSG00000286578', 'lENSG00000286581', 'lENSG00000286584', 'lENSG00000286588', 'lENSG00000286598', 'lENSG00000286617', 'lENSG00000286639', 'lENSG00000286645', 'lENSG00000286670', 'lENSG00000286689', 'lENSG00000286690', 'lENSG00000286698', 'lENSG00000286715', 'lENSG00000286716', 'lENSG00000286722', 'lENSG00000286738', 'lENSG00000286740', 'lENSG00000286751', 'lENSG00000286767', 'lENSG00000286770', 'lENSG00000286781', 'lENSG00000286795', 'lENSG00000286803', 'lENSG00000286820', 'lENSG00000286843', 'lENSG00000286850', 'lENSG00000286887', 'lENSG00000286908', 'lENSG00000286963', 'lENSG00000287005', 'lENSG00000287006', 'lENSG00000287028', 'lENSG00000287030', 'lENSG00000287066', 'lENSG00000287094', 'lENSG00000287107', 'lENSG00000287108', 'lENSG00000287155', 'lENSG00000287198', 'lENSG00000287202', 'lENSG00000287213', 'lENSG00000287236', 'lENSG00000287270', 'lENSG00000287285', 'lENSG00000287335', 'lENSG00000287358', 'lENSG00000287359', 'lENSG00000287366', 'lENSG00000287367', 'lENSG00000287381', 'lENSG00000287423', 'lENSG00000287441', 'lENSG00000287462', 'lENSG00000287501', 'lENSG00000287517', 'lENSG00000287518', 'lENSG00000287545', 'lENSG00000287550', 'lENSG00000287551', 'lENSG00000287556', 'lENSG00000287587', 'lENSG00000287618', 'lENSG00000287660', 'lENSG00000287664', 'lENSG00000287684', 'lENSG00000287687', 'lENSG00000287704', 'lENSG00000211683', 'lENSG00000214955', 'lENSG00000223379', 'lENSG00000223795', 'lENSG00000224884', 'lENSG00000225836', 'lENSG00000228255', 'lENSG00000229454', 'lENSG00000229628', 'lENSG00000229964', 'lENSG00000230649', 'lENSG00000231212', 'lENSG00000231616', 'lENSG00000232056', 'lENSG00000232636', 'lENSG00000233200', 'lENSG00000233987', 'lENSG00000234083', 'lENSG00000234998', 'lENSG00000235337', 'lENSG00000235795', 'lENSG00000236453', 'lENSG00000239801', 'lENSG00000241792', 'lENSG00000242375', 'lENSG00000244620', 'lENSG00000247810', 'lENSG00000248359', 'lENSG00000248991', 'lENSG00000249159', 'lENSG00000250567', 'lENSG00000250670', 'lENSG00000250686', 'lENSG00000250777', 'lENSG00000251506', 'lENSG00000251654', 'lENSG00000253766', 'lENSG00000254306', 'lENSG00000254927', 'lENSG00000255279', 'lENSG00000255325', 'lENSG00000255644', 'lENSG00000256686', 'lENSG00000257603', 'lENSG00000257715', 'lENSG00000257962', 'lENSG00000258088', 'lENSG00000258196', 'lENSG00000258386', 'lENSG00000259123', 'lENSG00000259209', 'lENSG00000259244', 'lENSG00000259274', 'lENSG00000259306', 'lENSG00000259407', 'lENSG00000260511', 'lENSG00000261193', 'lENSG00000261445', 'lENSG00000261470', 'lENSG00000264660', 'lENSG00000265174', 'lENSG00000266893', 'lENSG00000267081', 'lENSG00000267521', 'lENSG00000267581', 'lENSG00000269391', 'lENSG00000269460', 'lENSG00000272304', 'lENSG00000272369', 'lENSG00000273138', 'lENSG00000273403', 'lENSG00000273486', 'lENSG00000274902', 'lENSG00000275232', 'lENSG00000278514', 'lENSG00000279672', 'lENSG00000282887', 'lENSG00000286164', 'lENSG00000226032', 'lENSG00000235736', 'lENSG00000251613', 'lENSG00000263316', 'lENSG00000258631', 'lENSG00000260141', 'lENSG00000279472', 'lENSG00000271870', 'lENSG00000272934', 'lENSG00000265556', 'lENSG00000271840', 'lENSG00000253701', 'lENSG00000281408', 'lENSG00000268166', 'lALG13-AS1', 'lDGUOK-AS1', 'lDSCR8', 'lMIR24-2', 'lMIR3179-2', 'lMIR3654', 'lACA64', 'lC3orf65']","[1.0, 1.0, 0.0, 0.0, 1.0, 1.0, 1.0, 1.0, 0.0, 1.0, 1.0, 0.0, 1.0, 1.0, 0.0, 1.0, 0.0, 1.0, 0.0, 1.0, 0.0, 0.0, 1.0, 1.0, 1.0, 1.0, 1.0, 0.0, 1.0, 1.0, 1.0, 0.0, 0.0, 0.0, 1.0, 0.0, 1.0, 0.0, 1.0, 1.0, 1.0, 0.0, 1.0, 0.0, 0.0, 0.0, 0.0, 0.0, 0.0, 1.0, 1.0, 1.0, 1.0, 1.0, 1.0, 0.0, 0.0, 1.0, 1.0, 1.0, 0.0, 1.0, 1.0, 1.0, 0.0, 0.0, 1.0, 1.0, 1.0, 1.0, 1.0, 1.0, 0.0, 0.0, 0.0, 1.0, 0.0, 1.0, 1.0, 0.0, 0.0, 1.0, 0.0, 1.0, 1.0, 0.0, 1.0, 1.0, 1.0, 1.0, 1.0, 1.0, 0.0, 0.0, 1.0, 0.0, 1.0, 1.0, 0.0, 1.0, 0.0, 0.0, 1.0, 1.0, 1.0, 0.0, 0.0, 1.0, 0.0, 0.0, 0.0, 1.0, 1.0, 0.0, 1.0, 1.0, 1.0, 1.0, 1.0, 1.0, 1.0, 0.0, 1.0, 0.0, 1.0, 1.0, 0.0, 1.0, 0.0, 0.0, 0.0, 1.0, 0.0, 0.0, 1.0, 0.0, 0.0, 1.0, 1.0, 0.0, 1.0, 1.0, 0.0, 1.0, 0.0, 1.0, 1.0, 0.0, 0.0, 0.0, 1.0, 1.0, 1.0, 1.0, 0.0, 0.0, 1.0, 1.0, 0.0, 1.0, 0.0, 0.0, 0.0, 1.0, 1.0, 0.0, 1.0, 0.0, 1.0, 0.0, 0.0, 0.0, 0.0, 1.0, 1.0, 0.0, 1.0, 0.0, 1.0, 0.0, 1.0, 1.0, 1.0, 1.0, 0.0, 0.0, 0.0, 0.0, 1.0, 1.0, 0.0, 0.0, 1.0, 0.0, 1.0, 1.0, 1.0, 0.0, 1.0, 1.0, 1.0, 0.0, 0.0, 1.0, 0.0, 1.0, 0.0, 0.0, 0.0, 0.0, 0.0, 1.0, 0.0, 0.0, 1.0, 0.0, 0.0, 0.0, 0.0, 0.0, 0.0, 1.0, 1.0, 1.0, 1.0, 1.0, 0.0, 0.0, 1.0, 1.0, 0.0, 1.0, 0.0, 1.0, 1.0, 1.0, 1.0, 1.0, 1.0, 0.0, 1.0, 0.0, 0.0, 0.0, 1.0, 0.0, 1.0, 0.0, 0.0, 0.0, 0.0, 0.0, 1.0, 1.0, 1.0, 0.0, 0.0, 1.0, 1.0, 1.0, 1.0, 1.0, 1.0, 1.0, 0.0, 0.0, 0.0, 1.0, 0.0, 0.0, 1.0, 1.0, 1.0, 0.0, 1.0, 0.0, 1.0, 0.0, 0.0, 1.0, 1.0, 1.0, 1.0, 0.0, 0.0, 1.0, 1.0, 1.0, 1.0, 0.0, 0.0, 0.0, 0.0, 0.0, 0.0, 0.0, 0.0, 0.0, 1.0, 1.0, 1.0, 1.0, 1.0, 0.0, 1.0, 1.0, 1.0, 0.0, 1.0, 1.0, 0.0, 0.0, 1.0, 0.0, 0.0, 1.0, 1.0, 1.0, 0.0, 1.0, 1.0, 0.0, 1.0, 1.0, 0.0, 0.0, 1.0, 0.0, 1.0, 1.0, 0.0, 0.0, 0.0, 1.0, 1.0, 1.0, 1.0, 0.0, 1.0, 0.0, 1.0, 0.0, 0.0, 0.0, 1.0, 1.0, 1.0, 1.0, 1.0, 0.0, 1.0, 0.0, 1.0, 0.0, 0.0, 0.0, 1.0, 1.0, 0.0, 0.0, 0.0, 1.0, 1.0, 1.0, 0.0, 1.0, 1.0, 0.0, 0.0, 0.0, 1.0, 0.0, 1.0, 0.0, 0.0, 1.0, 0.0, 0.0, 0.0, 1.0, 0.0, 0.0, 1.0, 0.0, 1.0, 0.0, 0.0, 0.0, 0.0, 1.0, 0.0, 1.0, 0.0, 1.0, 0.0, 0.0, 1.0, 1.0, 0.0, 0.0, 1.0, 0.0, 1.0, 1.0, 1.0, 1.0, 0.0, 0.0, 0.0, 0.0, 1.0, 1.0, 0.0, 0.0, 0.0, 0.0, 0.0, 1.0, 0.0, 0.0, 1.0, 1.0, 0.0, 1.0, 0.0, 1.0, 1.0, 0.0, 1.0, 1.0, 1.0, 0.0, 0.0, 0.0, 0.0, 1.0, 1.0, 0.0, 1.0, 0.0, 1.0, 0.0, 1.0, 1.0, 1.0, 0.0, 1.0, 1.0, 1.0, 0.0, 0.0, 0.0, 1.0, 1.0, 1.0, 0.0, 1.0, 1.0, 0.0, 1.0, 0.0, 1.0, 0.0, 1.0, 1.0, 1.0, 0.0, 0.0, 1.0, 1.0, 1.0, 0.0, 1.0, 1.0, 0.0, 0.0, 0.0, 1.0, 0.0, 1.0, 0.0, 1.0, 0.0, 1.0, 1.0, 0.0, 0.0, 1.0, 1.0, 0.0, 1.0, 1.0, 0.0, 1.0, 1.0, 1.0, 0.0, 0.0, 0.0, 0.0, 1.0, 1.0, 0.0, 1.0, 0.0, 0.0, 1.0, 0.0, 0.0, 1.0, 1.0, 0.0, 0.0, 0.0, 0.0, 1.0, 1.0, 0.0, 1.0, 1.0, 1.0, 0.0, 0.0, 0.0, 1.0, 0.0, 0.0, 1.0, 0.0, 0.0, 1.0, 1.0, 0.0, 0.0, 0.0, 1.0, 1.0, 1.0, 0.0, 1.0, 1.0, 0.0, 1.0, 1.0, 0.0, 0.0, 1.0, 1.0, 1.0, 0.0, 0.0, 0.0, 0.0, 1.0, 0.0, 0.0, 0.0, 1.0, 0.0, 0.0, 0.0, 1.0, 0.0, 0.0, 1.0, 1.0, 0.0, 1.0, 1.0, 0.0, 1.0, 0.0, 1.0, 1.0, 0.0, 0.0, 0.0, 1.0, 0.0, 1.0, 1.0, 0.0, 0.0, 1.0, 0.0, 0.0, 0.0, 0.0, 1.0, 1.0, 1.0, 1.0, 0.0, 0.0, 1.0, 1.0, 0.0, 1.0, 0.0, 0.0, 0.0, 0.0, 1.0, 1.0, 1.0, 1.0, 1.0, 0.0, 1.0, 0.0, 0.0, 1.0, 1.0, 0.0, 1.0, 0.0, 1.0, 1.0, 1.0, 1.0, 0.0, 1.0, 0.0, 0.0, 0.0, 1.0, 1.0, 1.0, 1.0, 0.0, 0.0, 1.0, 1.0, 0.0, 1.0, 1.0, 1.0, 0.0, 0.0, 1.0, 1.0, 0.0, 1.0, 1.0, 1.0, 0.0, 1.0, 0.0, 1.0, 1.0, 0.0, 0.0, 0.0, 0.0, 1.0, 0.0, 1.0, 0.0, 1.0, 0.0, 1.0, 0.0, 1.0, 1.0, 1.0, 0.0, 1.0, 1.0, 1.0, 1.0, 1.0, 0.0, 0.0, 0.0, 0.0, 1.0, 0.0, 1.0, 1.0, 1.0, 1.0, 1.0, 0.0, 1.0, 0.0, 1.0, 1.0, 0.0, 1.0, 1.0, 0.0, 0.0, 1.0, 0.0, 0.0, 1.0, 0.0, 0.0, 1.0, 1.0, 0.0, 0.0, 1.0, 0.0, 1.0, 0.0, 0.0, 0.0, 1.0, 1.0, 0.0, 0.0, 1.0, 0.0, 1.0, 1.0, 0.0, 0.0, 0.0, 1.0, 0.0, 0.0, 0.0, 0.0, 1.0, 0.0, 0.0, 0.0, 1.0, 1.0, 0.0, 1.0, 1.0, 1.0, 0.0, 0.0, 1.0, 0.0, 1.0, 1.0, 0.0, 0.0, 0.0, 0.0, 1.0, 1.0, 1.0, 0.0, 0.0, 1.0, 1.0, 1.0, 0.0, 0.0, 1.0, 1.0, 1.0, 0.0, 0.0, 1.0, 1.0, 0.0, 0.0, 1.0, 1.0, 0.0, 1.0, 0.0, 1.0, 0.0, 0.0, 1.0, 1.0, 1.0, 1.0, 0.0, 1.0, 0.0, 1.0, 0.0, 1.0, 1.0, 1.0, 1.0, 1.0, 1.0, 0.0, 0.0, 0.0, 0.0, 1.0, 0.0, 1.0, 1.0, 0.0, 1.0, 0.0, 1.0, 0.0, 1.0, 0.0, 1.0, 0.0, 0.0, 0.0, 0.0, 0.0, 1.0, 1.0, 0.0, 1.0, 1.0, 1.0, 0.0, 0.0, 0.0, 1.0, 0.0, 0.0, 1.0, 1.0, 0.0, 1.0, 1.0, 0.0, 1.0, 1.0, 0.0, 0.0, 1.0, 1.0, 0.0, 0.0, 0.0, 1.0, 1.0, 0.0, 0.0, 0.0, 1.0, 0.0, 0.0, 0.0, 1.0, 1.0, 1.0, 0.0, 1.0, 1.0, 1.0, 1.0, 1.0, 0.0, 1.0, 0.0, 0.0, 0.0, 0.0, 1.0, 1.0, 1.0, 0.0, 1.0, 0.0, 1.0, 0.0, 0.0, 0.0, 0.0, 0.0, 1.0, 0.0, 1.0, 1.0, 0.0, 0.0, 1.0, 0.0, 0.0, 0.0, 0.0, 0.0, 1.0, 0.0, 0.0, 1.0, 0.0, 1.0, 0.0, 1.0, 1.0, 0.0, 0.0, 0.0, 1.0, 1.0, 1.0, 1.0, 1.0, 1.0, 0.0, 0.0, 0.0, 1.0, 1.0, 0.0, 0.0, 1.0, 0.0, 0.0, 1.0, 0.0, 1.0, 0.0, 1.0, 0.0, 0.0, 1.0, 1.0, 1.0, 0.0, 0.0, 0.0, 1.0, 1.0, 1.0, 0.0, 0.0, 0.0, 1.0, 0.0, 1.0, 0.0, 0.0, 0.0, 1.0, 1.0, 0.0, 0.0, 1.0, 1.0, 0.0, 0.0, 0.0, 1.0, 1.0, 1.0, 1.0, 1.0, 0.0, 0.0, 1.0, 1.0, 0.0, 0.0, 0.0, 0.0, 1.0, 0.0, 1.0, 0.0, 0.0, 1.0, 1.0, 0.0, 0.0, 0.0, 1.0, 0.0, 0.0, 0.0, 0.0, 0.0, 0.0, 1.0, 1.0, 1.0, 0.0, 1.0, 1.0, 0.0, 0.0, 0.0, 1.0, 1.0, 0.0, 0.0, 0.0, 0.0, 0.0, 1.0, 0.0, 0.0, 0.0, 1.0, 0.0, 1.0, 0.0, 0.0, 1.0, 0.0, 1.0, 0.0, 1.0, 1.0, 1.0, 0.0, 0.0, 1.0, 0.0, 0.0, 0.0, 1.0, 1.0, 0.0, 0.0, 1.0, 0.0, 1.0, 0.0, 0.0, 0.0, 1.0, 1.0, 1.0, 1.0, 0.0, 1.0, 1.0, 1.0, 0.0, 1.0, 1.0, 0.0, 0.0, 1.0, 1.0, 0.0, 1.0, 1.0, 0.0, 0.0, 0.0, 1.0, 1.0, 1.0, 0.0, 0.0, 0.0, 1.0, 1.0, 0.0, 1.0, 1.0, 0.0, 0.0, 0.0, 0.0, 1.0, 1.0, 0.0, 1.0, 1.0, 0.0, 0.0, 0.0, 1.0, 1.0, 0.0, 1.0, 0.0, 0.0, 1.0, 1.0, 1.0, 0.0, 0.0, 1.0, 1.0, 1.0, 0.0, 1.0, 0.0, 0.0, 1.0, 1.0, 0.0, 1.0, 0.0, 0.0, 0.0, 1.0, 0.0, 0.0, 1.0, 1.0, 1.0, 1.0, 1.0, 0.0, 0.0, 0.0, 0.0, 1.0, 1.0, 1.0, 0.0, 0.0, 1.0, 1.0, 0.0, 0.0, 0.0, 1.0, 1.0, 1.0, 1.0, 1.0, 1.0, 0.0, 0.0, 0.0, 0.0, 1.0, 1.0, 0.0, 0.0, 0.0, 0.0, 1.0, 0.0, 1.0, 1.0, 0.0, 0.0, 1.0, 0.0, 1.0, 1.0, 0.0, 1.0, 0.0, 0.0, 0.0, 1.0, 1.0, 0.0, 0.0, 1.0, 0.0, 1.0, 1.0, 0.0, 0.0, 0.0, 1.0, 0.0, 1.0, 0.0, 1.0, 0.0, 0.0, 1.0, 0.0, 0.0, 1.0, 0.0, 0.0, 1.0, 0.0, 1.0, 0.0, 0.0, 1.0, 1.0, 0.0, 0.0, 1.0, 0.0, 1.0, 0.0, 1.0, 1.0, 0.0, 0.0, 0.0, 1.0, 0.0, 0.0, 1.0, 1.0, 1.0, 0.0, 1.0, 0.0, 0.0, 1.0, 1.0, 0.0, 1.0, 0.0, 1.0, 1.0, 0.0, 1.0, 0.0, 1.0, 1.0, 1.0, 0.0, 1.0, 1.0, 1.0, 1.0, 1.0, 0.0, 0.0, 0.0, 0.0, 0.0, 0.0, 0.0, 0.0, 1.0, 0.0, 1.0, 1.0, 1.0, 1.0, 0.0, 0.0, 1.0, 0.0, 1.0, 1.0, 1.0, 0.0, 0.0, 0.0, 1.0, 0.0, 0.0, 0.0, 0.0, 0.0, 0.0, 1.0, 1.0, 0.0, 1.0, 0.0, 0.0, 1.0, 0.0, 0.0, 1.0, 1.0, 1.0, 0.0, 1.0, 0.0, 0.0, 1.0, 1.0, 0.0, 1.0, 0.0, 0.0, 1.0, 0.0, 1.0, 1.0, 0.0, 1.0, 0.0, 0.0, 1.0, 1.0, 0.0, 1.0, 1.0, 1.0, 0.0, 1.0, 1.0, 0.0, 1.0, 0.0, 1.0, 0.0, 0.0, 0.0, 1.0, 1.0, 0.0, 1.0, 0.0, 0.0, 1.0, 0.0, 0.0, 0.0, 1.0, 0.0, 1.0, 0.0, 0.0, 1.0, 0.0, 0.0, 0.0, 1.0, 0.0, 0.0, 0.0, 1.0, 1.0, 1.0, 1.0, 0.0, 0.0, 1.0, 1.0, 0.0, 0.0, 0.0, 0.0, 0.0, 1.0, 0.0, 1.0, 0.0, 0.0, 0.0, 1.0, 1.0, 1.0, 0.0, 0.0, 0.0, 0.0, 1.0, 0.0, 1.0, 0.0, 1.0, 0.0, 0.0, 0.0, 0.0, 1.0, 0.0, 0.0, 1.0, 0.0, 1.0, 0.0, 1.0, 1.0, 1.0, 0.0, 1.0, 1.0, 1.0, 0.0, 0.0, 0.0, 0.0, 0.0, 1.0, 1.0, 1.0, 0.0, 1.0, 0.0, 1.0, 1.0, 1.0, 1.0, 0.0, 1.0, 0.0, 0.0, 0.0, 0.0, 0.0, 1.0, 0.0, 0.0, 1.0, 0.0, 1.0, 1.0, 0.0, 1.0, 1.0, 0.0, 1.0, 0.0, 1.0, 1.0, 1.0, 1.0, 0.0, 1.0, 0.0, 1.0, 1.0, 1.0, 1.0, 0.0, 1.0, 0.0, 0.0, 0.0, 1.0, 0.0, 0.0, 1.0, 0.0, 0.0, 0.0, 1.0, 1.0, 1.0, 1.0, 0.0, 1.0, 1.0, 1.0, 1.0, 0.0, 1.0, 1.0, 0.0, 0.0, 0.0, 1.0, 0.0, 1.0, 1.0, 0.0, 0.0, 1.0, 0.0, 1.0, 0.0, 0.0, 0.0, 1.0, 1.0, 1.0, 0.0, 0.0, 0.0, 1.0, 0.0, 0.0, 1.0, 1.0, 1.0, 0.0, 1.0, 0.0, 1.0, 1.0, 0.0, 1.0, 0.0, 1.0, 1.0, 1.0, 1.0, 1.0, 1.0, 1.0, 1.0, 0.0, 0.0, 0.0, 1.0, 0.0, 0.0, 1.0, 1.0, 1.0, 0.0, 1.0, 0.0, 0.0, 0.0, 1.0, 1.0, 1.0, 0.0, 0.0, 1.0, 0.0, 0.0, 0.0, 1.0, 0.0, 0.0, 1.0, 1.0, 1.0, 1.0, 0.0, 0.0, 1.0, 1.0, 0.0, 0.0, 0.0, 0.0, 1.0, 1.0, 1.0, 1.0, 1.0, 0.0, 1.0, 0.0, 1.0, 1.0, 1.0, 1.0, 1.0, 0.0, 0.0, 0.0, 1.0, 1.0, 1.0, 0.0, 0.0, 1.0, 1.0, 0.0, 1.0, 1.0, 1.0, 0.0, 1.0, 0.0, 1.0, 0.0, 1.0, 1.0, 0.0, 0.0, 1.0, 0.0, 1.0, 1.0, 1.0, 1.0, 1.0, 0.0, 0.0, 0.0, 1.0, 0.0, 0.0, 0.0, 1.0, 1.0, 0.0, 0.0, 0.0, 0.0, 1.0, 1.0, 0.0, 1.0, 1.0, 1.0, 0.0, 1.0, 1.0, 0.0, 0.0, 0.0, 0.0, 0.0, 1.0, 0.0, 1.0, 0.0, 0.0, 0.0, 0.0, 0.0, 0.0, 1.0, 1.0, 0.0, 0.0, 1.0, 0.0, 1.0, 0.0, 0.0, 1.0, 0.0, 1.0, 0.0, 1.0, 1.0, 1.0, 0.0, 0.0, 0.0, 0.0, 1.0, 1.0, 1.0, 1.0, 0.0, 0.0, 0.0, 0.0, 1.0, 1.0, 0.0, 1.0, 0.0, 0.0, 1.0, 1.0, 1.0, 1.0, 1.0, 0.0, 0.0, 0.0, 1.0, 1.0, 0.0, 0.0, 0.0, 0.0, 1.0, 1.0, 1.0, 0.0, 1.0, 0.0, 1.0, 1.0, 0.0, 0.0, 1.0, 1.0, 0.0, 0.0, 0.0, 1.0, 1.0, 0.0, 0.0, 1.0, 0.0, 1.0, 1.0, 0.0, 0.0, 0.0, 1.0, 0.0, 1.0, 0.0, 0.0, 0.0, 0.0, 0.0, 0.0, 0.0, 0.0, 1.0, 0.0, 0.0, 0.0, 1.0, 1.0, 0.0, 0.0, 0.0, 1.0, 0.0, 0.0, 1.0, 0.0, 0.0, 0.0, 1.0, 1.0, 0.0, 0.0, 1.0, 1.0, 1.0, 0.0, 1.0, 1.0, 0.0, 1.0, 0.0, 0.0, 1.0, 0.0, 1.0, 1.0, 1.0, 1.0, 1.0, 0.0, 0.0, 1.0, 1.0, 0.0, 0.0, 1.0, 0.0, 1.0, 0.0, 0.0, 1.0, 1.0, 0.0, 0.0, 0.0, 1.0, 1.0, 1.0, 0.0, 0.0, 0.0, 1.0, 1.0, 0.0, 1.0, 0.0, 1.0, 1.0, 1.0, 1.0, 0.0, 1.0, 0.0, 1.0, 1.0, 0.0, 0.0, 0.0, 1.0, 1.0, 0.0, 0.0, 1.0, 1.0, 0.0, 1.0, 0.0, 1.0, 0.0, 0.0, 1.0, 1.0, 1.0, 0.0, 1.0, 1.0, 1.0, 1.0, 0.0, 1.0, 0.0, 0.0, 0.0, 0.0, 0.0, 0.0, 1.0, 1.0, 1.0, 0.0, 1.0, 0.0, 1.0, 1.0, 1.0, 1.0, 0.0, 1.0, 1.0, 1.0, 0.0, 1.0, 1.0, 0.0, 0.0, 0.0, 0.0, 0.0, 1.0, 0.0, 0.0, 0.0, 0.0, 1.0, 0.0, 0.0, 0.0, 0.0, 0.0, 1.0, 1.0, 0.0, 0.0, 1.0, 0.0, 0.0, 0.0, 1.0, 1.0, 0.0, 0.0, 1.0, 0.0, 0.0, 1.0, 1.0, 1.0, 0.0, 0.0, 0.0, 1.0, 0.0, 1.0, 0.0, 0.0, 1.0, 0.0, 1.0, 1.0, 1.0, 0.0, 1.0, 0.0, 0.0, 0.0, 0.0, 0.0, 0.0, 0.0, 0.0, 0.0, 1.0, 0.0, 0.0, 0.0, 0.0, 1.0, 1.0, 1.0, 0.0, 1.0, 1.0, 1.0, 0.0, 0.0, 0.0, 1.0, 1.0, 1.0, 1.0, 1.0, 1.0, 0.0, 1.0, 1.0, 0.0, 0.0, 1.0, 1.0, 1.0, 1.0, 1.0, 1.0, 0.0, 0.0, 1.0, 1.0, 1.0, 1.0, 1.0, 1.0, 1.0, 0.0, 0.0, 0.0, 0.0, 0.0, 1.0, 0.0, 0.0, 0.0, 1.0, 1.0, 0.0, 1.0, 1.0, 0.0, 0.0, 1.0, 1.0, 1.0, 0.0, 0.0, 1.0, 1.0, 0.0, 1.0, 0.0, 1.0, 1.0, 1.0, 0.0, 0.0, 0.0, 0.0, 0.0, 1.0, 1.0, 1.0, 1.0, 0.0, 0.0, 1.0, 1.0, 1.0, 0.0, 1.0, 1.0, 0.0, 1.0, 1.0, 0.0, 1.0, 0.0, 0.0, 1.0, 0.0, 0.0, 0.0, 0.0, 1.0, 0.0, 1.0, 1.0, 0.0, 1.0, 1.0, 1.0, 1.0, 1.0, 1.0, 0.0, 1.0, 0.0, 1.0, 1.0, 1.0, 1.0, 1.0, 0.0, 0.0, 0.0, 0.0, 1.0, 1.0, 0.0, 0.0, 0.0, 0.0, 0.0, 0.0, 1.0, 1.0, 0.0, 1.0, 1.0, 1.0, 0.0, 0.0, 0.0, 1.0, 1.0, 1.0, 1.0, 1.0, 1.0, 0.0, 1.0, 1.0, 1.0, 1.0, 0.0, 0.0, 0.0, 1.0, 0.0, 0.0, 0.0, 0.0, 0.0, 0.0, 0.0, 0.0, 1.0, 1.0, 1.0, 0.0, 0.0, 0.0, 1.0, 0.0, 1.0, 0.0, 0.0, 1.0, 0.0, 0.0, 1.0, 0.0, 0.0, 1.0, 0.0, 1.0, 1.0, 1.0, 1.0, 1.0, 1.0, 1.0, 0.0, 0.0, 0.0, 0.0, 0.0, 1.0, 0.0, 1.0, 1.0, 1.0, 1.0, 1.0, 1.0, 0.0, 1.0, 0.0, 1.0, 0.0, 0.0, 1.0, 0.0, 1.0, 0.0, 1.0, 1.0, 0.0, 1.0, 1.0, 0.0, 1.0, 1.0, 0.0, 1.0, 0.0, 0.0, 1.0, 0.0, 1.0, 0.0, 1.0, 0.0, 0.0, 0.0, 0.0, 1.0, 1.0, 1.0, 0.0, 0.0, 1.0, 1.0, 1.0, 1.0, 0.0, 1.0, 1.0, 0.0, 0.0, 0.0, 0.0, 1.0, 0.0, 0.0, 1.0, 0.0, 1.0, 0.0, 0.0, 0.0, 1.0, 0.0, 1.0, 0.0, 1.0, 1.0, 0.0, 1.0, 0.0, 0.0, 1.0, 1.0, 0.0, 0.0, 1.0, 0.0, 1.0, 1.0, 0.0, 1.0, 1.0, 0.0, 1.0, 0.0, 0.0, 1.0, 1.0, 0.0, 1.0, 1.0, 1.0, 1.0, 0.0, 0.0, 0.0, 1.0, 0.0, 0.0, 1.0, 0.0, 0.0, 1.0, 0.0, 1.0, 1.0, 0.0, 0.0, 0.0, 0.0, 0.0, 1.0, 1.0, 0.0, 0.0, 0.0, 1.0, 1.0, 0.0, 0.0, 1.0, 0.0, 0.0, 0.0, 1.0, 1.0, 1.0, 1.0, 0.0, 0.0, 1.0, 0.0, 1.0, 0.0, 0.0, 1.0, 1.0, 0.0, 1.0, 0.0, 0.0, 0.0, 0.0, 0.0, 0.0, 1.0, 1.0, 1.0, 1.0, 1.0, 0.0, 0.0, 1.0, 1.0, 1.0, 0.0, 1.0, 1.0, 1.0, 1.0, 0.0, 0.0, 0.0, 1.0, 1.0, 1.0, 1.0, 1.0, 0.0, 0.0, 0.0, 1.0, 0.0, 0.0, 1.0, 0.0, 0.0, 0.0, 1.0, 0.0, 0.0, 1.0, 0.0, 1.0, 1.0, 1.0, 0.0, 0.0, 0.0, 1.0, 0.0, 1.0, 1.0, 1.0, 0.0, 1.0, 0.0, 1.0, 1.0, 1.0, 1.0, 1.0, 0.0, 1.0, 0.0, 1.0, 0.0, 0.0, 1.0, 1.0, 1.0, 1.0, 1.0, 0.0, 1.0, 0.0, 1.0, 0.0, 0.0, 1.0, 1.0, 0.0, 1.0, 0.0, 1.0, 1.0, 0.0, 0.0, 1.0, 0.0, 1.0, 0.0, 0.0, 1.0, 0.0, 1.0, 0.0, 1.0, 0.0, 1.0, 0.0, 0.0, 0.0, 1.0, 1.0, 1.0, 0.0, 0.0, 0.0, 1.0, 0.0, 1.0, 0.0, 1.0, 0.0, 0.0, 0.0, 1.0, 0.0, 0.0, 1.0, 0.0, 0.0, 0.0, 0.0, 1.0, 1.0, 1.0, 1.0, 0.0, 1.0, 1.0, 0.0, 1.0, 0.0, 0.0, 1.0, 0.0, 0.0, 1.0, 0.0, 0.0, 1.0, 0.0, 1.0, 0.0, 0.0, 0.0, 1.0, 1.0, 0.0, 0.0, 0.0, 0.0, 1.0, 1.0, 1.0, 1.0, 0.0, 1.0, 0.0, 1.0, 0.0, 0.0, 0.0, 1.0, 1.0, 1.0, 0.0, 0.0, 0.0, 1.0, 1.0, 0.0, 0.0, 1.0, 0.0, 1.0, 0.0, 1.0, 1.0, 1.0, 1.0, 0.0, 1.0, 1.0, 1.0, 0.0, 1.0, 0.0, 0.0, 1.0, 0.0, 1.0, 1.0, 1.0, 1.0, 0.0, 0.0, 0.0, 0.0, 0.0, 0.0, 0.0, 1.0, 1.0, 1.0, 0.0, 0.0, 1.0, 0.0, 0.0, 1.0, 0.0, 1.0, 0.0, 1.0, 0.0, 0.0, 1.0, 0.0, 0.0, 0.0, 1.0, 1.0, 0.0, 1.0, 1.0, 1.0, 0.0, 1.0, 1.0, 1.0, 1.0, 0.0, 0.0, 0.0, 0.0, 1.0, 1.0, 1.0, 1.0, 0.0, 1.0, 0.0, 0.0, 1.0, 0.0, 0.0, 1.0, 1.0, 1.0, 1.0, 1.0, 1.0, 0.0, 0.0, 1.0, 1.0, 0.0, 1.0, 0.0, 1.0, 0.0, 0.0, 1.0, 1.0, 0.0, 0.0, 1.0, 1.0, 0.0, 1.0, 1.0, 1.0, 0.0, 0.0, 0.0, 1.0, 0.0, 0.0, 0.0, 1.0, 1.0, 1.0, 1.0, 1.0, 1.0, 1.0, 1.0, 1.0, 0.0, 1.0, 0.0, 1.0, 0.0, 0.0, 0.0, 1.0, 0.0, 1.0, 0.0, 1.0, 1.0, 0.0, 1.0, 1.0, 1.0, 0.0, 1.0, 1.0, 0.0, 0.0, 0.0, 1.0, 1.0, 0.0, 1.0, 0.0, 1.0, 0.0, 1.0, 0.0, 1.0, 1.0, 1.0, 0.0, 0.0, 0.0, 0.0, 1.0, 1.0, 1.0, 1.0, 0.0, 0.0, 1.0, 0.0, 0.0, 1.0, 0.0, 1.0, 0.0, 0.0, 0.0, 0.0, 0.0, 1.0, 0.0, 0.0, 0.0, 1.0, 1.0, 0.0, 1.0, 1.0, 1.0, 0.0, 1.0, 0.0, 0.0, 1.0, 0.0, 0.0, 1.0, 1.0, 0.0, 0.0, 0.0, 0.0, 1.0, 0.0, 0.0, 0.0, 0.0, 0.0, 1.0, 1.0, 0.0, 0.0, 1.0, 1.0, 0.0, 0.0, 0.0, 0.0, 0.0, 1.0, 0.0, 1.0, 0.0, 1.0, 1.0, 0.0, 1.0, 1.0, 1.0, 1.0, 1.0, 0.0, 0.0, 0.0, 0.0, 1.0, 1.0, 1.0, 0.0, 1.0, 0.0, 0.0, 0.0, 0.0, 1.0, 0.0, 1.0, 0.0, 0.0, 1.0, 1.0, 1.0, 1.0, 1.0, 0.0, 0.0, 0.0, 1.0, 0.0, 1.0, 1.0, 1.0, 1.0, 1.0, 0.0, 1.0, 1.0, 1.0, 1.0, 1.0, 1.0, 0.0, 1.0, 1.0, 0.0, 1.0, 1.0, 0.0, 1.0, 1.0, 1.0, 1.0, 0.0, 0.0, 1.0, 1.0, 1.0, 0.0, 1.0, 1.0, 0.0, 0.0, 0.0, 0.0, 1.0, 1.0, 1.0, 1.0, 0.0, 1.0, 1.0, 1.0, 1.0, 1.0, 1.0, 1.0, 1.0, 1.0, 0.0, 0.0, 0.0, 1.0, 1.0, 1.0, 1.0, 1.0, 0.0, 0.0, 0.0, 0.0, 1.0, 1.0, 0.0, 1.0, 1.0, 1.0, 1.0, 0.0, 1.0, 0.0, 0.0, 1.0, 1.0, 1.0, 0.0, 0.0, 0.0, 0.0, 1.0, 1.0, 1.0, 0.0, 0.0, 1.0, 0.0, 1.0, 1.0, 0.0, 0.0, 1.0, 0.0, 1.0, 1.0, 0.0, 0.0, 1.0, 0.0, 0.0, 1.0, 0.0, 0.0, 1.0, 0.0, 0.0, 1.0, 1.0, 1.0, 0.0, 0.0, 0.0, 0.0, 1.0, 0.0, 1.0, 0.0, 0.0, 0.0, 0.0, 0.0, 0.0, 1.0, 1.0, 0.0, 1.0, 1.0, 0.0, 0.0, 0.0, 0.0, 0.0, 1.0, 1.0, 1.0, 1.0, 0.0, 1.0, 1.0, 0.0, 0.0, 0.0, 1.0, 0.0, 1.0, 0.0, 1.0, 1.0, 1.0, 0.0, 1.0, 1.0, 1.0, 0.0, 1.0, 0.0, 0.0, 0.0, 0.0, 0.0, 1.0, 1.0, 1.0, 0.0, 1.0, 0.0, 0.0, 1.0, 0.0, 0.0, 1.0, 0.0, 0.0, 0.0, 1.0, 1.0, 1.0, 0.0, 1.0, 0.0, 1.0, 0.0, 1.0, 0.0, 1.0, 1.0, 1.0, 1.0, 0.0, 0.0, 1.0, 0.0, 1.0, 1.0, 0.0, 0.0, 0.0, 1.0, 1.0, 0.0, 0.0, 0.0, 1.0, 0.0, 1.0, 1.0, 0.0, 0.0, 0.0, 1.0, 0.0, 1.0, 0.0, 1.0, 1.0, 0.0, 1.0, 1.0, 0.0, 1.0, 1.0, 0.0, 0.0, 1.0, 1.0, 0.0, 0.0, 0.0, 0.0, 0.0, 0.0, 0.0, 1.0, 1.0, 0.0, 0.0, 1.0, 0.0, 1.0, 1.0, 1.0, 0.0, 0.0, 0.0, 1.0, 1.0, 0.0, 0.0, 1.0, 1.0, 1.0, 0.0, 1.0, 1.0, 0.0, 1.0, 0.0, 0.0, 1.0, 0.0, 0.0, 1.0, 0.0, 1.0, 0.0, 0.0, 1.0, 0.0, 0.0, 1.0, 0.0, 1.0, 0.0, 1.0, 0.0, 0.0, 0.0, 1.0, 0.0, 1.0, 0.0, 0.0, 0.0, 0.0, 0.0, 1.0, 0.0]","['lNONHSAG000241', 'lNONHSAG000381', 'lNONHSAG000840', 'lNONHSAG001142', 'lNONHSAG001724', 'lNONHSAG002549', 'lNONHSAG003820', 'lNONHSAG003976', 'lNONHSAG004373', 'lNONHSAG004743', 'lNONHSAG005732', 'lNONHSAG007455', 'lNONHSAG007631', 'lNONHSAG009021', 'lNONHSAG009228', 'lNONHSAG009546', 'lNONHSAG009782', 'lNONHSAG009913', 'lNONHSAG009938', 'lNONHSAG010021', 'lNONHSAG010117', 'lNONHSAG010189', 'lNONHSAG010352', 'lNONHSAG011084', 'lNONHSAG011264', 'lNONHSAG011870', 'lNONHSAG012077', 'lNONHSAG012375', 'lNONHSAG012423', 'lNONHSAG012549', 'lNONHSAG015692', 'lNONHSAG015723', 'lNONHSAG016199', 'lNONHSAG016611', 'lNONHSAG016618', 'lNONHSAG016623', 'lNONHSAG017344', 'lNONHSAG018341', 'lNONHSAG018420', 'lNONHSAG018635', 'lNONHSAG018659', 'lNONHSAG019023', 'lNONHSAG019813', 'lNONHSAG019878', 'lNONHSAG019967', 'lNONHSAG020066', 'lNONHSAG020372', 'lNONHSAG020729', 'lNONHSAG021072', 'lNONHSAG021400', 'lNONHSAG021431', 'lNONHSAG021432', 'lNONHSAG021780', 'lNONHSAG021981', 'lNONHSAG022009', 'lNONHSAG022103', 'lNONHSAG022125', 'lNONHSAG022510', 'lNONHSAG022851', 'lNONHSAG023633', 'lNONHSAG024818', 'lNONHSAG024923', 'lNONHSAG025157', 'lNONHSAG025185', 'lNONHSAG025712', 'lNONHSAG025867', 'lNONHSAG026743', 'lNONHSAG029336', 'lNONHSAG029467', 'lNONHSAG029880', 'lNONHSAG029957', 'lNONHSAG031481', 'lNONHSAG031900', 'lNONHSAG031913', 'lNONHSAG032735', 'lNONHSAG033027', 'lNONHSAG033105', 'lNONHSAG033254', 'lNONHSAG033645', 'lNONHSAG033716', 'lNONHSAG033862', 'lNONHSAG033896', 'lNONHSAG034508', 'lNONHSAG034678', 'lNONHSAG035103', 'lNONHSAG035287', 'lNONHSAG035919', 'lNONHSAG039749', 'lNONHSAG040542', 'lNONHSAG040560', 'lNONHSAG040601', 'lNONHSAG042033', 'lNONHSAG042062', 'lNONHSAG042957', 'lNONHSAG044022', 'lNONHSAG044624', 'lNONHSAG045131', 'lNONHSAG047182', 'lNONHSAG047619', 'lNONHSAG047796', 'lNONHSAG047840', 'lNONHSAG048189', 'lNONHSAG048191', 'lNONHSAG048201', 'lNONHSAG048231', 'lNONHSAG048354', 'lNONHSAG048610', 'lNONHSAG048624', 'lNONHSAG048781', 'lNONHSAG049050', 'lNONHSAG049129', 'lNONHSAG049421', 'lNONHSAG050167', 'lNONHSAG050168', 'lNONHSAG051166', 'lNONHSAG051448', 'lNONHSAG052609', 'lNONHSAG052925', 'lNONHSAG052929', 'lNONHSAG053082', 'lNONHSAG053716', 'lNONHSAG053719', 'lNONHSAG053842', 'lNONHSAG054212', 'lNONHSAG054807', 'lNONHSAG055577', 'lNONHSAG056875', 'lNONHSAG058128', 'lNONHSAG072945', 'lNONHSAG073406', 'lNONHSAG081227', 'lNONHSAG096130', 'lNONHSAG112396', 'lENSG00000171889', 'lENSG00000231019', 'lENSG00000233387', 'lENSG00000234455', 'lENSG00000237167', 'lENSG00000237880', 'lENSG00000242207', 'lENSG00000257557', 'lENSG00000258197', 'lENSG00000267296', 'lENSG00000286004', 'lCRNDE', 'lFEZF1-AS1', 'lHOXA-AS3', 'lMEG3', 'lCTD-2195B23.3', 'lRP11-104E19.1', 'lRP11-227H15.4', 'lRP5-1074L1.1', 'lRP11-408H20.2', 'lNONHSAG000969', 'lNONHSAG000994', 'lNONHSAG002790', 'lNONHSAG004507', 'lNONHSAG005249', 'lNONHSAG005809', 'lNONHSAG005856', 'lNONHSAG005986', 'lNONHSAG006091', 'lNONHSAG006188', 'lNONHSAG006591', 'lNONHSAG006830', 'lNONHSAG006837', 'lNONHSAG006855', 'lNONHSAG007000', 'lNONHSAG007139', 'lNONHSAG007222', 'lNONHSAG007242', 'lNONHSAG007638', 'lENSG00000223381', 'lENSG00000223598', 'lENSG00000223643', 'lENSG00000223870', 'lENSG00000223966', 'lENSG00000224087', 'lENSG00000224645', 'lENSG00000224857', 'lENSG00000225647', 'lENSG00000225751', 'lENSG00000225919', 'lENSG00000226089', 'lENSG00000226238', 'lENSG00000226601', 'lENSG00000226647', 'lENSG00000227930', 'lENSG00000229162', 'lENSG00000229224', 'lENSG00000229444', 'lENSG00000229688', 'lENSG00000230212', 'lENSG00000232197', 'lENSG00000232806', 'lENSG00000233574', 'lENSG00000234021', 'lENSG00000234690', 'lENSG00000234714', 'lENSG00000235035', 'lENSG00000235168', 'lENSG00000235262', 'lENSG00000235503', 'lENSG00000235533', 'lENSG00000236109', 'lENSG00000237293', 'lENSG00000237435', 'lENSG00000237463', 'lENSG00000237494', 'lENSG00000237768', 'lENSG00000237937', 'lENSG00000239314', 'lENSG00000240354', 'lENSG00000240868', 'lENSG00000242568', 'lENSG00000248358', 'lENSG00000248802', 'lENSG00000249066', 'lENSG00000249605', 'lENSG00000250698', 'lENSG00000250761', 'lENSG00000251088', 'lENSG00000251438', 'lENSG00000253526', 'lENSG00000253577', 'lENSG00000253616', 'lENSG00000253976', 'lENSG00000254031', 'lENSG00000254043', 'lENSG00000254263', 'lENSG00000254330', 'lENSG00000254921', 'lENSG00000255027', 'lENSG00000255241', 'lENSG00000255252', 'lENSG00000255300', 'lENSG00000255343', 'lENSG00000255388', 'lENSG00000255487', 'lENSG00000255893', 'lENSG00000256364', 'lENSG00000256897', 'lENSG00000257634', 'lENSG00000257682', 'lENSG00000257904', 'lENSG00000258108', 'lENSG00000258520', 'lENSG00000258610', 'lENSG00000258657', 'lENSG00000258850', 'lENSG00000258869', 'lENSG00000258892', 'lENSG00000258944', 'lENSG00000259187', 'lENSG00000259256', 'lENSG00000259265', 'lENSG00000259290', 'lENSG00000259595', 'lENSG00000259649', 'lENSG00000260058', 'lENSG00000260190', 'lENSG00000260237', 'lENSG00000261070', 'lENSG00000261332', 'lENSG00000262434', 'lENSG00000262777', 'lENSG00000263765', 'lENSG00000264023', 'lENSG00000264066', 'lENSG00000264151', 'lENSG00000266311', 'lENSG00000266877', 'lENSG00000267028', 'lENSG00000267437', 'lENSG00000267617', 'lENSG00000268069', 'lENSG00000268292', 'lENSG00000268798', 'lENSG00000269350', 'lENSG00000269578', 'lENSG00000273110', 'lENSG00000273198', 'lENSG00000273226', 'lENSG00000274737', 'lENSG00000275356', 'lENSG00000275638', 'lENSG00000275963', 'lENSG00000276054', 'lENSG00000276266', 'lENSG00000277173', 'lENSG00000280870', 'lENSG00000284846', 'lENSG00000285117', 'lENSG00000286093', 'lENSG00000286357', 'lENSG00000286735', 'lENSG00000286759', 'lENSG00000286776', 'lENSG00000286822', 'lENSG00000286838', 'lENSG00000287020', 'lENSG00000287128', 'lENSG00000287159', 'lENSG00000287191', 'lENSG00000287321', 'lENSG00000287451', 'lENSG00000287456', 'lENSG00000287511', 'lENSG00000287691', 'lENSG00000225393', 'lENSG00000228538', 'lENSG00000229458', 'lENSG00000230600', 'lENSG00000234810', 'lENSG00000250481', 'lENSG00000250948', 'lENSG00000258949', 'lENSG00000259222', 'lENSG00000259255', 'lENSG00000260983', 'lENSG00000261775', 'lMIR145', 'lCDKN2B-AS']","[0.0, 0.0, 1.0, 0.0, 0.0, 0.0, 1.0, 0.0, 1.0, 1.0, 1.0, 1.0, 1.0, 1.0, 0.0, 1.0, 0.0, 0.0, 1.0, 1.0, 1.0, 0.0, 1.0, 1.0, 1.0, 1.0, 1.0, 0.0, 0.0, 1.0, 1.0, 1.0, 0.0, 0.0, 0.0, 1.0, 0.0, 1.0, 0.0, 0.0, 1.0, 0.0, 1.0, 0.0, 1.0, 1.0, 0.0, 1.0, 1.0, 0.0, 0.0, 0.0, 0.0, 1.0, 0.0, 0.0, 0.0, 1.0, 0.0, 0.0, 1.0, 0.0, 1.0, 1.0, 0.0, 0.0, 1.0, 1.0, 1.0, 1.0, 0.0, 0.0, 0.0, 1.0, 0.0, 1.0, 0.0, 1.0, 0.0, 0.0, 0.0, 0.0, 1.0, 0.0, 1.0, 0.0, 0.0, 1.0, 0.0, 1.0, 1.0, 0.0, 0.0, 0.0, 0.0, 0.0, 1.0, 0.0, 1.0, 1.0, 0.0, 1.0, 0.0, 1.0, 1.0, 0.0, 0.0, 1.0, 0.0, 0.0, 1.0, 1.0, 0.0, 1.0, 0.0, 1.0, 1.0, 1.0, 1.0, 1.0, 1.0, 0.0, 1.0, 1.0, 0.0, 0.0, 1.0, 1.0, 0.0, 1.0, 0.0, 0.0, 1.0, 0.0, 1.0, 0.0, 0.0, 1.0, 0.0, 0.0, 1.0, 0.0, 0.0, 1.0, 0.0, 1.0, 1.0, 1.0, 0.0, 1.0, 0.0, 0.0, 0.0, 0.0, 1.0, 1.0, 0.0, 0.0, 0.0, 1.0, 1.0, 0.0, 1.0, 0.0, 0.0, 1.0, 0.0, 0.0, 1.0, 1.0, 1.0, 0.0, 1.0, 0.0, 1.0, 1.0, 1.0, 0.0, 0.0, 1.0, 1.0, 1.0, 1.0, 0.0, 1.0, 0.0, 1.0, 1.0, 0.0, 1.0, 1.0, 1.0, 1.0, 0.0, 0.0, 1.0, 1.0, 0.0, 0.0, 1.0, 0.0, 0.0, 1.0, 1.0, 0.0, 1.0, 0.0, 0.0, 0.0, 0.0, 1.0, 0.0, 1.0, 1.0, 1.0, 1.0, 0.0, 1.0, 0.0, 1.0, 1.0, 0.0, 1.0, 1.0, 1.0, 1.0, 1.0, 1.0, 1.0, 1.0, 1.0, 0.0, 1.0, 1.0, 0.0, 1.0, 0.0, 0.0, 0.0, 1.0, 0.0, 1.0, 1.0, 0.0, 1.0, 0.0, 0.0, 0.0, 1.0, 0.0, 1.0, 0.0, 0.0, 1.0, 0.0, 0.0, 1.0, 1.0, 0.0, 1.0, 1.0, 0.0, 1.0, 1.0, 1.0, 0.0, 0.0, 0.0, 1.0, 0.0, 0.0, 0.0, 0.0, 0.0, 0.0, 0.0, 0.0, 1.0, 0.0, 0.0, 0.0, 0.0, 1.0, 0.0, 0.0, 1.0, 1.0, 1.0, 0.0, 1.0, 0.0, 1.0, 0.0, 0.0, 0.0, 1.0, 1.0, 0.0, 1.0, 1.0, 1.0, 0.0, 1.0, 1.0, 0.0, 0.0, 1.0, 0.0, 0.0, 1.0, 0.0, 0.0, 1.0, 1.0, 0.0, 0.0, 0.0, 1.0, 0.0, 1.0, 0.0, 0.0, 1.0]","[0, 1, 1, 0, 0, 1, 1, 0, 0, 0, 1, 1, 0, 0, 0, 1, 0, 1, 0, 0, 0, 0, 1, 1, 1, 0, 1, 0, 0, 1, 1, 0, 1, 1, 1, 0, 1, 1, 0, 1, 1, 0, 1, 1, 1, 1, 0, 0, 0, 1, 1, 1, 0, 1, 0, 1, 1, 0, 0, 1, 0, 1, 0, 0, 1, 1, 1, 0, 0, 1, 1, 1, 1, 1, 1, 0, 0, 1, 0, 0, 0, 0, 1, 1, 1, 0, 1, 0, 0, 1, 0, 1, 1, 0, 1, 0, 1, 1, 1, 0, 0, 0, 1, 1, 0, 1, 0, 1, 0, 1, 0, 0, 1, 1, 1, 0, 0, 1, 1, 1, 0, 0, 0, 1, 0, 1, 0, 0, 1, 0, 0, 1, 1, 0, 1, 1, 0, 1, 0, 0, 1, 1, 0, 0, 1, 1, 0, 1, 0, 0, 1, 0, 0, 1, 1, 1, 1, 1, 1, 1, 1, 0, 1, 1, 1, 1, 1, 0, 1, 1, 0, 1, 1, 1, 0, 1, 1, 1, 0, 0, 1, 0, 0, 0, 1, 0, 0, 0, 1, 1, 1, 1, 1, 1, 1, 0, 1, 0, 0, 0, 0, 1, 1, 1, 1, 0, 1, 1, 0, 1, 1, 0, 0, 1, 0, 1, 0, 1, 0, 1, 1, 1, 0, 1, 1, 0, 1, 0, 0, 1, 1, 1, 0, 1, 1, 0, 1, 0, 1, 1, 1, 0, 0, 0, 1, 1, 0, 1, 0, 0, 1, 0, 1, 1, 1, 1, 0, 0, 0, 1, 1, 0, 1, 1, 0, 1, 1, 0, 0, 0, 0, 0, 0, 1, 0, 0, 1, 1, 1, 1, 0, 0, 1, 1, 0, 0, 1, 0, 1, 0, 0, 0, 0, 1, 1, 0, 1, 1, 1, 0, 1, 1, 1, 0, 0, 1, 1, 0, 1, 1, 0, 0, 0, 1, 1, 0, 1, 1, 1, 0, 1, 1, 0]","[-0.10008249651929255, 0.4027794339694928, 0.01504930494576387, -0.05888650340420007, -0.30908823858845635, 0.014500865433098281, 0.20405433893147398, -0.00069939705769137, -0.10445473218574117, -0.4012868034249417, 0.011437105371856299, 0.12449264957455089, -0.1602880210822459, -0.003099580983863176, -0.09099154705887333, 0.16711574649149766, -0.25253855231604816, 0.06369390984050563, -0.22292638022477204, -0.11633581497227105, -0.24242884644858284, -0.1641549421548125, 0.17902519324683766, 0.19234355337197043, 0.1979888522270075, -0.13901015503041123, 0.10435438908783803, -0.090492555213989, -0.007834361592870404, 0.054574533163289446, 0.2417852377873049, -0.12231018393329338, 0.09393592243942298, 0.042664108811085094, 0.017818254625009883, -0.0941265338991217, 0.23309680463065854, 0.15601409301231975, -0.0789963103751101, 0.15048970761109295, 0.24729812587870395, -0.018501285358111214, 0.04357734050719378, 0.06586183577746121, 0.09442033749707981, 0.10167750538865475, -0.10826089492618271, -0.17274756272258493, -0.03112410502955429, 0.11926312279987153, 0.4227201516028243, 0.08716658158490434, -0.15261027939970948, 0.11687764931623804, -0.0847865989501628, 0.06970324159452371, 0.24474780505638918, -0.0830920475618446, -0.009829857852557494, 0.2229218079570419, -0.042512722471380576, 0.03279520142543893, -0.14935678982545417, -0.06363679655872609, 0.21293528219084282, 0.05574612093502543, 0.0947787088158141, -0.0004493616024030256, -0.29563313167090244, 0.19809571072689394, 0.197270102987303, 0.054407606757581634, 0.07759850524856285, 0.19417757778769865, 0.030938215042533274, -0.12108800035820463, -0.09688457867904773, 0.011549025454007183, -0.018741445096512627, -0.042149967022481166, -0.13309135389554935, -0.06548350591128946, 0.09675869433707066, 0.14580596632308154, 0.371769269429868, -0.0371261998561738, 0.1274806593595559, -0.01398800944287057, -0.17229468870840423, 0.19621167524990815, -0.03949508633677665, 0.10266945076113723, 0.16549863412793034, -0.11396294683469474, 0.02676669254364919, -0.04377438137569031, 0.17900602821299375, 0.20221603051078166, 0.033142164439630833, -0.2313890689830089, -0.00868564064421326, -0.02224074039790211, 0.1450683288179813, 0.14048824190379675, -0.13443534200780213, 0.04931941904171458, -0.1725571058792201, 0.025075209550928595, -0.16191856441133032, 0.07535553079787441, -0.10203636350179021, -0.27043083412391966, 0.07479585275572001, 0.07267597469272749, 0.1798276416812337, -0.14677788153930102, -0.20104074874224384, 0.05229783961717452, 0.1405208212928837, 0.09308474478389453, -0.27875298771386947, -0.11773122801546274, -0.104222752658065, 0.2854961976915311, -0.14858480216562794, 0.19336042081506014, -0.30492078734845873, -0.03407220514168438, 0.023895660813517933, -0.03873552785812004, -0.5333491990334223, 0.07849173065665463, 0.04477883173722466, -0.18578238270309042, 0.08667453830530539, 0.08751128388425292, -0.05716687200880363, 0.13751703847965116, -0.09840619946837378, -0.023359429189992315, 0.0016855525472896649, 0.1844124715673681, -0.4549209379754877, -0.12091673106101439, 0.09244911303063688, 0.06431027857681151, -0.349606714652581, 0.020710669222113537, -0.1614242966210264, -0.02500251105980375, 0.17929100514115184, -0.10181314222225454, -0.20492640093332135, 0.13841345709778066, 0.06502078825016191, 0.26848445029858525, 0.13032181619083952, 0.1394720188886878, 0.061740954558278355, 0.020136265578079265, 0.06306200518830998, -0.05646874745006, 0.19302828286520793, 0.11583469536747407, 0.2943818502820872, 0.29927709229176924, 0.19495510921579953, -0.2660522808255006, 0.16570138464719555, 0.09124667833003988, -0.10523341122368388, 0.30168266123499143, 0.05655201333885332, 0.005061784546929876, -0.008807204624073445, 0.06566622726530305, 0.19925838431306644, 0.15544791112304449, -0.08049334068316913, -0.026961438603715332, 0.2103704808697662, -0.03322181606390259, -0.2551559350138619, -0.2612060155815421, 0.1681981054123123, -0.28990359549584377, -0.046788022328796613, -0.08051866870478383, 0.15668318777830084, 0.3820875955083589, 0.03251098662288435, 0.04019419706211538, 0.09864183810650376, 0.066751800617771, 0.06531791094157782, -0.009830895268060774, 0.12240262881864686, -0.010009666658385735, -0.2599779113507832, -0.18571271086243055, -0.13066282817980576, 0.16363251324803077, 0.18079260107321973, 0.19837996394208027, 0.10963215777717997, -0.1331483314694781, 0.17380988429290437, 0.03344337354381713, -0.10089609316255485, 0.4121875185354116, 0.21106576583614547, -0.16547751981894906, -0.16985174528763933, 0.07166052095939948, -0.11471112604394149, 0.03468463655971979, -0.19367863154976137, 0.012558685425822863, -0.011994475561748458, 0.03541923918662862, 0.18026435334719818, 0.268153078140559, -0.030513277425393087, 0.38976067444416507, 0.015534457920792805, -0.01991995372754715, 0.09750416739285608, -0.1513882553442538, -0.06632553466811394, 0.030826984637470717, 0.10954307665991195, 0.025164116476926318, -0.1381674875405807, 0.01925530919332122, 0.16493833496449264, -0.08626755433113617, 0.16337579482422962, -0.016610616760700497, 0.07324380750193019, 0.2948652244909724, 0.5523150034132935, -0.260170579577401, -0.009834716957986628, -0.22593786557153736, 0.1759494225748777, 0.1354032166631918, -0.19614284416504832, 0.1848219198805652, -0.04507655038582234, -0.17691874271690253, 0.0779893678719368, -0.5178992599292036, 0.18534376823187973, 0.22535864388891438, 0.193590138471788, 0.0934433641202144, -0.10261700829435424, -0.18918343178881944, -0.20640483699720066, 0.04532256761165268, 0.10235020745684989, -0.4171995038809395, 0.007400866601493111, 0.21938924845073585, -0.06892536471224206, 0.010473069456573808, 0.1974619239186726, -0.16061185445764467, -0.03722515734188578, -0.010528771051034197, -0.14957057964580864, -0.0774052854244218, -0.17900240204211368, 0.035186213093838764, -0.1535420009133663, -0.26759070173648936, 0.009658366549908842, 0.06167305667545245, 0.15254173318401845, 0.054821547265981235, -0.3114584663285107, -0.22431805367141397, 0.10456947634382255, 0.05104068209504778, -0.01708983396324168, -0.10588125536025192, 0.08919679814177942, -0.08899693810337636, 0.08704969891845662, -0.002684971709047995, -0.1475873973613326, -0.12980456262612636, -0.005027106154673805, 0.002647640347311936, 0.16363615365408204, -0.27189488627853575, 0.22416775906064082, 0.017436393136844225, 0.019572356833250898, -0.1928394859847666, 0.13572713359824576, 0.23118523608630495, 0.026658015132038387, -0.046149040262246394, -0.035923084932154764, 0.042072504621922385, 0.029697000754197483, -0.12868674946915146, 0.11089111641411112, 0.13090285307900176, -0.15546257707949548, -0.034190809453525456, -0.16231976544316026, 0.2009274812402773, 0.12512092912321984, -0.21890316012750619, 0.20850732801130237, 0.12146225376447697, 0.2722108276584778, -0.04172326907636423, 0.12493809125810953, 0.7771088215064184, -0.10978025493981655]"
4,"['lNONHSAG000008', 'lNONHSAG000047', 'lNONHSAG000059', 'lNONHSAG000069', 'lNONHSAG000130', 'lNONHSAG000158', 'lNONHSAG000195', 'lNONHSAG000241', 'lNONHSAG000253', 'lNONHSAG000310', 'lNONHSAG000311', 'lNONHSAG000374', 'lNONHSAG000381', 'lNONHSAG000464', 'lNONHSAG000484', 'lNONHSAG000498', 'lNONHSAG000579', 'lNONHSAG000584', 'lNONHSAG000625', 'lNONHSAG000742', 'lNONHSAG000769', 'lNONHSAG000840', 'lNONHSAG000843', 'lNONHSAG000863', 'lNONHSAG000884', 'lNONHSAG000918', 'lNONHSAG000938', 'lNONHSAG000967', 'lNONHSAG001142', 'lNONHSAG001172', 'lNONHSAG001238', 'lNONHSAG001247', 'lNONHSAG001259', 'lNONHSAG001278', 'lNONHSAG001284', 'lNONHSAG001360', 'lNONHSAG001375', 'lNONHSAG001448', 'lNONHSAG001468', 'lNONHSAG001499', 'lNONHSAG001513', 'lNONHSAG001696', 'lNONHSAG001724', 'lNONHSAG001773', 'lNONHSAG001837', 'lNONHSAG001941', 'lNONHSAG001993', 'lNONHSAG002056', 'lNONHSAG002086', 'lNONHSAG002134', 'lNONHSAG002135', 'lNONHSAG002343', 'lNONHSAG002359', 'lNONHSAG002376', 'lNONHSAG002378', 'lNONHSAG002490', 'lNONHSAG002549', 'lNONHSAG002617', 'lNONHSAG002669', 'lNONHSAG002701', 'lNONHSAG002719', 'lNONHSAG002731', 'lNONHSAG002752', 'lNONHSAG002859', 'lNONHSAG002883', 'lNONHSAG002978', 'lNONHSAG003053', 'lNONHSAG003056', 'lNONHSAG003068', 'lNONHSAG003074', 'lNONHSAG003077', 'lNONHSAG003119', 'lNONHSAG003134', 'lNONHSAG003156', 'lNONHSAG003198', 'lNONHSAG003244', 'lNONHSAG003260', 'lNONHSAG003269', 'lNONHSAG003303', 'lNONHSAG003374', 'lNONHSAG003504', 'lNONHSAG003645', 'lNONHSAG003820', 'lNONHSAG003874', 'lNONHSAG003884', 'lNONHSAG003886', 'lNONHSAG003900', 'lNONHSAG003911', 'lNONHSAG003912', 'lNONHSAG003938', 'lNONHSAG003957', 'lNONHSAG003976', 'lNONHSAG004013', 'lNONHSAG004026', 'lNONHSAG004054', 'lNONHSAG004247', 'lNONHSAG004303', 'lNONHSAG004305', 'lNONHSAG004373', 'lNONHSAG004619', 'lNONHSAG004673', 'lNONHSAG004674', 'lNONHSAG004714', 'lNONHSAG004743', 'lNONHSAG004779', 'lNONHSAG004868', 'lNONHSAG005084', 'lNONHSAG005339', 'lNONHSAG005377', 'lNONHSAG005403', 'lNONHSAG005482', 'lNONHSAG005669', 'lNONHSAG005699', 'lNONHSAG005711', 'lNONHSAG005721', 'lNONHSAG005728', 'lNONHSAG005732', 'lNONHSAG005742', 'lNONHSAG005780', 'lNONHSAG005838', 'lNONHSAG005866', 'lNONHSAG006007', 'lNONHSAG006049', 'lNONHSAG006050', 'lNONHSAG006054', 'lNONHSAG006071', 'lNONHSAG006163', 'lNONHSAG006204', 'lNONHSAG006212', 'lNONHSAG006238', 'lNONHSAG006301', 'lNONHSAG006341', 'lNONHSAG006454', 'lNONHSAG006457', 'lNONHSAG006474', 'lNONHSAG006477', 'lNONHSAG006526', 'lNONHSAG006633', 'lNONHSAG006678', 'lNONHSAG006692', 'lNONHSAG006735', 'lNONHSAG006763', 'lNONHSAG006772', 'lNONHSAG006865', 'lNONHSAG006945', 'lNONHSAG006966', 'lNONHSAG007109', 'lNONHSAG007324', 'lNONHSAG007384', 'lNONHSAG007430', 'lNONHSAG007431', 'lNONHSAG007434', 'lNONHSAG007455', 'lNONHSAG007463', 'lNONHSAG007487', 'lNONHSAG007538', 'lNONHSAG007602', 'lNONHSAG007631', 'lNONHSAG007692', 'lNONHSAG007708', 'lNONHSAG007715', 'lNONHSAG007868', 'lNONHSAG007961', 'lNONHSAG007983', 'lNONHSAG007984', 'lNONHSAG008015', 'lNONHSAG008037', 'lNONHSAG008056', 'lNONHSAG008199', 'lNONHSAG008220', 'lNONHSAG008354', 'lNONHSAG008517', 'lNONHSAG008540', 'lNONHSAG008552', 'lNONHSAG008589', 'lNONHSAG008615', 'lNONHSAG008654', 'lNONHSAG008670', 'lNONHSAG008675', 'lNONHSAG008693', 'lNONHSAG008726', 'lNONHSAG008728', 'lNONHSAG008759', 'lNONHSAG008937', 'lNONHSAG008952', 'lNONHSAG008966', 'lNONHSAG009021', 'lNONHSAG009039', 'lNONHSAG009059', 'lNONHSAG009062', 'lNONHSAG009124', 'lNONHSAG009130', 'lNONHSAG009133', 'lNONHSAG009134', 'lNONHSAG009174', 'lNONHSAG009180', 'lNONHSAG009193', 'lNONHSAG009228', 'lNONHSAG009544', 'lNONHSAG009546', 'lNONHSAG009613', 'lNONHSAG009636', 'lNONHSAG009728', 'lNONHSAG009747', 'lNONHSAG009755', 'lNONHSAG009757', 'lNONHSAG009782', 'lNONHSAG009913', 'lNONHSAG009938', 'lNONHSAG009945', 'lNONHSAG009950', 'lNONHSAG009968', 'lNONHSAG009989', 'lNONHSAG010021', 'lNONHSAG010117', 'lNONHSAG010179', 'lNONHSAG010184', 'lNONHSAG010186', 'lNONHSAG010189', 'lNONHSAG010190', 'lNONHSAG010193', 'lNONHSAG010194', 'lNONHSAG010200', 'lNONHSAG010348', 'lNONHSAG010352', 'lNONHSAG010416', 'lNONHSAG010543', 'lNONHSAG010657', 'lNONHSAG010658', 'lNONHSAG010792', 'lNONHSAG010798', 'lNONHSAG010940', 'lNONHSAG010986', 'lNONHSAG010989', 'lNONHSAG011028', 'lNONHSAG011057', 'lNONHSAG011070', 'lNONHSAG011084', 'lNONHSAG011086', 'lNONHSAG011090', 'lNONHSAG011121', 'lNONHSAG011125', 'lNONHSAG011211', 'lNONHSAG011230', 'lNONHSAG011264', 'lNONHSAG011337', 'lNONHSAG011375', 'lNONHSAG011439', 'lNONHSAG011446', 'lNONHSAG011518', 'lNONHSAG011524', 'lNONHSAG011576', 'lNONHSAG011633', 'lNONHSAG011658', 'lNONHSAG011790', 'lNONHSAG011854', 'lNONHSAG011870', 'lNONHSAG011935', 'lNONHSAG012025', 'lNONHSAG012077', 'lNONHSAG012099', 'lNONHSAG012297', 'lNONHSAG012303', 'lNONHSAG012339', 'lNONHSAG012367', 'lNONHSAG012375', 'lNONHSAG012423', 'lNONHSAG012476', 'lNONHSAG012505', 'lNONHSAG012534', 'lNONHSAG012540', 'lNONHSAG012549', 'lNONHSAG012555', 'lNONHSAG012614', 'lNONHSAG012617', 'lNONHSAG012751', 'lNONHSAG012791', 'lNONHSAG013005', 'lNONHSAG013060', 'lNONHSAG013098', 'lNONHSAG013109', 'lNONHSAG013388', 'lNONHSAG013431', 'lNONHSAG013475', 'lNONHSAG013534', 'lNONHSAG013568', 'lNONHSAG013708', 'lNONHSAG013790', 'lNONHSAG013809', 'lNONHSAG013912', 'lNONHSAG013917', 'lNONHSAG013940', 'lNONHSAG013942', 'lNONHSAG013944', 'lNONHSAG013954', 'lNONHSAG013992', 'lNONHSAG014098', 'lNONHSAG014112', 'lNONHSAG014130', 'lNONHSAG014267', 'lNONHSAG014289', 'lNONHSAG014332', 'lNONHSAG014362', 'lNONHSAG014372', 'lNONHSAG014373', 'lNONHSAG014381', 'lNONHSAG014496', 'lNONHSAG014502', 'lNONHSAG014546', 'lNONHSAG014562', 'lNONHSAG014591', 'lNONHSAG014672', 'lNONHSAG014679', 'lNONHSAG014730', 'lNONHSAG014890', 'lNONHSAG014891', 'lNONHSAG014914', 'lNONHSAG015044', 'lNONHSAG015215', 'lNONHSAG015352', 'lNONHSAG015454', 'lNONHSAG015461', 'lNONHSAG015591', 'lNONHSAG015692', 'lNONHSAG015723', 'lNONHSAG015787', 'lNONHSAG015961', 'lNONHSAG016021', 'lNONHSAG016068', 'lNONHSAG016118', 'lNONHSAG016199', 'lNONHSAG016307', 'lNONHSAG016403', 'lNONHSAG016486', 'lNONHSAG016487', 'lNONHSAG016576', 'lNONHSAG016611', 'lNONHSAG016618', 'lNONHSAG016623', 'lNONHSAG016733', 'lNONHSAG016741', 'lNONHSAG016749', 'lNONHSAG016771', 'lNONHSAG016822', 'lNONHSAG016893', 'lNONHSAG017020', 'lNONHSAG017060', 'lNONHSAG017232', 'lNONHSAG017238', 'lNONHSAG017254', 'lNONHSAG017282', 'lNONHSAG017288', 'lNONHSAG017344', 'lNONHSAG017347', 'lNONHSAG017376', 'lNONHSAG017377', 'lNONHSAG017379', 'lNONHSAG017417', 'lNONHSAG017486', 'lNONHSAG017504', 'lNONHSAG017567', 'lNONHSAG017666', 'lNONHSAG017767', 'lNONHSAG017783', 'lNONHSAG017882', 'lNONHSAG017890', 'lNONHSAG017899', 'lNONHSAG018053', 'lNONHSAG018054', 'lNONHSAG018058', 'lNONHSAG018110', 'lNONHSAG018180', 'lNONHSAG018203', 'lNONHSAG018236', 'lNONHSAG018313', 'lNONHSAG018322', 'lNONHSAG018341', 'lNONHSAG018344', 'lNONHSAG018372', 'lNONHSAG018374', 'lNONHSAG018414', 'lNONHSAG018415', 'lNONHSAG018416', 'lNONHSAG018417', 'lNONHSAG018420', 'lNONHSAG018461', 'lNONHSAG018530', 'lNONHSAG018586', 'lNONHSAG018621', 'lNONHSAG018635', 'lNONHSAG018656', 'lNONHSAG018659', 'lNONHSAG018707', 'lNONHSAG018711', 'lNONHSAG018889', 'lNONHSAG018893', 'lNONHSAG018903', 'lNONHSAG018980', 'lNONHSAG019003', 'lNONHSAG019012', 'lNONHSAG019014', 'lNONHSAG019021', 'lNONHSAG019023', 'lNONHSAG019031', 'lNONHSAG019049', 'lNONHSAG019051', 'lNONHSAG019079', 'lNONHSAG019115', 'lNONHSAG019134', 'lNONHSAG019158', 'lNONHSAG019221', 'lNONHSAG019332', 'lNONHSAG019370', 'lNONHSAG019439', 'lNONHSAG019493', 'lNONHSAG019569', 'lNONHSAG019613', 'lNONHSAG019667', 'lNONHSAG019670', 'lNONHSAG019711', 'lNONHSAG019767', 'lNONHSAG019813', 'lNONHSAG019814', 'lNONHSAG019848', 'lNONHSAG019852', 'lNONHSAG019878', 'lNONHSAG019967', 'lNONHSAG020053', 'lNONHSAG020066', 'lNONHSAG020068', 'lNONHSAG020075', 'lNONHSAG020091', 'lNONHSAG020107', 'lNONHSAG020153', 'lNONHSAG020155', 'lNONHSAG020218', 'lNONHSAG020223', 'lNONHSAG020252', 'lNONHSAG020259', 'lNONHSAG020260', 'lNONHSAG020273', 'lNONHSAG020274', 'lNONHSAG020277', 'lNONHSAG020278', 'lNONHSAG020298', 'lNONHSAG020307', 'lNONHSAG020312', 'lNONHSAG020321', 'lNONHSAG020325', 'lNONHSAG020339', 'lNONHSAG020361', 'lNONHSAG020372', 'lNONHSAG020374', 'lNONHSAG020382', 'lNONHSAG020476', 'lNONHSAG020600', 'lNONHSAG020729', 'lNONHSAG020731', 'lNONHSAG020755', 'lNONHSAG020759', 'lNONHSAG020760', 'lNONHSAG020762', 'lNONHSAG020771', 'lNONHSAG020869', 'lNONHSAG020957', 'lNONHSAG020990', 'lNONHSAG021072', 'lNONHSAG021307', 'lNONHSAG021309', 'lNONHSAG021315', 'lNONHSAG021335', 'lNONHSAG021342', 'lNONHSAG021347', 'lNONHSAG021370', 'lNONHSAG021390', 'lNONHSAG021400', 'lNONHSAG021408', 'lNONHSAG021410', 'lNONHSAG021431', 'lNONHSAG021432', 'lNONHSAG021433', 'lNONHSAG021471', 'lNONHSAG021557', 'lNONHSAG021566', 'lNONHSAG021567', 'lNONHSAG021584', 'lNONHSAG021638', 'lNONHSAG021698', 'lNONHSAG021760', 'lNONHSAG021780', 'lNONHSAG021820', 'lNONHSAG021846', 'lNONHSAG021874', 'lNONHSAG021878', 'lNONHSAG021882', 'lNONHSAG021893', 'lNONHSAG021909', 'lNONHSAG021976', 'lNONHSAG021981', 'lNONHSAG022009', 'lNONHSAG022030', 'lNONHSAG022058', 'lNONHSAG022078', 'lNONHSAG022088', 'lNONHSAG022094', 'lNONHSAG022103', 'lNONHSAG022110', 'lNONHSAG022125', 'lNONHSAG022127', 'lNONHSAG022311', 'lNONHSAG022327', 'lNONHSAG022328', 'lNONHSAG022335', 'lNONHSAG022339', 'lNONHSAG022378', 'lNONHSAG022510', 'lNONHSAG022551', 'lNONHSAG022579', 'lNONHSAG022595', 'lNONHSAG022597', 'lNONHSAG022655', 'lNONHSAG022690', 'lNONHSAG022743', 'lNONHSAG022750', 'lNONHSAG022806', 'lNONHSAG022836', 'lNONHSAG022845', 'lNONHSAG022851', 'lNONHSAG022888', 'lNONHSAG022893', 'lNONHSAG022965', 'lNONHSAG022972', 'lNONHSAG022980', 'lNONHSAG022982', 'lNONHSAG023003', 'lNONHSAG023049', 'lNONHSAG023051', 'lNONHSAG023073', 'lNONHSAG023175', 'lNONHSAG023237', 'lNONHSAG023375', 'lNONHSAG023387', 'lNONHSAG023392', 'lNONHSAG023512', 'lNONHSAG023553', 'lNONHSAG023579', 'lNONHSAG023598', 'lNONHSAG023607', 'lNONHSAG023614', 'lNONHSAG023630', 'lNONHSAG023633', 'lNONHSAG023635', 'lNONHSAG023661', 'lNONHSAG023668', 'lNONHSAG023740', 'lNONHSAG023837', 'lNONHSAG023864', 'lNONHSAG023888', 'lNONHSAG023930', 'lNONHSAG023964', 'lNONHSAG024117', 'lNONHSAG024141', 'lNONHSAG024146', 'lNONHSAG024171', 'lNONHSAG024224', 'lNONHSAG024282', 'lNONHSAG024332', 'lNONHSAG024340', 'lNONHSAG024361', 'lNONHSAG024364', 'lNONHSAG024381', 'lNONHSAG024391', 'lNONHSAG024393', 'lNONHSAG024395', 'lNONHSAG024540', 'lNONHSAG024542', 'lNONHSAG024637', 'lNONHSAG024671', 'lNONHSAG024681', 'lNONHSAG024741', 'lNONHSAG024809', 'lNONHSAG024810', 'lNONHSAG024818', 'lNONHSAG024826', 'lNONHSAG024903', 'lNONHSAG024905', 'lNONHSAG024908', 'lNONHSAG024913', 'lNONHSAG024923', 'lNONHSAG024925', 'lNONHSAG024979', 'lNONHSAG025135', 'lNONHSAG025157', 'lNONHSAG025185', 'lNONHSAG025319', 'lNONHSAG025352', 'lNONHSAG025483', 'lNONHSAG025485', 'lNONHSAG025609', 'lNONHSAG025712', 'lNONHSAG025743', 'lNONHSAG025744', 'lNONHSAG025864', 'lNONHSAG025865', 'lNONHSAG025867', 'lNONHSAG025907', 'lNONHSAG025964', 'lNONHSAG025997', 'lNONHSAG026091', 'lNONHSAG026103', 'lNONHSAG026153', 'lNONHSAG026176', 'lNONHSAG026205', 'lNONHSAG026274', 'lNONHSAG026364', 'lNONHSAG026575', 'lNONHSAG026599', 'lNONHSAG026631', 'lNONHSAG026661', 'lNONHSAG026720', 'lNONHSAG026721', 'lNONHSAG026737', 'lNONHSAG026743', 'lNONHSAG026781', 'lNONHSAG026794', 'lNONHSAG026852', 'lNONHSAG026854', 'lNONHSAG027017', 'lNONHSAG027075', 'lNONHSAG027110', 'lNONHSAG027276', 'lNONHSAG027278', 'lNONHSAG027323', 'lNONHSAG027342', 'lNONHSAG027374', 'lNONHSAG027421', 'lNONHSAG027482', 'lNONHSAG027598', 'lNONHSAG027618', 'lNONHSAG027675', 'lNONHSAG027682', 'lNONHSAG027692', 'lNONHSAG027694', 'lNONHSAG027837', 'lNONHSAG027874', 'lNONHSAG027876', 'lNONHSAG028045', 'lNONHSAG028083', 'lNONHSAG028093', 'lNONHSAG028141', 'lNONHSAG028142', 'lNONHSAG028159', 'lNONHSAG028403', 'lNONHSAG028720', 'lNONHSAG028817', 'lNONHSAG028820', 'lNONHSAG028857', 'lNONHSAG028870', 'lNONHSAG028913', 'lNONHSAG028918', 'lNONHSAG028948', 'lNONHSAG028996', 'lNONHSAG029033', 'lNONHSAG029080', 'lNONHSAG029124', 'lNONHSAG029267', 'lNONHSAG029312', 'lNONHSAG029336', 'lNONHSAG029377', 'lNONHSAG029467', 'lNONHSAG029668', 'lNONHSAG029792', 'lNONHSAG029830', 'lNONHSAG029873', 'lNONHSAG029880', 'lNONHSAG029933', 'lNONHSAG029956', 'lNONHSAG029957', 'lNONHSAG029958', 'lNONHSAG029959', 'lNONHSAG029960', 'lNONHSAG029962', 'lNONHSAG029964', 'lNONHSAG029965', 'lNONHSAG029985', 'lNONHSAG030074', 'lNONHSAG030113', 'lNONHSAG030129', 'lNONHSAG030244', 'lNONHSAG030258', 'lNONHSAG030278', 'lNONHSAG030279', 'lNONHSAG030304', 'lNONHSAG030333', 'lNONHSAG030410', 'lNONHSAG030440', 'lNONHSAG030487', 'lNONHSAG030516', 'lNONHSAG030525', 'lNONHSAG030583', 'lNONHSAG030738', 'lNONHSAG030739', 'lNONHSAG030742', 'lNONHSAG031025', 'lNONHSAG031035', 'lNONHSAG031123', 'lNONHSAG031261', 'lNONHSAG031385', 'lNONHSAG031425', 'lNONHSAG031452', 'lNONHSAG031453', 'lNONHSAG031456', 'lNONHSAG031481', 'lNONHSAG031581', 'lNONHSAG031584', 'lNONHSAG031900', 'lNONHSAG031913', 'lNONHSAG031991', 'lNONHSAG032063', 'lNONHSAG032126', 'lNONHSAG032247', 'lNONHSAG032267', 'lNONHSAG032297', 'lNONHSAG032302', 'lNONHSAG032309', 'lNONHSAG032312', 'lNONHSAG032537', 'lNONHSAG032560', 'lNONHSAG032682', 'lNONHSAG032724', 'lNONHSAG032735', 'lNONHSAG032737', 'lNONHSAG032748', 'lNONHSAG032750', 'lNONHSAG033027', 'lNONHSAG033061', 'lNONHSAG033100', 'lNONHSAG033105', 'lNONHSAG033107', 'lNONHSAG033121', 'lNONHSAG033168', 'lNONHSAG033170', 'lNONHSAG033216', 'lNONHSAG033224', 'lNONHSAG033254', 'lNONHSAG033263', 'lNONHSAG033298', 'lNONHSAG033328', 'lNONHSAG033334', 'lNONHSAG033342', 'lNONHSAG033348', 'lNONHSAG033352', 'lNONHSAG033368', 'lNONHSAG033386', 'lNONHSAG033390', 'lNONHSAG033435', 'lNONHSAG033459', 'lNONHSAG033471', 'lNONHSAG033528', 'lNONHSAG033589', 'lNONHSAG033611', 'lNONHSAG033645', 'lNONHSAG033691', 'lNONHSAG033716', 'lNONHSAG033810', 'lNONHSAG033862', 'lNONHSAG033896', 'lNONHSAG033898', 'lNONHSAG033937', 'lNONHSAG033940', 'lNONHSAG034006', 'lNONHSAG034014', 'lNONHSAG034021', 'lNONHSAG034032', 'lNONHSAG034217', 'lNONHSAG034316', 'lNONHSAG034418', 'lNONHSAG034508', 'lNONHSAG034527', 'lNONHSAG034676', 'lNONHSAG034678', 'lNONHSAG034801', 'lNONHSAG034845', 'lNONHSAG034846', 'lNONHSAG034935', 'lNONHSAG034973', 'lNONHSAG035096', 'lNONHSAG035103', 'lNONHSAG035262', 'lNONHSAG035287', 'lNONHSAG035382', 'lNONHSAG035456', 'lNONHSAG035531', 'lNONHSAG035568', 'lNONHSAG035806', 'lNONHSAG035914', 'lNONHSAG035916', 'lNONHSAG035919', 'lNONHSAG035923', 'lNONHSAG036047', 'lNONHSAG036054', 'lNONHSAG036115', 'lNONHSAG036120', 'lNONHSAG036255', 'lNONHSAG036263', 'lNONHSAG036273', 'lNONHSAG036403', 'lNONHSAG036407', 'lNONHSAG036412', 'lNONHSAG036612', 'lNONHSAG036615', 'lNONHSAG036667', 'lNONHSAG036718', 'lNONHSAG036783', 'lNONHSAG036866', 'lNONHSAG036922', 'lNONHSAG036926', 'lNONHSAG037025', 'lNONHSAG037061', 'lNONHSAG037072', 'lNONHSAG037073', 'lNONHSAG037080', 'lNONHSAG037082', 'lNONHSAG037083', 'lNONHSAG037096', 'lNONHSAG037137', 'lNONHSAG037146', 'lNONHSAG037164', 'lNONHSAG037348', 'lNONHSAG037420', 'lNONHSAG037559', 'lNONHSAG037827', 'lNONHSAG037936', 'lNONHSAG037946', 'lNONHSAG038001', 'lNONHSAG038024', 'lNONHSAG038060', 'lNONHSAG038091', 'lNONHSAG038162', 'lNONHSAG038343', 'lNONHSAG038344', 'lNONHSAG038397', 'lNONHSAG038502', 'lNONHSAG038530', 'lNONHSAG038561', 'lNONHSAG038663', 'lNONHSAG038675', 'lNONHSAG038676', 'lNONHSAG038682', 'lNONHSAG038836', 'lNONHSAG039037', 'lNONHSAG039038', 'lNONHSAG039147', 'lNONHSAG039293', 'lNONHSAG039295', 'lNONHSAG039617', 'lNONHSAG039620', 'lNONHSAG039634', 'lNONHSAG039637', 'lNONHSAG039654', 'lNONHSAG039664', 'lNONHSAG039669', 'lNONHSAG039749', 'lNONHSAG039872', 'lNONHSAG039951', 'lNONHSAG040179', 'lNONHSAG040188', 'lNONHSAG040226', 'lNONHSAG040241', 'lNONHSAG040269', 'lNONHSAG040320', 'lNONHSAG040408', 'lNONHSAG040444', 'lNONHSAG040542', 'lNONHSAG040544', 'lNONHSAG040560', 'lNONHSAG040601', 'lNONHSAG040692', 'lNONHSAG040700', 'lNONHSAG040729', 'lNONHSAG040804', 'lNONHSAG040859', 'lNONHSAG040870', 'lNONHSAG040909', 'lNONHSAG040945', 'lNONHSAG040958', 'lNONHSAG040969', 'lNONHSAG040976', 'lNONHSAG041002', 'lNONHSAG041017', 'lNONHSAG041241', 'lNONHSAG041250', 'lNONHSAG041256', 'lNONHSAG041257', 'lNONHSAG041480', 'lNONHSAG041528', 'lNONHSAG041592', 'lNONHSAG041670', 'lNONHSAG041707', 'lNONHSAG041716', 'lNONHSAG041758', 'lNONHSAG041844', 'lNONHSAG041883', 'lNONHSAG041938', 'lNONHSAG041966', 'lNONHSAG041981', 'lNONHSAG042033', 'lNONHSAG042062', 'lNONHSAG042132', 'lNONHSAG042138', 'lNONHSAG042218', 'lNONHSAG042257', 'lNONHSAG042306', 'lNONHSAG042307', 'lNONHSAG042370', 'lNONHSAG042476', 'lNONHSAG042500', 'lNONHSAG042722', 'lNONHSAG042836', 'lNONHSAG042855', 'lNONHSAG042957', 'lNONHSAG042966', 'lNONHSAG042970', 'lNONHSAG042991', 'lNONHSAG043138', 'lNONHSAG043159', 'lNONHSAG043229', 'lNONHSAG043250', 'lNONHSAG043303', 'lNONHSAG043433', 'lNONHSAG043550', 'lNONHSAG043592', 'lNONHSAG043625', 'lNONHSAG043657', 'lNONHSAG043770', 'lNONHSAG043851', 'lNONHSAG043934', 'lNONHSAG044022', 'lNONHSAG044041', 'lNONHSAG044064', 'lNONHSAG044350', 'lNONHSAG044406', 'lNONHSAG044429', 'lNONHSAG044533', 'lNONHSAG044624', 'lNONHSAG044666', 'lNONHSAG044709', 'lNONHSAG044751', 'lNONHSAG044791', 'lNONHSAG045131', 'lNONHSAG045160', 'lNONHSAG045163', 'lNONHSAG045166', 'lNONHSAG045306', 'lNONHSAG045383', 'lNONHSAG046722', 'lNONHSAG046730', 'lNONHSAG046765', 'lNONHSAG046811', 'lNONHSAG046839', 'lNONHSAG046953', 'lNONHSAG047182', 'lNONHSAG047191', 'lNONHSAG047197', 'lNONHSAG047260', 'lNONHSAG047319', 'lNONHSAG047433', 'lNONHSAG047463', 'lNONHSAG047469', 'lNONHSAG047471', 'lNONHSAG047507', 'lNONHSAG047619', 'lNONHSAG047620', 'lNONHSAG047725', 'lNONHSAG047792', 'lNONHSAG047796', 'lNONHSAG047830', 'lNONHSAG047840', 'lNONHSAG047842', 'lNONHSAG047851', 'lNONHSAG047951', 'lNONHSAG047974', 'lNONHSAG048057', 'lNONHSAG048101', 'lNONHSAG048189', 'lNONHSAG048191', 'lNONHSAG048201', 'lNONHSAG048228', 'lNONHSAG048231', 'lNONHSAG048302', 'lNONHSAG048323', 'lNONHSAG048354', 'lNONHSAG048439', 'lNONHSAG048602', 'lNONHSAG048603', 'lNONHSAG048610', 'lNONHSAG048623', 'lNONHSAG048624', 'lNONHSAG048626', 'lNONHSAG048641', 'lNONHSAG048682', 'lNONHSAG048695', 'lNONHSAG048781', 'lNONHSAG048817', 'lNONHSAG049037', 'lNONHSAG049050', 'lNONHSAG049051', 'lNONHSAG049119', 'lNONHSAG049129', 'lNONHSAG049157', 'lNONHSAG049185', 'lNONHSAG049191', 'lNONHSAG049288', 'lNONHSAG049303', 'lNONHSAG049356', 'lNONHSAG049421', 'lNONHSAG049507', 'lNONHSAG049655', 'lNONHSAG049754', 'lNONHSAG049801', 'lNONHSAG049901', 'lNONHSAG050073', 'lNONHSAG050104', 'lNONHSAG050167', 'lNONHSAG050168', 'lNONHSAG050272', 'lNONHSAG050273', 'lNONHSAG050284', 'lNONHSAG050345', 'lNONHSAG050423', 'lNONHSAG050445', 'lNONHSAG050493', 'lNONHSAG050518', 'lNONHSAG050725', 'lNONHSAG050769', 'lNONHSAG050786', 'lNONHSAG050815', 'lNONHSAG050929', 'lNONHSAG050985', 'lNONHSAG051010', 'lNONHSAG051015', 'lNONHSAG051166', 'lNONHSAG051196', 'lNONHSAG051245', 'lNONHSAG051250', 'lNONHSAG051255', 'lNONHSAG051259', 'lNONHSAG051263', 'lNONHSAG051266', 'lNONHSAG051291', 'lNONHSAG051448', 'lNONHSAG051454', 'lNONHSAG051484', 'lNONHSAG051514', 'lNONHSAG051517', 'lNONHSAG051523', 'lNONHSAG051542', 'lNONHSAG051567', 'lNONHSAG051568', 'lNONHSAG051603', 'lNONHSAG051770', 'lNONHSAG051898', 'lNONHSAG052046', 'lNONHSAG052082', 'lNONHSAG052097', 'lNONHSAG052149', 'lNONHSAG052179', 'lNONHSAG052454', 'lNONHSAG052459', 'lNONHSAG052491', 'lNONHSAG052492', 'lNONHSAG052495', 'lNONHSAG052510', 'lNONHSAG052511', 'lNONHSAG052609', 'lNONHSAG052680', 'lNONHSAG052686', 'lNONHSAG052709', 'lNONHSAG052726', 'lNONHSAG052853', 'lNONHSAG052908', 'lNONHSAG052925', 'lNONHSAG052929', 'lNONHSAG052931', 'lNONHSAG052943', 'lNONHSAG053007', 'lNONHSAG053014', 'lNONHSAG053028', 'lNONHSAG053033', 'lNONHSAG053082', 'lNONHSAG053108', 'lNONHSAG053162', 'lNONHSAG053456', 'lNONHSAG053499', 'lNONHSAG053500', 'lNONHSAG053502', 'lNONHSAG053547', 'lNONHSAG053590', 'lNONHSAG053626', 'lNONHSAG053631', 'lNONHSAG053651', 'lNONHSAG053716', 'lNONHSAG053719', 'lNONHSAG053748', 'lNONHSAG053796', 'lNONHSAG053802', 'lNONHSAG053842', 'lNONHSAG054038', 'lNONHSAG054212', 'lNONHSAG054214', 'lNONHSAG054216', 'lNONHSAG054301', 'lNONHSAG054360', 'lNONHSAG054432', 'lNONHSAG054716', 'lNONHSAG054717', 'lNONHSAG054780', 'lNONHSAG054807', 'lNONHSAG054832', 'lNONHSAG055008', 'lNONHSAG055088', 'lNONHSAG055092', 'lNONHSAG055151', 'lNONHSAG055258', 'lNONHSAG055350', 'lNONHSAG055418', 'lNONHSAG055450', 'lNONHSAG055546', 'lNONHSAG055565', 'lNONHSAG055577', 'lNONHSAG055582', 'lNONHSAG056025', 'lNONHSAG056029', 'lNONHSAG056053', 'lNONHSAG056451', 'lNONHSAG056746', 'lNONHSAG056875', 'lNONHSAG057043', 'lNONHSAG057222', 'lNONHSAG057260', 'lNONHSAG058006', 'lNONHSAG058109', 'lNONHSAG058112', 'lNONHSAG058118', 'lNONHSAG058128', 'lNONHSAG058533', 'lNONHSAG058967', 'lNONHSAG059768', 'lNONHSAG060586', 'lNONHSAG061096', 'lNONHSAG061492', 'lNONHSAG063700', 'lNONHSAG064784', 'lNONHSAG064962', 'lNONHSAG065252', 'lNONHSAG065364', 'lNONHSAG066253', 'lNONHSAG068402', 'lNONHSAG068639', 'lNONHSAG069147', 'lNONHSAG069277', 'lNONHSAG069876', 'lNONHSAG071444', 'lNONHSAG072176', 'lNONHSAG072945', 'lNONHSAG073025', 'lNONHSAG073380', 'lNONHSAG073406', 'lNONHSAG073419', 'lNONHSAG073786', 'lNONHSAG074052', 'lNONHSAG074661', 'lNONHSAG075363', 'lNONHSAG077475', 'lNONHSAG077527', 'lNONHSAG077551', 'lNONHSAG079231', 'lNONHSAG080772', 'lNONHSAG081227', 'lNONHSAG081993', 'lNONHSAG082891', 'lNONHSAG083289', 'lNONHSAG083615', 'lNONHSAG083883', 'lNONHSAG083894', 'lNONHSAG084701', 'lNONHSAG084832', 'lNONHSAG084937', 'lNONHSAG088562', 'lNONHSAG089857', 'lNONHSAG091116', 'lNONHSAG091284', 'lNONHSAG091452', 'lNONHSAG091943', 'lNONHSAG092907', 'lNONHSAG093064', 'lNONHSAG093078', 'lNONHSAG093517', 'lNONHSAG094075', 'lNONHSAG094129', 'lNONHSAG094269', 'lNONHSAG096130', 'lNONHSAG096227', 'lNONHSAG096230', 'lNONHSAG096627', 'lNONHSAG097344', 'lNONHSAG097347', 'lNONHSAG098653', 'lNONHSAG099082', 'lNONHSAG099742', 'lNONHSAG099774', 'lNONHSAG101229', 'lNONHSAG101725', 'lNONHSAG102572', 'lNONHSAG102979', 'lNONHSAG103457', 'lNONHSAG103817', 'lNONHSAG104186', 'lNONHSAG110858', 'lNONHSAG111667', 'lNONHSAG112396', 'lNONHSAG113761', 'lNONHSAG114445', 'lENSG00000103472', 'lENSG00000163364', 'lENSG00000171889', 'lENSG00000175061', 'lENSG00000177410', 'lENSG00000179406', 'lENSG00000179523', 'lENSG00000189295', 'lENSG00000198221', 'lENSG00000198468', 'lENSG00000203497', 'lENSG00000205611', 'lENSG00000223764', 'lENSG00000223783', 'lENSG00000224057', 'lENSG00000224078', 'lENSG00000225470', 'lENSG00000225506', 'lENSG00000225855', 'lENSG00000226115', 'lENSG00000226137', 'lENSG00000227082', 'lENSG00000227963', 'lENSG00000228022', 'lENSG00000228526', 'lENSG00000229267', 'lENSG00000229335', 'lENSG00000230046', 'lENSG00000230061', 'lENSG00000230257', 'lENSG00000230400', 'lENSG00000231019', 'lENSG00000231473', 'lENSG00000231663', 'lENSG00000232415', 'lENSG00000232442', 'lENSG00000232500', 'lENSG00000233047', 'lENSG00000233387', 'lENSG00000233532', 'lENSG00000233590', 'lENSG00000234169', 'lENSG00000234455', 'lENSG00000234546', 'lENSG00000235385', 'lENSG00000235535', 'lENSG00000235724', 'lENSG00000236240', 'lENSG00000236535', 'lENSG00000236671', 'lENSG00000237167', 'lENSG00000237396', 'lENSG00000237880', 'lENSG00000241388', 'lENSG00000242207', 'lENSG00000245067', 'lENSG00000245614', 'lENSG00000246560', 'lENSG00000247095', 'lENSG00000247373', 'lENSG00000247400', 'lENSG00000247498', 'lENSG00000249532', 'lENSG00000249786', 'lENSG00000249835', 'lENSG00000249993', 'lENSG00000250635', 'lENSG00000251061', 'lENSG00000253315', 'lENSG00000254480', 'lENSG00000254508', 'lENSG00000254635', 'lENSG00000254791', 'lENSG00000255363', 'lENSG00000255427', 'lENSG00000255850', 'lENSG00000256742', 'lENSG00000256769', 'lENSG00000257084', 'lENSG00000257557', 'lENSG00000258197', 'lENSG00000258912', 'lENSG00000259289', 'lENSG00000259424', 'lENSG00000260219', 'lENSG00000260280', 'lENSG00000260455', 'lENSG00000260924', 'lENSG00000261183', 'lENSG00000261423', 'lENSG00000263718', 'lENSG00000264672', 'lENSG00000265374', 'lENSG00000266402', 'lENSG00000266970', 'lENSG00000267296', 'lENSG00000267321', 'lENSG00000267395', 'lENSG00000267440', 'lENSG00000267858', 'lENSG00000269019', 'lENSG00000269911', 'lENSG00000269939', 'lENSG00000270084', 'lENSG00000270344', 'lENSG00000270959', 'lENSG00000272769', 'lENSG00000278709', 'lENSG00000278970', 'lENSG00000279296', 'lENSG00000281189', 'lENSG00000284070', 'lENSG00000285644', 'lENSG00000286004', 'lENSG00000286737', 'lENSG00000288080', 'lENSG00000224167', 'lA1BG-AS1', 'lADAMTS9-AS2', 'lANKRD62P1-PARP4P3', 'lAQP4-AS1', 'lASMTL-AS1', 'lBANCR', 'lCCAT2', 'lCDKN2B-AS1', 'lCRNDE', 'lDGKK', 'lDLX6-AS1', 'lEGOT', 'lFEZF1-AS1', 'lGATA3-AS1', 'lGATA6-AS1', 'lGHET1', 'lHEIH', 'lHOTAIRM1', 'lHOXA-AS3', 'lINHBA-AS1', 'lJPX', 'lJRK', 'lKCTD21-AS1', 'lKTN1-AS1', 'lLAMTOR5-AS1', 'lLBX2-AS1', 'lLINC00173', 'lLINC00174', 'lLINC00240', 'lLINC00333', 'lLINC00472', 'lLPP-AS2', 'lMCM3AP-AS1', 'lMEG3', 'lMIR31HG', 'lMYLK-AS1', 'lPANDAR', 'lPCGEM1', 'lPVT1', 'lRHPN1-AS1', 'lRMST', 'lSNHG15', 'lSNHG16', 'lSNX29P2', 'lTEN1-CDK3', 'lTRAM2-AS1', 'lVCAN-AS1', 'lZFAS1', 'lZNF286B', 'lZNF503-AS2', 'lSLC2A1-AS1', 'lSRP14-AS1', 'lAC007009.1', 'lPWAR6', 'lAC004840.8', 'lAC061992.2', 'lAC103564.7', 'lAC135048.13', 'lAC137723.5', 'lAC137932.5', 'lAL928742.12', 'lAP001058.3', 'lCTB-60B18.10', 'lCTB-91J4.1', 'lCTC-338M12.2', 'lCTD-2165H16.4', 'lCTD-2195B23.3', 'lCTD-2540L5.5', 'lKB-7G2.8', 'lLA16c-321D4.2', 'lLA16c-380H5.3', 'lLL22NC03-23C6.13', 'lRP11-100F15.1', 'lRP11-104E19.1', 'lRP11-123O10.4', 'lRP11-137H2.4', 'lRP11-197N18.2', 'lRP11-21J18.1', 'lRP11-227H15.4', 'lRP11-243J18.2', 'lRP11-24P14.1', 'lRP11-264B17.3', 'lRP11-276H7.2', 'lRP11-2C24.4', 'lRP11-305P14.1', 'lRP11-439K3.1', 'lRP11-467J12.4', 'lRP11-49K24.4', 'lRP11-514P8.8', 'lRP11-54O7.3', 'lRP11-550C4.6', 'lRP11-680A11.5', 'lRP4-756H11.3', 'lRP4-790G17.7', 'lRP5-1061H20.4', 'lRP5-1074L1.1', 'lRP5-1160K1.8', 'lXXbac-B444P24.8', 'lXXbac-BPG300A18.13', 'lAC018766.4', 'lCTD-2231H16.1', 'lHNRNPU-AS1', 'lRP11-429J17.8', 'lRP11-672A2.1', 'lRP5-1063M23.1', 'lCTA-250D10.23', 'lRP4-610C12.4', 'lLINC00035', 'lRP11-408H20.2', 'lNONHSAG000157', 'lNONHSAG000265', 'lNONHSAG000297', 'lNONHSAG000298', 'lNONHSAG000623', 'lNONHSAG000636', 'lNONHSAG000677', 'lNONHSAG000896', 'lNONHSAG000969', 'lNONHSAG000994', 'lNONHSAG001008', 'lNONHSAG001014', 'lNONHSAG001028', 'lNONHSAG001030', 'lNONHSAG001033', 'lNONHSAG001147', 'lNONHSAG001171', 'lNONHSAG001207', 'lNONHSAG001240', 'lNONHSAG001258', 'lNONHSAG001419', 'lNONHSAG001435', 'lNONHSAG001613', 'lNONHSAG002403', 'lNONHSAG002487', 'lNONHSAG002619', 'lNONHSAG002790', 'lNONHSAG002816', 'lNONHSAG003308', 'lNONHSAG003418', 'lNONHSAG003459', 'lNONHSAG003810', 'lNONHSAG003881', 'lNONHSAG004351', 'lNONHSAG004507', 'lNONHSAG004638', 'lNONHSAG004893', 'lNONHSAG005249', 'lNONHSAG005363', 'lNONHSAG005473', 'lNONHSAG005522', 'lNONHSAG005652', 'lNONHSAG005679', 'lNONHSAG005690', 'lNONHSAG005717', 'lNONHSAG005725', 'lNONHSAG005727', 'lNONHSAG005739', 'lNONHSAG005740', 'lNONHSAG005746', 'lNONHSAG005747', 'lNONHSAG005760', 'lNONHSAG005761', 'lNONHSAG005769', 'lNONHSAG005789', 'lNONHSAG005809', 'lNONHSAG005821', 'lNONHSAG005830', 'lNONHSAG005842', 'lNONHSAG005847', 'lNONHSAG005851', 'lNONHSAG005852', 'lNONHSAG005853', 'lNONHSAG005855', 'lNONHSAG005856', 'lNONHSAG005857', 'lNONHSAG005859', 'lNONHSAG005862', 'lNONHSAG005867', 'lNONHSAG005870', 'lNONHSAG005885', 'lNONHSAG005901', 'lNONHSAG005915', 'lNONHSAG005935', 'lNONHSAG005939', 'lNONHSAG005985', 'lNONHSAG005986', 'lNONHSAG006012', 'lNONHSAG006022', 'lNONHSAG006078', 'lNONHSAG006086', 'lNONHSAG006091', 'lNONHSAG006097', 'lNONHSAG006103', 'lNONHSAG006160', 'lNONHSAG006166', 'lNONHSAG006183', 'lNONHSAG006186', 'lNONHSAG006187', 'lNONHSAG006188', 'lNONHSAG006206', 'lNONHSAG006220', 'lNONHSAG006221', 'lNONHSAG006235', 'lNONHSAG006240', 'lNONHSAG006274', 'lNONHSAG006279', 'lNONHSAG006293', 'lNONHSAG006300', 'lNONHSAG006314', 'lNONHSAG006324', 'lNONHSAG006377', 'lNONHSAG006399', 'lNONHSAG006405', 'lNONHSAG006407', 'lNONHSAG006415', 'lNONHSAG006434', 'lNONHSAG006440', 'lNONHSAG006450', 'lNONHSAG006459', 'lNONHSAG006479', 'lNONHSAG006487', 'lNONHSAG006507', 'lNONHSAG006527', 'lNONHSAG006554', 'lNONHSAG006555', 'lNONHSAG006573', 'lNONHSAG006576', 'lNONHSAG006579', 'lNONHSAG006581', 'lNONHSAG006586', 'lNONHSAG006591', 'lNONHSAG006602', 'lNONHSAG006646', 'lNONHSAG006653', 'lNONHSAG006669', 'lNONHSAG006716', 'lNONHSAG006748', 'lNONHSAG006750', 'lNONHSAG006765', 'lNONHSAG006779', 'lNONHSAG006808', 'lNONHSAG006830', 'lNONHSAG006837', 'lNONHSAG006855', 'lNONHSAG006863', 'lNONHSAG006883', 'lNONHSAG006889', 'lNONHSAG006894', 'lNONHSAG006897', 'lNONHSAG006909', 'lNONHSAG006915', 'lNONHSAG006922', 'lNONHSAG006967', 'lNONHSAG006970', 'lNONHSAG006976', 'lNONHSAG007000', 'lNONHSAG007008', 'lNONHSAG007020', 'lNONHSAG007023', 'lNONHSAG007029', 'lNONHSAG007031', 'lNONHSAG007035', 'lNONHSAG007063', 'lNONHSAG007065', 'lNONHSAG007087', 'lNONHSAG007093', 'lNONHSAG007103', 'lNONHSAG007118', 'lNONHSAG007123', 'lNONHSAG007129', 'lNONHSAG007139', 'lNONHSAG007155', 'lNONHSAG007166', 'lNONHSAG007172', 'lNONHSAG007203', 'lNONHSAG007222', 'lNONHSAG007224', 'lNONHSAG007225', 'lNONHSAG007242', 'lNONHSAG007259', 'lNONHSAG007268', 'lNONHSAG007278', 'lNONHSAG007286', 'lNONHSAG007298', 'lNONHSAG007419', 'lNONHSAG007429', 'lNONHSAG007458', 'lNONHSAG007507', 'lNONHSAG007531', 'lNONHSAG007544', 'lNONHSAG007554', 'lNONHSAG007563', 'lNONHSAG007574', 'lNONHSAG007578', 'lNONHSAG007587', 'lNONHSAG007621', 'lNONHSAG007632', 'lNONHSAG007638', 'lNONHSAG007730', 'lNONHSAG007932', 'lENSG00000083622', 'lENSG00000105501', 'lENSG00000122043', 'lENSG00000149443', 'lENSG00000167920', 'lENSG00000175746', 'lENSG00000177596', 'lENSG00000197644', 'lENSG00000197880', 'lENSG00000198054', 'lENSG00000198671', 'lENSG00000203307', 'lENSG00000203434', 'lENSG00000203469', 'lENSG00000203472', 'lENSG00000203565', 'lENSG00000203605', 'lENSG00000203864', 'lENSG00000204393', 'lENSG00000204464', 'lENSG00000205452', 'lENSG00000205500', 'lENSG00000212856', 'lENSG00000219410', 'lENSG00000221845', 'lENSG00000222000', 'lENSG00000222032', 'lENSG00000222044', 'lENSG00000223374', 'lENSG00000223381', 'lENSG00000223387', 'lENSG00000223400', 'lENSG00000223563', 'lENSG00000223598', 'lENSG00000223634', 'lENSG00000223641', 'lENSG00000223643', 'lENSG00000223647', 'lENSG00000223720', 'lENSG00000223727', 'lENSG00000223809', 'lENSG00000223831', 'lENSG00000223870', 'lENSG00000223881', 'lENSG00000223966', 'lENSG00000223993', 'lENSG00000224031', 'lENSG00000224075', 'lENSG00000224087', 'lENSG00000224095', 'lENSG00000224220', 'lENSG00000224277', 'lENSG00000224330', 'lENSG00000224384', 'lENSG00000224500', 'lENSG00000224535', 'lENSG00000224541', 'lENSG00000224549', 'lENSG00000224595', 'lENSG00000224645', 'lENSG00000224655', 'lENSG00000224794', 'lENSG00000224821', 'lENSG00000224844', 'lENSG00000224857', 'lENSG00000224885', 'lENSG00000224972', 'lENSG00000225012', 'lENSG00000225050', 'lENSG00000225129', 'lENSG00000225146', 'lENSG00000225218', 'lENSG00000225334', 'lENSG00000225378', 'lENSG00000225457', 'lENSG00000225537', 'lENSG00000225570', 'lENSG00000225647', 'lENSG00000225750', 'lENSG00000225751', 'lENSG00000225798', 'lENSG00000225886', 'lENSG00000225919', 'lENSG00000225929', 'lENSG00000226047', 'lENSG00000226089', 'lENSG00000226133', 'lENSG00000226143', 'lENSG00000226194', 'lENSG00000226238', 'lENSG00000226323', 'lENSG00000226337', 'lENSG00000226352', 'lENSG00000226398', 'lENSG00000226442', 'lENSG00000226454', 'lENSG00000226486', 'lENSG00000226508', 'lENSG00000226522', 'lENSG00000226562', 'lENSG00000226566', 'lENSG00000226576', 'lENSG00000226601', 'lENSG00000226647', 'lENSG00000226699', 'lENSG00000226770', 'lENSG00000226813', 'lENSG00000226925', 'lENSG00000226956', 'lENSG00000226957', 'lENSG00000227075', 'lENSG00000227076', 'lENSG00000227197', 'lENSG00000227330', 'lENSG00000227360', 'lENSG00000227409', 'lENSG00000227459', 'lENSG00000227482', 'lENSG00000227509', 'lENSG00000227512', 'lENSG00000227549', 'lENSG00000227579', 'lENSG00000227606', 'lENSG00000227611', 'lENSG00000227680', 'lENSG00000227716', 'lENSG00000227718', 'lENSG00000227769', 'lENSG00000227863', 'lENSG00000227893', 'lENSG00000227930', 'lENSG00000227958', 'lENSG00000227960', 'lENSG00000228028', 'lENSG00000228108', 'lENSG00000228136', 'lENSG00000228215', 'lENSG00000228231', 'lENSG00000228261', 'lENSG00000228272', 'lENSG00000228372', 'lENSG00000228383', 'lENSG00000228470', 'lENSG00000228485', 'lENSG00000228548', 'lENSG00000228596', 'lENSG00000228627', 'lENSG00000228804', 'lENSG00000228826', 'lENSG00000228939', 'lENSG00000228950', 'lENSG00000229152', 'lENSG00000229162', 'lENSG00000229167', 'lENSG00000229190', 'lENSG00000229224', 'lENSG00000229283', 'lENSG00000229331', 'lENSG00000229345', 'lENSG00000229370', 'lENSG00000229444', 'lENSG00000229487', 'lENSG00000229498', 'lENSG00000229502', 'lENSG00000229531', 'lENSG00000229673', 'lENSG00000229679', 'lENSG00000229688', 'lENSG00000229848', 'lENSG00000229851', 'lENSG00000229953', 'lENSG00000230065', 'lENSG00000230105', 'lENSG00000230109', 'lENSG00000230121', 'lENSG00000230131', 'lENSG00000230153', 'lENSG00000230155', 'lENSG00000230197', 'lENSG00000230212', 'lENSG00000230233', 'lENSG00000230234', 'lENSG00000230323', 'lENSG00000230432', 'lENSG00000230483', 'lENSG00000230499', 'lENSG00000230599', 'lENSG00000230668', 'lENSG00000230741', 'lENSG00000230759', 'lENSG00000230790', 'lENSG00000230794', 'lENSG00000230826', 'lENSG00000230830', 'lENSG00000230912', 'lENSG00000230918', 'lENSG00000230972', 'lENSG00000231081', 'lENSG00000231092', 'lENSG00000231102', 'lENSG00000231114', 'lENSG00000231143', 'lENSG00000231253', 'lENSG00000231272', 'lENSG00000231407', 'lENSG00000231413', 'lENSG00000231440', 'lENSG00000231492', 'lENSG00000231496', 'lENSG00000231539', 'lENSG00000231681', 'lENSG00000231760', 'lENSG00000231772', 'lENSG00000231781', 'lENSG00000231912', 'lENSG00000231914', 'lENSG00000231937', 'lENSG00000231953', 'lENSG00000231964', 'lENSG00000232058', 'lENSG00000232072', 'lENSG00000232086', 'lENSG00000232120', 'lENSG00000232192', 'lENSG00000232197', 'lENSG00000232252', 'lENSG00000232286', 'lENSG00000232328', 'lENSG00000232335', 'lENSG00000232359', 'lENSG00000232363', 'lENSG00000232396', 'lENSG00000232451', 'lENSG00000232464', 'lENSG00000232465', 'lENSG00000232564', 'lENSG00000232596', 'lENSG00000232604', 'lENSG00000232710', 'lENSG00000232719', 'lENSG00000232746', 'lENSG00000232806', 'lENSG00000232893', 'lENSG00000232895', 'lENSG00000232930', 'lENSG00000232939', 'lENSG00000232964', 'lENSG00000233070', 'lENSG00000233079', 'lENSG00000233178', 'lENSG00000233222', 'lENSG00000233330', 'lENSG00000233339', 'lENSG00000233407', 'lENSG00000233479', 'lENSG00000233534', 'lENSG00000233574', 'lENSG00000233613', 'lENSG00000233656', 'lENSG00000233665', 'lENSG00000233689', 'lENSG00000233706', 'lENSG00000233851', 'lENSG00000233891', 'lENSG00000233953', 'lENSG00000233960', 'lENSG00000233969', 'lENSG00000233985', 'lENSG00000234021', 'lENSG00000234055', 'lENSG00000234117', 'lENSG00000234149', 'lENSG00000234160', 'lENSG00000234172', 'lENSG00000234191', 'lENSG00000234318', 'lENSG00000234504', 'lENSG00000234567', 'lENSG00000234622', 'lENSG00000234626', 'lENSG00000234653', 'lENSG00000234690', 'lENSG00000234693', 'lENSG00000234714', 'lENSG00000234756', 'lENSG00000234860', 'lENSG00000234900', 'lENSG00000234953', 'lENSG00000234979', 'lENSG00000235011', 'lENSG00000235035', 'lENSG00000235050', 'lENSG00000235059', 'lENSG00000235086', 'lENSG00000235122', 'lENSG00000235168', 'lENSG00000235262', 'lENSG00000235435', 'lENSG00000235494', 'lENSG00000235503', 'lENSG00000235533', 'lENSG00000235628', 'lENSG00000235635', 'lENSG00000235637', 'lENSG00000235669', 'lENSG00000235786', 'lENSG00000235813', 'lENSG00000236022', 'lENSG00000236031', 'lENSG00000236065', 'lENSG00000236109', 'lENSG00000236267', 'lENSG00000236272', 'lENSG00000236324', 'lENSG00000236326', 'lENSG00000236358', 'lENSG00000236366', 'lENSG00000236414', 'lENSG00000236452', 'lENSG00000236463', 'lENSG00000236498', 'lENSG00000236559', 'lENSG00000236648', 'lENSG00000236662', 'lENSG00000236723', 'lENSG00000236744', 'lENSG00000236758', 'lENSG00000236800', 'lENSG00000236828', 'lENSG00000236854', 'lENSG00000236921', 'lENSG00000236951', 'lENSG00000236953', 'lENSG00000236975', 'lENSG00000237015', 'lENSG00000237073', 'lENSG00000237200', 'lENSG00000237293', 'lENSG00000237312', 'lENSG00000237324', 'lENSG00000237337', 'lENSG00000237373', 'lENSG00000237435', 'lENSG00000237463', 'lENSG00000237477', 'lENSG00000237494', 'lENSG00000237520', 'lENSG00000237576', 'lENSG00000237581', 'lENSG00000237670', 'lENSG00000237687', 'lENSG00000237756', 'lENSG00000237768', 'lENSG00000237919', 'lENSG00000237921', 'lENSG00000237937', 'lENSG00000237993', 'lENSG00000238131', 'lENSG00000238140', 'lENSG00000238185', 'lENSG00000238291', 'lENSG00000239314', 'lENSG00000239415', 'lENSG00000239482', 'lENSG00000239593', 'lENSG00000240354', 'lENSG00000240573', 'lENSG00000240868', 'lENSG00000241383', 'lENSG00000241397', 'lENSG00000241577', 'lENSG00000241593', 'lENSG00000241666', 'lENSG00000241985', 'lENSG00000242391', 'lENSG00000242545', 'lENSG00000242568', 'lENSG00000242618', 'lENSG00000242795', 'lENSG00000242861', 'lENSG00000243149', 'lENSG00000243230', 'lENSG00000243368', 'lENSG00000243797', 'lENSG00000243903', 'lENSG00000243961', 'lENSG00000244278', 'lENSG00000244461', 'lENSG00000244701', 'lENSG00000245148', 'lENSG00000245385', 'lENSG00000246541', 'lENSG00000247867', 'lENSG00000247925', 'lENSG00000248125', 'lENSG00000248145', 'lENSG00000248148', 'lENSG00000248172', 'lENSG00000248245', 'lENSG00000248358', 'lENSG00000248373', 'lENSG00000248397', 'lENSG00000248482', 'lENSG00000248490', 'lENSG00000248576', 'lENSG00000248627', 'lENSG00000248758', 'lENSG00000248789', 'lENSG00000248802', 'lENSG00000248925', 'lENSG00000248935', 'lENSG00000248969', 'lENSG00000248975', 'lENSG00000248995', 'lENSG00000249066', 'lENSG00000249071', 'lENSG00000249099', 'lENSG00000249111', 'lENSG00000249114', 'lENSG00000249297', 'lENSG00000249334', 'lENSG00000249382', 'lENSG00000249419', 'lENSG00000249441', 'lENSG00000249451', 'lENSG00000249474', 'lENSG00000249547', 'lENSG00000249605', 'lENSG00000249613', 'lENSG00000249697', 'lENSG00000249706', 'lENSG00000249742', 'lENSG00000249753', 'lENSG00000249782', 'lENSG00000249806', 'lENSG00000249830', 'lENSG00000249865', 'lENSG00000249892', 'lENSG00000250062', 'lENSG00000250092', 'lENSG00000250186', 'lENSG00000250195', 'lENSG00000250242', 'lENSG00000250524', 'lENSG00000250541', 'lENSG00000250626', 'lENSG00000250629', 'lENSG00000250646', 'lENSG00000250657', 'lENSG00000250665', 'lENSG00000250698', 'lENSG00000250761', 'lENSG00000250791', 'lENSG00000250820', 'lENSG00000250855', 'lENSG00000250865', 'lENSG00000250866', 'lENSG00000250917', 'lENSG00000250945', 'lENSG00000250949', 'lENSG00000250950', 'lENSG00000250955', 'lENSG00000250993', 'lENSG00000251059', 'lENSG00000251072', 'lENSG00000251088', 'lENSG00000251185', 'lENSG00000251194', 'lENSG00000251256', 'lENSG00000251266', 'lENSG00000251281', 'lENSG00000251283', 'lENSG00000251412', 'lENSG00000251414', 'lENSG00000251438', 'lENSG00000253134', 'lENSG00000253142', 'lENSG00000253147', 'lENSG00000253167', 'lENSG00000253189', 'lENSG00000253282', 'lENSG00000253356', 'lENSG00000253449', 'lENSG00000253456', 'lENSG00000253503', 'lENSG00000253507', 'lENSG00000253526', 'lENSG00000253539', 'lENSG00000253577', 'lENSG00000253616', 'lENSG00000253619', 'lENSG00000253627', 'lENSG00000253643', 'lENSG00000253645', 'lENSG00000253660', 'lENSG00000253665', 'lENSG00000253717', 'lENSG00000253722', 'lENSG00000253754', 'lENSG00000253782', 'lENSG00000253834', 'lENSG00000253851', 'lENSG00000253858', 'lENSG00000253865', 'lENSG00000253871', 'lENSG00000253875', 'lENSG00000253880', 'lENSG00000253927', 'lENSG00000253947', 'lENSG00000253976', 'lENSG00000254011', 'lENSG00000254021', 'lENSG00000254031', 'lENSG00000254033', 'lENSG00000254035', 'lENSG00000254043', 'lENSG00000254094', 'lENSG00000254123', 'lENSG00000254141', 'lENSG00000254171', 'lENSG00000254207', 'lENSG00000254263', 'lENSG00000254314', 'lENSG00000254325', 'lENSG00000254330', 'lENSG00000254380', 'lENSG00000254428', 'lENSG00000254429', 'lENSG00000254456', 'lENSG00000254516', 'lENSG00000254526', 'lENSG00000254559', 'lENSG00000254563', 'lENSG00000254574', 'lENSG00000254592', 'lENSG00000254604', 'lENSG00000254620', 'lENSG00000254626', 'lENSG00000254627', 'lENSG00000254689', 'lENSG00000254739', 'lENSG00000254775', 'lENSG00000254787', 'lENSG00000254829', 'lENSG00000254842', 'lENSG00000254846', 'lENSG00000254847', 'lENSG00000254864', 'lENSG00000254879', 'lENSG00000254913', 'lENSG00000254921', 'lENSG00000254928', 'lENSG00000254930', 'lENSG00000254972', 'lENSG00000254983', 'lENSG00000254990', 'lENSG00000255027', 'lENSG00000255039', 'lENSG00000255041', 'lENSG00000255084', 'lENSG00000255121', 'lENSG00000255159', 'lENSG00000255227', 'lENSG00000255241', 'lENSG00000255247', 'lENSG00000255252', 'lENSG00000255300', 'lENSG00000255327', 'lENSG00000255343', 'lENSG00000255357', 'lENSG00000255366', 'lENSG00000255375', 'lENSG00000255388', 'lENSG00000255390', 'lENSG00000255462', 'lENSG00000255478', 'lENSG00000255482', 'lENSG00000255487', 'lENSG00000255496', 'lENSG00000255498', 'lENSG00000255506', 'lENSG00000255523', 'lENSG00000255528', 'lENSG00000255539', 'lENSG00000255555', 'lENSG00000255565', 'lENSG00000255572', 'lENSG00000255580', 'lENSG00000255808', 'lENSG00000255839', 'lENSG00000255893', 'lENSG00000255949', 'lENSG00000256007', 'lENSG00000256071', 'lENSG00000256072', 'lENSG00000256083', 'lENSG00000256209', 'lENSG00000256226', 'lENSG00000256234', 'lENSG00000256292', 'lENSG00000256314', 'lENSG00000256364', 'lENSG00000256448', 'lENSG00000256452', 'lENSG00000256484', 'lENSG00000256568', 'lENSG00000256582', 'lENSG00000256670', 'lENSG00000256897', 'lENSG00000256972', 'lENSG00000257004', 'lENSG00000257022', 'lENSG00000257105', 'lENSG00000257137', 'lENSG00000257165', 'lENSG00000257235', 'lENSG00000257261', 'lENSG00000257264', 'lENSG00000257265', 'lENSG00000257271', 'lENSG00000257275', 'lENSG00000257342', 'lENSG00000257381', 'lENSG00000257407', 'lENSG00000257470', 'lENSG00000257488', 'lENSG00000257494', 'lENSG00000257500', 'lENSG00000257527', 'lENSG00000257541', 'lENSG00000257587', 'lENSG00000257634', 'lENSG00000257653', 'lENSG00000257682', 'lENSG00000257732', 'lENSG00000257750', 'lENSG00000257764', 'lENSG00000257787', 'lENSG00000257860', 'lENSG00000257904', 'lENSG00000257925', 'lENSG00000257997', 'lENSG00000258007', 'lENSG00000258044', 'lENSG00000258084', 'lENSG00000258108', 'lENSG00000258167', 'lENSG00000258185', 'lENSG00000258210', 'lENSG00000258220', 'lENSG00000258234', 'lENSG00000258272', 'lENSG00000258292', 'lENSG00000258312', 'lENSG00000258313', 'lENSG00000258323', 'lENSG00000258331', 'lENSG00000258378', 'lENSG00000258379', 'lENSG00000258390', 'lENSG00000258394', 'lENSG00000258425', 'lENSG00000258451', 'lENSG00000258460', 'lENSG00000258515', 'lENSG00000258516', 'lENSG00000258520', 'lENSG00000258610', 'lENSG00000258657', 'lENSG00000258670', 'lENSG00000258690', 'lENSG00000258695', 'lENSG00000258698', 'lENSG00000258742', 'lENSG00000258784', 'lENSG00000258800', 'lENSG00000258824', 'lENSG00000258826', 'lENSG00000258829', 'lENSG00000258850', 'lENSG00000258869', 'lENSG00000258892', 'lENSG00000258904', 'lENSG00000258908', 'lENSG00000258944', 'lENSG00000258958', 'lENSG00000259007', 'lENSG00000259026', 'lENSG00000259187', 'lENSG00000259194', 'lENSG00000259202', 'lENSG00000259211', 'lENSG00000259223', 'lENSG00000259250', 'lENSG00000259256', 'lENSG00000259265', 'lENSG00000259268', 'lENSG00000259290', 'lENSG00000259294', 'lENSG00000259307', 'lENSG00000259342', 'lENSG00000259351', 'lENSG00000259352', 'lENSG00000259360', 'lENSG00000259385', 'lENSG00000259432', 'lENSG00000259503', 'lENSG00000259544', 'lENSG00000259595', 'lENSG00000259631', 'lENSG00000259649', 'lENSG00000259659', 'lENSG00000259678', 'lENSG00000259759', 'lENSG00000259798', 'lENSG00000259805', 'lENSG00000259935', 'lENSG00000259945', 'lENSG00000259955', 'lENSG00000259967', 'lENSG00000260003', 'lENSG00000260017', 'lENSG00000260022', 'lENSG00000260058', 'lENSG00000260158', 'lENSG00000260186', 'lENSG00000260190', 'lENSG00000260237', 'lENSG00000260246', 'lENSG00000260454', 'lENSG00000260605', 'lENSG00000260626', 'lENSG00000260659', 'lENSG00000260720', 'lENSG00000260773', 'lENSG00000260798', 'lENSG00000260814', 'lENSG00000260884', 'lENSG00000260911', 'lENSG00000260970', 'lENSG00000260999', 'lENSG00000261014', 'lENSG00000261036', 'lENSG00000261065', 'lENSG00000261066', 'lENSG00000261070', 'lENSG00000261243', 'lENSG00000261248', 'lENSG00000261261', 'lENSG00000261266', 'lENSG00000261307', 'lENSG00000261332', 'lENSG00000261379', 'lENSG00000261432', 'lENSG00000261475', 'lENSG00000261523', 'lENSG00000261552', 'lENSG00000261569', 'lENSG00000261633', 'lENSG00000261663', 'lENSG00000261695', 'lENSG00000261697', 'lENSG00000261723', 'lENSG00000261729', 'lENSG00000261731', 'lENSG00000261838', 'lENSG00000261864', 'lENSG00000262151', 'lENSG00000262298', 'lENSG00000262434', 'lENSG00000262533', 'lENSG00000262652', 'lENSG00000262692', 'lENSG00000262777', 'lENSG00000262810', 'lENSG00000262815', 'lENSG00000263080', 'lENSG00000263237', 'lENSG00000263257', 'lENSG00000263300', 'lENSG00000263321', 'lENSG00000263335', 'lENSG00000263417', 'lENSG00000263466', 'lENSG00000263585', 'lENSG00000263594', 'lENSG00000263618', 'lENSG00000263684', 'lENSG00000263709', 'lENSG00000263765', 'lENSG00000263797', 'lENSG00000263847', 'lENSG00000263873', 'lENSG00000263952', 'lENSG00000264016', 'lENSG00000264023', 'lENSG00000264066', 'lENSG00000264107', 'lENSG00000264116', 'lENSG00000264151', 'lENSG00000264254', 'lENSG00000264269', 'lENSG00000264486', 'lENSG00000264513', 'lENSG00000264520', 'lENSG00000264546', 'lENSG00000264558', 'lENSG00000264577', 'lENSG00000264595', 'lENSG00000264622', 'lENSG00000264734', 'lENSG00000264769', 'lENSG00000264825', 'lENSG00000264924', 'lENSG00000265125', 'lENSG00000265168', 'lENSG00000265205', 'lENSG00000265265', 'lENSG00000265334', 'lENSG00000265359', 'lENSG00000265400', 'lENSG00000265474', 'lENSG00000265554', 'lENSG00000265625', 'lENSG00000265643', 'lENSG00000265739', 'lENSG00000265743', 'lENSG00000265791', 'lENSG00000265800', 'lENSG00000265840', 'lENSG00000265844', 'lENSG00000265987', 'lENSG00000265994', 'lENSG00000266102', 'lENSG00000266153', 'lENSG00000266311', 'lENSG00000266341', 'lENSG00000266368', 'lENSG00000266397', 'lENSG00000266535', 'lENSG00000266538', 'lENSG00000266541', 'lENSG00000266651', 'lENSG00000266696', 'lENSG00000266801', 'lENSG00000266839', 'lENSG00000266844', 'lENSG00000266877', 'lENSG00000266936', 'lENSG00000266981', 'lENSG00000266985', 'lENSG00000266993', 'lENSG00000267000', 'lENSG00000267028', 'lENSG00000267063', 'lENSG00000267177', 'lENSG00000267225', 'lENSG00000267234', 'lENSG00000267255', 'lENSG00000267263', 'lENSG00000267286', 'lENSG00000267320', 'lENSG00000267341', 'lENSG00000267354', 'lENSG00000267364', 'lENSG00000267378', 'lENSG00000267387', 'lENSG00000267436', 'lENSG00000267437', 'lENSG00000267501', 'lENSG00000267510', 'lENSG00000267543', 'lENSG00000267583', 'lENSG00000267593', 'lENSG00000267615', 'lENSG00000267617', 'lENSG00000267633', 'lENSG00000267638', 'lENSG00000267665', 'lENSG00000267711', 'lENSG00000267791', 'lENSG00000267838', 'lENSG00000267922', 'lENSG00000267980', 'lENSG00000268015', 'lENSG00000268049', 'lENSG00000268051', 'lENSG00000268069', 'lENSG00000268078', 'lENSG00000268191', 'lENSG00000268203', 'lENSG00000268240', 'lENSG00000268289', 'lENSG00000268292', 'lENSG00000268520', 'lENSG00000268605', 'lENSG00000268734', 'lENSG00000268798', 'lENSG00000268833', 'lENSG00000268906', 'lENSG00000268912', 'lENSG00000268981', 'lENSG00000269044', 'lENSG00000269085', 'lENSG00000269145', 'lENSG00000269191', 'lENSG00000269292', 'lENSG00000269321', 'lENSG00000269350', 'lENSG00000269495', 'lENSG00000269578', 'lENSG00000269621', 'lENSG00000269656', 'lENSG00000269729', 'lENSG00000269802', 'lENSG00000269826', 'lENSG00000269843', 'lENSG00000269867', 'lENSG00000269901', 'lENSG00000269950', 'lENSG00000269987', 'lENSG00000270082', 'lENSG00000270094', 'lENSG00000270108', 'lENSG00000270380', 'lENSG00000270726', 'lENSG00000270871', 'lENSG00000270996', 'lENSG00000271032', 'lENSG00000271218', 'lENSG00000271314', 'lENSG00000271579', 'lENSG00000271763', 'lENSG00000271787', 'lENSG00000271833', 'lENSG00000271901', 'lENSG00000271936', 'lENSG00000271945', 'lENSG00000271983', 'lENSG00000272027', 'lENSG00000272072', 'lENSG00000272149', 'lENSG00000272159', 'lENSG00000272338', 'lENSG00000272510', 'lENSG00000272540', 'lENSG00000272575', 'lENSG00000272642', 'lENSG00000272661', 'lENSG00000272742', 'lENSG00000272810', 'lENSG00000272814', 'lENSG00000272866', 'lENSG00000273035', 'lENSG00000273110', 'lENSG00000273198', 'lENSG00000273226', 'lENSG00000273257', 'lENSG00000273271', 'lENSG00000273275', 'lENSG00000273360', 'lENSG00000273461', 'lENSG00000273485', 'lENSG00000273493', 'lENSG00000273550', 'lENSG00000273568', 'lENSG00000273838', 'lENSG00000273877', 'lENSG00000273919', 'lENSG00000274177', 'lENSG00000274561', 'lENSG00000274624', 'lENSG00000274678', 'lENSG00000274737', 'lENSG00000274863', 'lENSG00000274893', 'lENSG00000275173', 'lENSG00000275345', 'lENSG00000275356', 'lENSG00000275401', 'lENSG00000275484', 'lENSG00000275576', 'lENSG00000275638', 'lENSG00000275963', 'lENSG00000276054', 'lENSG00000276107', 'lENSG00000276266', 'lENSG00000276488', 'lENSG00000276527', 'lENSG00000276668', 'lENSG00000276997', 'lENSG00000277173', 'lENSG00000277639', 'lENSG00000277675', 'lENSG00000278000', 'lENSG00000278013', 'lENSG00000278202', 'lENSG00000278351', 'lENSG00000278630', 'lENSG00000278766', 'lENSG00000279088', 'lENSG00000279240', 'lENSG00000279484', 'lENSG00000279501', 'lENSG00000279623', 'lENSG00000279687', 'lENSG00000279751', 'lENSG00000279920', 'lENSG00000280206', 'lENSG00000280224', 'lENSG00000280455', 'lENSG00000280703', 'lENSG00000280870', 'lENSG00000280881', 'lENSG00000281021', 'lENSG00000281831', 'lENSG00000282478', 'lENSG00000282828', 'lENSG00000282950', 'lENSG00000283083', 'lENSG00000283286', 'lENSG00000283347', 'lENSG00000283375', 'lENSG00000283436', 'lENSG00000283457', 'lENSG00000283573', 'lENSG00000283631', 'lENSG00000283766', 'lENSG00000284376', 'lENSG00000284418', 'lENSG00000284500', 'lENSG00000284513', 'lENSG00000284608', 'lENSG00000284699', 'lENSG00000284846', 'lENSG00000285012', 'lENSG00000285040', 'lENSG00000285117', 'lENSG00000285325', 'lENSG00000285354', 'lENSG00000285409', 'lENSG00000285473', 'lENSG00000285518', 'lENSG00000285524', 'lENSG00000285550', 'lENSG00000285551', 'lENSG00000285619', 'lENSG00000285621', 'lENSG00000285654', 'lENSG00000285699', 'lENSG00000285709', 'lENSG00000285780', 'lENSG00000285857', 'lENSG00000285861', 'lENSG00000285889', 'lENSG00000285954', 'lENSG00000285998', 'lENSG00000286002', 'lENSG00000286010', 'lENSG00000286018', 'lENSG00000286020', 'lENSG00000286050', 'lENSG00000286089', 'lENSG00000286093', 'lENSG00000286101', 'lENSG00000286188', 'lENSG00000286194', 'lENSG00000286197', 'lENSG00000286206', 'lENSG00000286242', 'lENSG00000286244', 'lENSG00000286276', 'lENSG00000286303', 'lENSG00000286331', 'lENSG00000286333', 'lENSG00000286338', 'lENSG00000286357', 'lENSG00000286419', 'lENSG00000286430', 'lENSG00000286441', 'lENSG00000286453', 'lENSG00000286474', 'lENSG00000286515', 'lENSG00000286578', 'lENSG00000286581', 'lENSG00000286584', 'lENSG00000286588', 'lENSG00000286598', 'lENSG00000286617', 'lENSG00000286645', 'lENSG00000286670', 'lENSG00000286689', 'lENSG00000286690', 'lENSG00000286698', 'lENSG00000286715', 'lENSG00000286716', 'lENSG00000286722', 'lENSG00000286735', 'lENSG00000286738', 'lENSG00000286740', 'lENSG00000286751', 'lENSG00000286759', 'lENSG00000286767', 'lENSG00000286770', 'lENSG00000286776', 'lENSG00000286781', 'lENSG00000286795', 'lENSG00000286803', 'lENSG00000286820', 'lENSG00000286822', 'lENSG00000286838', 'lENSG00000286843', 'lENSG00000286850', 'lENSG00000286887', 'lENSG00000286908', 'lENSG00000286963', 'lENSG00000287005', 'lENSG00000287006', 'lENSG00000287020', 'lENSG00000287028', 'lENSG00000287030', 'lENSG00000287066', 'lENSG00000287094', 'lENSG00000287107', 'lENSG00000287108', 'lENSG00000287128', 'lENSG00000287155', 'lENSG00000287159', 'lENSG00000287191', 'lENSG00000287198', 'lENSG00000287202', 'lENSG00000287213', 'lENSG00000287236', 'lENSG00000287270', 'lENSG00000287285', 'lENSG00000287321', 'lENSG00000287335', 'lENSG00000287358', 'lENSG00000287359', 'lENSG00000287366', 'lENSG00000287367', 'lENSG00000287381', 'lENSG00000287423', 'lENSG00000287441', 'lENSG00000287451', 'lENSG00000287456', 'lENSG00000287462', 'lENSG00000287501', 'lENSG00000287511', 'lENSG00000287517', 'lENSG00000287518', 'lENSG00000287545', 'lENSG00000287550', 'lENSG00000287551', 'lENSG00000287556', 'lENSG00000287587', 'lENSG00000287618', 'lENSG00000287660', 'lENSG00000287664', 'lENSG00000287684', 'lENSG00000287691', 'lENSG00000287704', 'lENSG00000214955', 'lENSG00000223379', 'lENSG00000223795', 'lENSG00000224884', 'lENSG00000225393', 'lENSG00000225836', 'lENSG00000228255', 'lENSG00000228538', 'lENSG00000229454', 'lENSG00000229458', 'lENSG00000229628', 'lENSG00000229964', 'lENSG00000230600', 'lENSG00000230649', 'lENSG00000231212', 'lENSG00000231616', 'lENSG00000232056', 'lENSG00000232636', 'lENSG00000233200', 'lENSG00000233987', 'lENSG00000234083', 'lENSG00000234810', 'lENSG00000234998', 'lENSG00000235337', 'lENSG00000235795', 'lENSG00000236453', 'lENSG00000239801', 'lENSG00000241792', 'lENSG00000242375', 'lENSG00000244620', 'lENSG00000247810', 'lENSG00000248359', 'lENSG00000248991', 'lENSG00000250481', 'lENSG00000250567', 'lENSG00000250670', 'lENSG00000250686', 'lENSG00000250777', 'lENSG00000250948', 'lENSG00000251654', 'lENSG00000253766', 'lENSG00000254306', 'lENSG00000254927', 'lENSG00000255279', 'lENSG00000255644', 'lENSG00000256686', 'lENSG00000257603', 'lENSG00000257715', 'lENSG00000257962', 'lENSG00000258088', 'lENSG00000258196', 'lENSG00000258386', 'lENSG00000258949', 'lENSG00000259123', 'lENSG00000259209', 'lENSG00000259222', 'lENSG00000259244', 'lENSG00000259255', 'lENSG00000259274', 'lENSG00000259306', 'lENSG00000259407', 'lENSG00000260511', 'lENSG00000260983', 'lENSG00000261193', 'lENSG00000261445', 'lENSG00000261470', 'lENSG00000261775', 'lENSG00000264660', 'lENSG00000265174', 'lENSG00000266893', 'lENSG00000267081', 'lENSG00000267521', 'lENSG00000267581', 'lENSG00000269391', 'lENSG00000269460', 'lENSG00000272304', 'lENSG00000273138', 'lENSG00000273403', 'lENSG00000273486', 'lENSG00000274902', 'lENSG00000275232', 'lENSG00000278514', 'lENSG00000279672', 'lENSG00000282887', 'lENSG00000286164', 'lENSG00000226032', 'lENSG00000235736', 'lENSG00000251613', 'lENSG00000263316', 'lENSG00000260141', 'lENSG00000271870', 'lENSG00000272934', 'lENSG00000265556', 'lENSG00000271840', 'lENSG00000281408', 'lENSG00000268166', 'lALG13-AS1', 'lDGUOK-AS1', 'lDSCR8', 'lMIR145', 'lMIR3179-2', 'lMIR3654', 'lACA64', 'lCDKN2B-AS', 'lC3orf65']","[1.0, 1.0, 0.0, 0.0, 1.0, 1.0, 1.0, 0.0, 1.0, 0.0, 1.0, 1.0, 0.0, 0.0, 1.0, 1.0, 0.0, 1.0, 1.0, 0.0, 1.0, 1.0, 0.0, 0.0, 1.0, 1.0, 1.0, 1.0, 0.0, 1.0, 0.0, 1.0, 1.0, 1.0, 0.0, 0.0, 0.0, 1.0, 0.0, 1.0, 0.0, 1.0, 0.0, 1.0, 1.0, 0.0, 1.0, 0.0, 0.0, 0.0, 0.0, 0.0, 1.0, 1.0, 1.0, 1.0, 0.0, 1.0, 0.0, 0.0, 1.0, 1.0, 1.0, 0.0, 1.0, 1.0, 1.0, 0.0, 0.0, 1.0, 1.0, 1.0, 1.0, 1.0, 1.0, 0.0, 0.0, 0.0, 1.0, 0.0, 1.0, 0.0, 1.0, 1.0, 0.0, 1.0, 1.0, 0.0, 1.0, 1.0, 1.0, 0.0, 1.0, 1.0, 1.0, 0.0, 1.0, 0.0, 1.0, 1.0, 1.0, 0.0, 1.0, 1.0, 0.0, 0.0, 1.0, 1.0, 0.0, 0.0, 1.0, 0.0, 0.0, 0.0, 1.0, 1.0, 1.0, 0.0, 1.0, 1.0, 1.0, 1.0, 1.0, 1.0, 0.0, 1.0, 0.0, 1.0, 1.0, 0.0, 1.0, 0.0, 0.0, 1.0, 0.0, 0.0, 1.0, 0.0, 0.0, 1.0, 1.0, 1.0, 1.0, 0.0, 1.0, 0.0, 1.0, 0.0, 0.0, 0.0, 1.0, 1.0, 1.0, 1.0, 1.0, 0.0, 0.0, 1.0, 1.0, 1.0, 0.0, 1.0, 0.0, 0.0, 0.0, 1.0, 1.0, 0.0, 0.0, 1.0, 0.0, 0.0, 0.0, 0.0, 1.0, 1.0, 0.0, 1.0, 0.0, 1.0, 0.0, 1.0, 1.0, 1.0, 0.0, 0.0, 1.0, 0.0, 0.0, 1.0, 1.0, 0.0, 0.0, 1.0, 0.0, 1.0, 1.0, 0.0, 1.0, 1.0, 0.0, 1.0, 1.0, 1.0, 0.0, 0.0, 0.0, 0.0, 1.0, 1.0, 0.0, 1.0, 0.0, 1.0, 1.0, 0.0, 0.0, 0.0, 0.0, 0.0, 1.0, 0.0, 0.0, 1.0, 1.0, 0.0, 0.0, 0.0, 0.0, 1.0, 1.0, 1.0, 1.0, 1.0, 0.0, 0.0, 1.0, 1.0, 1.0, 0.0, 1.0, 0.0, 1.0, 1.0, 1.0, 1.0, 1.0, 1.0, 0.0, 1.0, 0.0, 0.0, 0.0, 1.0, 0.0, 1.0, 1.0, 0.0, 0.0, 1.0, 0.0, 0.0, 1.0, 1.0, 1.0, 0.0, 0.0, 0.0, 0.0, 1.0, 1.0, 1.0, 1.0, 1.0, 1.0, 1.0, 0.0, 0.0, 0.0, 0.0, 0.0, 1.0, 1.0, 1.0, 1.0, 0.0, 1.0, 0.0, 1.0, 1.0, 1.0, 1.0, 0.0, 0.0, 1.0, 1.0, 1.0, 0.0, 0.0, 0.0, 0.0, 0.0, 0.0, 0.0, 0.0, 0.0, 1.0, 1.0, 1.0, 1.0, 1.0, 0.0, 1.0, 1.0, 1.0, 0.0, 1.0, 1.0, 0.0, 0.0, 1.0, 1.0, 0.0, 1.0, 1.0, 1.0, 1.0, 1.0, 0.0, 0.0, 0.0, 1.0, 1.0, 1.0, 0.0, 0.0, 0.0, 0.0, 1.0, 0.0, 1.0, 1.0, 1.0, 1.0, 0.0, 1.0, 0.0, 1.0, 0.0, 0.0, 0.0, 1.0, 0.0, 1.0, 1.0, 1.0, 0.0, 1.0, 0.0, 1.0, 0.0, 0.0, 0.0, 1.0, 1.0, 0.0, 0.0, 0.0, 1.0, 1.0, 1.0, 0.0, 1.0, 1.0, 0.0, 0.0, 1.0, 1.0, 0.0, 1.0, 0.0, 0.0, 1.0, 0.0, 0.0, 0.0, 0.0, 1.0, 0.0, 0.0, 0.0, 1.0, 1.0, 1.0, 0.0, 0.0, 0.0, 1.0, 0.0, 1.0, 0.0, 1.0, 0.0, 0.0, 0.0, 1.0, 1.0, 0.0, 1.0, 0.0, 1.0, 1.0, 1.0, 0.0, 0.0, 0.0, 0.0, 1.0, 1.0, 0.0, 0.0, 1.0, 0.0, 0.0, 0.0, 0.0, 1.0, 0.0, 1.0, 0.0, 1.0, 1.0, 0.0, 1.0, 0.0, 1.0, 1.0, 0.0, 1.0, 1.0, 1.0, 0.0, 0.0, 0.0, 1.0, 0.0, 1.0, 0.0, 1.0, 0.0, 1.0, 0.0, 1.0, 0.0, 1.0, 0.0, 1.0, 0.0, 1.0, 1.0, 1.0, 0.0, 1.0, 1.0, 0.0, 1.0, 1.0, 1.0, 0.0, 1.0, 1.0, 1.0, 0.0, 0.0, 1.0, 0.0, 1.0, 1.0, 0.0, 0.0, 0.0, 1.0, 1.0, 0.0, 0.0, 0.0, 1.0, 1.0, 0.0, 0.0, 1.0, 0.0, 1.0, 1.0, 0.0, 0.0, 1.0, 1.0, 1.0, 0.0, 0.0, 1.0, 1.0, 0.0, 1.0, 0.0, 1.0, 0.0, 1.0, 0.0, 0.0, 0.0, 1.0, 1.0, 0.0, 1.0, 0.0, 0.0, 1.0, 0.0, 0.0, 1.0, 1.0, 0.0, 0.0, 0.0, 0.0, 0.0, 1.0, 1.0, 0.0, 1.0, 1.0, 1.0, 0.0, 0.0, 0.0, 1.0, 0.0, 0.0, 1.0, 0.0, 0.0, 1.0, 0.0, 0.0, 0.0, 1.0, 1.0, 1.0, 0.0, 0.0, 1.0, 1.0, 0.0, 1.0, 1.0, 0.0, 1.0, 1.0, 1.0, 0.0, 0.0, 0.0, 0.0, 0.0, 0.0, 0.0, 0.0, 1.0, 0.0, 0.0, 1.0, 1.0, 1.0, 1.0, 0.0, 0.0, 1.0, 0.0, 0.0, 0.0, 1.0, 1.0, 0.0, 1.0, 1.0, 0.0, 0.0, 1.0, 0.0, 0.0, 1.0, 1.0, 1.0, 1.0, 1.0, 1.0, 0.0, 0.0, 0.0, 1.0, 1.0, 0.0, 0.0, 1.0, 0.0, 0.0, 1.0, 1.0, 1.0, 0.0, 1.0, 0.0, 0.0, 1.0, 0.0, 1.0, 0.0, 1.0, 1.0, 1.0, 1.0, 1.0, 0.0, 1.0, 0.0, 0.0, 1.0, 1.0, 1.0, 1.0, 0.0, 0.0, 1.0, 1.0, 0.0, 1.0, 1.0, 1.0, 0.0, 0.0, 1.0, 0.0, 1.0, 1.0, 1.0, 0.0, 1.0, 1.0, 1.0, 0.0, 0.0, 0.0, 1.0, 0.0, 1.0, 0.0, 1.0, 0.0, 1.0, 0.0, 1.0, 1.0, 1.0, 0.0, 1.0, 1.0, 1.0, 1.0, 1.0, 1.0, 1.0, 0.0, 1.0, 0.0, 0.0, 0.0, 0.0, 1.0, 0.0, 1.0, 1.0, 1.0, 1.0, 0.0, 1.0, 0.0, 1.0, 1.0, 0.0, 1.0, 1.0, 0.0, 0.0, 1.0, 0.0, 0.0, 1.0, 0.0, 1.0, 1.0, 0.0, 0.0, 1.0, 0.0, 1.0, 0.0, 0.0, 0.0, 1.0, 1.0, 0.0, 1.0, 0.0, 0.0, 1.0, 0.0, 0.0, 1.0, 0.0, 0.0, 0.0, 0.0, 1.0, 0.0, 0.0, 0.0, 1.0, 0.0, 0.0, 1.0, 1.0, 1.0, 1.0, 0.0, 0.0, 0.0, 1.0, 0.0, 1.0, 1.0, 0.0, 0.0, 1.0, 0.0, 1.0, 1.0, 1.0, 0.0, 0.0, 1.0, 1.0, 1.0, 0.0, 0.0, 1.0, 1.0, 0.0, 0.0, 1.0, 0.0, 1.0, 0.0, 1.0, 0.0, 0.0, 1.0, 1.0, 0.0, 1.0, 0.0, 0.0, 1.0, 1.0, 1.0, 0.0, 1.0, 0.0, 1.0, 0.0, 0.0, 1.0, 1.0, 1.0, 1.0, 1.0, 1.0, 1.0, 0.0, 0.0, 0.0, 0.0, 0.0, 1.0, 0.0, 1.0, 0.0, 1.0, 0.0, 1.0, 0.0, 1.0, 0.0, 1.0, 0.0, 1.0, 0.0, 0.0, 0.0, 0.0, 1.0, 1.0, 0.0, 1.0, 1.0, 1.0, 0.0, 0.0, 0.0, 1.0, 0.0, 0.0, 1.0, 1.0, 0.0, 1.0, 1.0, 1.0, 1.0, 0.0, 0.0, 1.0, 0.0, 0.0, 0.0, 1.0, 1.0, 0.0, 0.0, 0.0, 1.0, 0.0, 0.0, 0.0, 1.0, 1.0, 0.0, 1.0, 1.0, 1.0, 1.0, 1.0, 0.0, 1.0, 0.0, 0.0, 0.0, 1.0, 1.0, 1.0, 0.0, 1.0, 1.0, 0.0, 1.0, 0.0, 0.0, 0.0, 0.0, 0.0, 0.0, 1.0, 0.0, 0.0, 1.0, 1.0, 0.0, 1.0, 0.0, 0.0, 0.0, 0.0, 0.0, 1.0, 0.0, 0.0, 1.0, 0.0, 1.0, 1.0, 1.0, 0.0, 0.0, 0.0, 1.0, 1.0, 1.0, 1.0, 1.0, 0.0, 0.0, 0.0, 1.0, 1.0, 0.0, 0.0, 0.0, 0.0, 0.0, 1.0, 0.0, 0.0, 1.0, 0.0, 1.0, 1.0, 0.0, 0.0, 1.0, 0.0, 1.0, 1.0, 0.0, 0.0, 0.0, 1.0, 0.0, 1.0, 0.0, 0.0, 0.0, 1.0, 1.0, 0.0, 0.0, 1.0, 0.0, 1.0, 0.0, 0.0, 1.0, 1.0, 1.0, 0.0, 1.0, 1.0, 0.0, 0.0, 1.0, 1.0, 1.0, 0.0, 0.0, 0.0, 1.0, 0.0, 1.0, 0.0, 1.0, 1.0, 0.0, 0.0, 0.0, 0.0, 1.0, 0.0, 0.0, 0.0, 0.0, 0.0, 1.0, 1.0, 0.0, 1.0, 1.0, 1.0, 0.0, 0.0, 0.0, 0.0, 1.0, 0.0, 0.0, 1.0, 0.0, 1.0, 0.0, 1.0, 1.0, 0.0, 0.0, 0.0, 0.0, 1.0, 0.0, 0.0, 1.0, 0.0, 1.0, 0.0, 1.0, 0.0, 0.0, 1.0, 0.0, 1.0, 1.0, 1.0, 0.0, 0.0, 1.0, 0.0, 0.0, 0.0, 1.0, 1.0, 0.0, 0.0, 1.0, 0.0, 1.0, 0.0, 0.0, 1.0, 0.0, 0.0, 1.0, 1.0, 1.0, 1.0, 0.0, 1.0, 1.0, 0.0, 1.0, 1.0, 0.0, 0.0, 1.0, 1.0, 0.0, 0.0, 1.0, 1.0, 0.0, 0.0, 1.0, 1.0, 1.0, 1.0, 0.0, 0.0, 0.0, 1.0, 1.0, 0.0, 1.0, 1.0, 0.0, 0.0, 0.0, 1.0, 1.0, 0.0, 1.0, 0.0, 0.0, 1.0, 1.0, 0.0, 1.0, 0.0, 0.0, 1.0, 1.0, 1.0, 1.0, 0.0, 0.0, 1.0, 1.0, 1.0, 1.0, 0.0, 1.0, 0.0, 0.0, 1.0, 1.0, 1.0, 0.0, 0.0, 0.0, 1.0, 0.0, 1.0, 1.0, 1.0, 1.0, 0.0, 1.0, 0.0, 0.0, 0.0, 0.0, 1.0, 1.0, 1.0, 0.0, 1.0, 1.0, 0.0, 0.0, 1.0, 1.0, 1.0, 0.0, 1.0, 0.0, 0.0, 0.0, 0.0, 1.0, 1.0, 0.0, 0.0, 0.0, 1.0, 0.0, 0.0, 1.0, 1.0, 0.0, 0.0, 0.0, 1.0, 1.0, 0.0, 1.0, 0.0, 0.0, 0.0, 1.0, 1.0, 1.0, 0.0, 0.0, 1.0, 0.0, 1.0, 0.0, 0.0, 0.0, 1.0, 0.0, 1.0, 0.0, 1.0, 0.0, 1.0, 0.0, 1.0, 0.0, 0.0, 0.0, 1.0, 1.0, 0.0, 1.0, 0.0, 0.0, 1.0, 1.0, 0.0, 0.0, 1.0, 0.0, 0.0, 0.0, 1.0, 0.0, 0.0, 1.0, 0.0, 0.0, 1.0, 1.0, 0.0, 1.0, 0.0, 0.0, 1.0, 1.0, 0.0, 1.0, 0.0, 1.0, 1.0, 0.0, 1.0, 0.0, 0.0, 1.0, 1.0, 1.0, 0.0, 1.0, 1.0, 1.0, 0.0, 0.0, 0.0, 0.0, 0.0, 0.0, 0.0, 1.0, 1.0, 1.0, 1.0, 1.0, 1.0, 0.0, 0.0, 0.0, 1.0, 0.0, 1.0, 1.0, 1.0, 0.0, 0.0, 0.0, 1.0, 0.0, 0.0, 0.0, 0.0, 0.0, 1.0, 1.0, 0.0, 1.0, 0.0, 1.0, 0.0, 0.0, 1.0, 1.0, 0.0, 1.0, 0.0, 1.0, 1.0, 1.0, 0.0, 1.0, 0.0, 1.0, 1.0, 0.0, 0.0, 1.0, 0.0, 0.0, 1.0, 0.0, 1.0, 1.0, 1.0, 0.0, 1.0, 1.0, 1.0, 0.0, 0.0, 0.0, 1.0, 0.0, 0.0, 1.0, 1.0, 0.0, 1.0, 0.0, 0.0, 1.0, 0.0, 0.0, 1.0, 0.0, 0.0, 0.0, 1.0, 0.0, 0.0, 0.0, 0.0, 0.0, 0.0, 1.0, 1.0, 0.0, 1.0, 1.0, 1.0, 0.0, 0.0, 1.0, 1.0, 0.0, 0.0, 0.0, 1.0, 0.0, 1.0, 0.0, 0.0, 0.0, 0.0, 1.0, 1.0, 0.0, 0.0, 0.0, 0.0, 1.0, 0.0, 1.0, 1.0, 0.0, 0.0, 0.0, 0.0, 1.0, 1.0, 0.0, 0.0, 1.0, 1.0, 0.0, 1.0, 1.0, 1.0, 0.0, 1.0, 1.0, 0.0, 1.0, 0.0, 0.0, 1.0, 0.0, 0.0, 0.0, 1.0, 1.0, 1.0, 1.0, 0.0, 1.0, 0.0, 1.0, 1.0, 1.0, 1.0, 0.0, 1.0, 0.0, 0.0, 0.0, 0.0, 1.0, 1.0, 0.0, 0.0, 1.0, 0.0, 1.0, 1.0, 0.0, 1.0, 1.0, 0.0, 0.0, 1.0, 1.0, 1.0, 1.0, 0.0, 1.0, 1.0, 1.0, 1.0, 0.0, 1.0, 0.0, 0.0, 0.0, 1.0, 0.0, 0.0, 1.0, 0.0, 0.0, 0.0, 0.0, 1.0, 1.0, 1.0, 1.0, 1.0, 1.0, 1.0, 1.0, 0.0, 1.0, 0.0, 1.0, 0.0, 0.0, 0.0, 1.0, 0.0, 1.0, 1.0, 0.0, 0.0, 1.0, 0.0, 1.0, 0.0, 0.0, 0.0, 0.0, 1.0, 1.0, 1.0, 0.0, 0.0, 0.0, 1.0, 0.0, 0.0, 1.0, 1.0, 0.0, 0.0, 1.0, 0.0, 1.0, 1.0, 0.0, 1.0, 0.0, 1.0, 0.0, 1.0, 1.0, 1.0, 1.0, 1.0, 1.0, 1.0, 1.0, 0.0, 0.0, 0.0, 1.0, 0.0, 0.0, 1.0, 1.0, 1.0, 1.0, 1.0, 0.0, 0.0, 1.0, 1.0, 1.0, 0.0, 0.0, 0.0, 0.0, 0.0, 0.0, 1.0, 0.0, 0.0, 1.0, 1.0, 1.0, 1.0, 0.0, 0.0, 1.0, 1.0, 0.0, 0.0, 0.0, 0.0, 1.0, 0.0, 1.0, 1.0, 1.0, 0.0, 1.0, 0.0, 1.0, 1.0, 1.0, 1.0, 1.0, 1.0, 0.0, 0.0, 0.0, 1.0, 1.0, 1.0, 0.0, 1.0, 1.0, 1.0, 0.0, 1.0, 1.0, 0.0, 1.0, 0.0, 1.0, 0.0, 1.0, 0.0, 1.0, 1.0, 1.0, 0.0, 0.0, 1.0, 0.0, 1.0, 1.0, 1.0, 1.0, 0.0, 0.0, 1.0, 1.0, 1.0, 0.0, 0.0, 0.0, 1.0, 1.0, 0.0, 1.0, 1.0, 0.0, 1.0, 0.0, 0.0, 0.0, 1.0, 0.0, 1.0, 0.0, 0.0, 0.0, 0.0, 0.0, 0.0, 0.0, 1.0, 1.0, 0.0, 0.0, 1.0, 0.0, 1.0, 0.0, 1.0, 0.0, 0.0, 1.0, 0.0, 1.0, 0.0, 1.0, 1.0, 1.0, 0.0, 0.0, 0.0, 0.0, 0.0, 1.0, 1.0, 1.0, 1.0, 0.0, 0.0, 0.0, 0.0, 1.0, 1.0, 0.0, 1.0, 1.0, 0.0, 0.0, 1.0, 1.0, 1.0, 1.0, 1.0, 1.0, 1.0, 0.0, 0.0, 0.0, 1.0, 0.0, 0.0, 0.0, 1.0, 0.0, 1.0, 0.0, 1.0, 1.0, 0.0, 1.0, 1.0, 0.0, 0.0, 0.0, 0.0, 1.0, 1.0, 0.0, 0.0, 1.0, 0.0, 1.0, 0.0, 0.0, 0.0, 1.0, 0.0, 1.0, 0.0, 0.0, 0.0, 0.0, 0.0, 0.0, 0.0, 1.0, 0.0, 0.0, 0.0, 1.0, 1.0, 0.0, 0.0, 1.0, 0.0, 1.0, 0.0, 0.0, 1.0, 0.0, 1.0, 0.0, 0.0, 1.0, 0.0, 0.0, 1.0, 1.0, 1.0, 1.0, 1.0, 0.0, 0.0, 1.0, 1.0, 0.0, 1.0, 0.0, 0.0, 1.0, 0.0, 1.0, 1.0, 0.0, 1.0, 1.0, 1.0, 0.0, 1.0, 0.0, 1.0, 0.0, 0.0, 1.0, 0.0, 1.0, 0.0, 1.0, 1.0, 0.0, 0.0, 1.0, 1.0, 1.0, 1.0, 0.0, 1.0, 0.0, 0.0, 0.0, 1.0, 1.0, 1.0, 1.0, 0.0, 1.0, 1.0, 1.0, 1.0, 0.0, 1.0, 0.0, 1.0, 0.0, 0.0, 0.0, 0.0, 1.0, 1.0, 1.0, 0.0, 1.0, 1.0, 0.0, 1.0, 0.0, 1.0, 1.0, 1.0, 0.0, 1.0, 1.0, 1.0, 0.0, 1.0, 0.0, 0.0, 0.0, 0.0, 0.0, 0.0, 1.0, 1.0, 1.0, 1.0, 0.0, 1.0, 0.0, 1.0, 1.0, 0.0, 1.0, 1.0, 1.0, 1.0, 1.0, 0.0, 0.0, 0.0, 0.0, 0.0, 1.0, 0.0, 0.0, 0.0, 1.0, 0.0, 0.0, 0.0, 1.0, 0.0, 0.0, 1.0, 1.0, 1.0, 1.0, 0.0, 0.0, 1.0, 1.0, 0.0, 1.0, 0.0, 1.0, 0.0, 1.0, 1.0, 0.0, 0.0, 0.0, 1.0, 0.0, 0.0, 1.0, 0.0, 1.0, 0.0, 1.0, 1.0, 1.0, 0.0, 1.0, 0.0, 0.0, 0.0, 0.0, 0.0, 0.0, 0.0, 0.0, 1.0, 0.0, 0.0, 0.0, 1.0, 1.0, 1.0, 0.0, 1.0, 1.0, 1.0, 0.0, 0.0, 0.0, 1.0, 1.0, 1.0, 0.0, 1.0, 1.0, 0.0, 0.0, 1.0, 1.0, 1.0, 1.0, 1.0, 0.0, 0.0, 0.0, 1.0, 1.0, 1.0, 1.0, 1.0, 1.0, 0.0, 0.0, 0.0, 0.0, 0.0, 1.0, 0.0, 0.0, 0.0, 0.0, 1.0, 1.0, 0.0, 1.0, 1.0, 0.0, 0.0, 1.0, 0.0, 0.0, 1.0, 1.0, 1.0, 0.0, 1.0, 1.0, 0.0, 0.0, 0.0, 0.0, 0.0, 1.0, 1.0, 1.0, 1.0, 0.0, 1.0, 0.0, 1.0, 1.0, 1.0, 0.0, 1.0, 1.0, 0.0, 1.0, 1.0, 0.0, 1.0, 0.0, 0.0, 0.0, 0.0, 1.0, 0.0, 0.0, 0.0, 1.0, 1.0, 0.0, 1.0, 1.0, 0.0, 0.0, 0.0, 1.0, 1.0, 1.0, 1.0, 1.0, 1.0, 1.0, 1.0, 0.0, 1.0, 0.0, 1.0, 1.0, 0.0, 1.0, 1.0, 0.0, 0.0, 0.0, 0.0, 1.0, 1.0, 0.0, 0.0, 0.0, 0.0, 0.0, 0.0, 1.0, 1.0, 0.0, 1.0, 1.0, 1.0, 0.0, 0.0, 0.0, 1.0, 1.0, 1.0, 1.0, 1.0, 1.0, 1.0, 1.0, 0.0, 0.0, 1.0, 0.0, 0.0, 0.0, 1.0, 0.0, 0.0, 0.0, 0.0, 0.0, 0.0, 1.0, 0.0, 1.0, 1.0, 1.0, 0.0, 0.0, 0.0, 1.0, 0.0, 1.0, 1.0, 1.0, 0.0, 0.0, 1.0, 0.0, 0.0, 1.0, 0.0, 1.0, 1.0, 1.0, 1.0, 1.0, 1.0, 1.0, 0.0, 0.0, 0.0, 0.0, 0.0, 0.0, 1.0, 1.0, 1.0, 1.0, 1.0, 1.0, 0.0, 1.0, 0.0, 1.0, 0.0, 1.0, 0.0, 0.0, 1.0, 1.0, 0.0, 1.0, 0.0, 1.0, 0.0, 1.0, 0.0, 1.0, 0.0, 1.0, 1.0, 0.0, 1.0, 0.0, 1.0, 0.0, 0.0, 0.0, 1.0, 1.0, 0.0, 0.0, 1.0, 0.0, 1.0, 1.0, 1.0, 0.0, 1.0, 1.0, 0.0, 0.0, 0.0, 0.0, 1.0, 0.0, 0.0, 1.0, 0.0, 1.0, 0.0, 0.0, 0.0, 1.0, 0.0, 1.0, 1.0, 1.0, 0.0, 1.0, 1.0, 0.0, 1.0, 1.0, 0.0, 0.0, 1.0, 0.0, 1.0, 1.0, 0.0, 0.0, 1.0, 1.0, 0.0, 1.0, 0.0, 0.0, 1.0, 1.0, 1.0, 1.0, 1.0, 1.0, 1.0, 0.0, 0.0, 1.0, 0.0, 1.0, 0.0, 0.0, 1.0, 0.0, 1.0, 1.0, 1.0, 1.0, 0.0, 0.0, 0.0, 0.0, 0.0, 1.0, 1.0, 0.0, 0.0, 0.0, 1.0, 1.0, 0.0, 0.0, 1.0, 0.0, 0.0, 1.0, 0.0, 1.0, 1.0, 1.0, 1.0, 1.0, 0.0, 1.0, 0.0, 1.0, 0.0, 1.0, 0.0, 1.0, 1.0, 0.0, 0.0, 0.0, 0.0, 1.0, 1.0, 1.0, 1.0, 1.0, 0.0, 0.0, 1.0, 1.0, 1.0, 0.0, 1.0, 1.0, 1.0, 1.0, 0.0, 0.0, 0.0, 1.0, 1.0, 1.0, 0.0, 1.0, 1.0, 0.0, 0.0, 0.0, 1.0, 1.0, 0.0, 0.0, 0.0, 0.0, 1.0, 1.0, 0.0, 0.0, 1.0, 1.0, 0.0, 0.0, 1.0, 1.0, 0.0, 1.0, 0.0, 0.0, 1.0, 0.0, 0.0, 1.0, 1.0, 1.0, 0.0, 1.0, 0.0, 1.0, 1.0, 1.0, 1.0, 1.0, 1.0, 0.0, 1.0, 0.0, 1.0, 0.0, 0.0, 1.0, 1.0, 1.0, 1.0, 0.0, 1.0, 0.0, 0.0, 1.0, 0.0, 0.0, 1.0, 1.0, 0.0, 1.0, 1.0, 1.0, 0.0, 0.0, 1.0, 0.0, 1.0, 0.0, 0.0, 1.0, 0.0, 1.0, 0.0, 1.0, 0.0, 1.0, 0.0, 0.0, 1.0, 1.0, 1.0, 0.0, 1.0, 0.0, 0.0, 0.0, 1.0, 1.0, 0.0, 1.0, 0.0, 1.0, 0.0, 0.0, 0.0, 0.0, 1.0, 0.0, 0.0, 1.0, 0.0, 0.0, 0.0, 1.0, 1.0, 1.0, 1.0, 0.0, 1.0, 1.0, 0.0, 1.0, 0.0, 0.0, 0.0, 0.0, 1.0, 1.0, 0.0, 0.0, 1.0, 0.0, 1.0, 0.0, 1.0, 0.0, 0.0, 0.0, 1.0, 0.0, 0.0, 1.0, 0.0, 1.0, 0.0, 0.0, 1.0, 0.0, 1.0, 1.0, 1.0, 1.0, 0.0, 0.0, 0.0, 1.0, 1.0, 0.0, 1.0, 0.0, 0.0, 0.0, 1.0, 1.0, 1.0, 0.0, 1.0, 0.0, 0.0, 1.0, 0.0, 1.0, 1.0, 0.0, 1.0, 1.0, 1.0, 1.0, 0.0, 1.0, 1.0, 1.0, 1.0, 0.0, 1.0, 0.0, 1.0, 0.0, 1.0, 1.0, 1.0, 1.0, 0.0, 0.0, 0.0, 0.0, 0.0, 1.0, 1.0, 0.0, 0.0, 1.0, 0.0, 1.0, 0.0, 1.0, 0.0, 1.0, 0.0, 1.0, 1.0, 0.0, 0.0, 0.0, 0.0, 0.0, 1.0, 1.0, 1.0, 1.0, 1.0, 0.0, 1.0, 1.0, 1.0, 0.0, 0.0, 1.0, 0.0, 0.0, 1.0, 0.0, 1.0, 1.0, 1.0, 0.0, 1.0, 0.0, 0.0, 1.0, 0.0, 0.0, 1.0, 1.0, 1.0, 1.0, 1.0, 0.0, 1.0, 0.0, 0.0, 1.0, 1.0, 0.0, 1.0, 0.0, 1.0, 0.0, 0.0, 0.0, 1.0, 1.0, 0.0, 0.0, 1.0, 1.0, 0.0, 1.0, 1.0, 1.0, 0.0, 0.0, 0.0, 1.0, 0.0, 0.0, 0.0, 1.0, 1.0, 1.0, 1.0, 1.0, 1.0, 1.0, 0.0, 1.0, 0.0, 1.0, 0.0, 1.0, 0.0, 1.0, 0.0, 0.0, 1.0, 1.0, 0.0, 1.0, 1.0, 1.0, 0.0, 1.0, 1.0, 0.0, 0.0, 0.0, 0.0, 1.0, 1.0, 0.0, 1.0, 0.0, 1.0, 0.0, 1.0, 0.0, 1.0, 1.0, 0.0, 0.0, 0.0, 0.0, 1.0, 1.0, 1.0, 1.0, 0.0, 0.0, 0.0, 1.0, 0.0, 0.0, 1.0, 0.0, 0.0, 1.0, 0.0, 0.0, 0.0, 0.0, 0.0, 1.0, 0.0, 0.0, 0.0, 0.0, 1.0, 1.0, 0.0, 1.0, 1.0, 0.0, 0.0, 1.0, 0.0, 1.0, 1.0, 0.0, 0.0, 1.0, 1.0, 0.0, 0.0, 0.0, 0.0, 1.0, 0.0, 0.0, 0.0, 0.0, 0.0, 0.0, 1.0, 1.0, 0.0, 0.0, 1.0, 1.0, 0.0, 0.0, 0.0, 0.0, 0.0, 1.0, 0.0, 1.0, 0.0, 1.0, 1.0, 0.0, 1.0, 1.0, 1.0, 1.0, 0.0, 0.0, 0.0, 0.0, 1.0, 1.0, 1.0, 0.0, 1.0, 0.0, 0.0, 0.0, 0.0, 1.0, 0.0, 1.0, 0.0, 1.0, 0.0, 0.0, 1.0, 1.0, 1.0, 1.0, 1.0, 0.0, 0.0, 1.0, 0.0, 1.0, 1.0, 1.0, 1.0, 1.0, 1.0, 1.0, 1.0, 0.0, 1.0, 1.0, 1.0, 0.0, 0.0, 1.0, 1.0, 0.0, 1.0, 1.0, 1.0, 1.0, 0.0, 0.0, 1.0, 1.0, 1.0, 1.0, 0.0, 1.0, 1.0, 1.0, 0.0, 1.0, 1.0, 0.0, 0.0, 0.0, 1.0, 1.0, 1.0, 1.0, 0.0, 1.0, 1.0, 1.0, 1.0, 1.0, 0.0, 1.0, 1.0, 1.0, 0.0, 0.0, 0.0, 1.0, 1.0, 1.0, 1.0, 1.0, 0.0, 0.0, 0.0, 0.0, 1.0, 0.0, 1.0, 1.0, 1.0, 1.0, 1.0, 1.0, 0.0, 0.0, 0.0, 1.0, 1.0, 1.0, 0.0, 0.0, 0.0, 0.0, 1.0, 1.0, 1.0, 0.0, 0.0, 1.0, 0.0, 1.0, 1.0, 0.0, 0.0, 1.0, 0.0, 1.0, 1.0, 0.0, 1.0, 0.0, 0.0, 1.0, 0.0, 0.0, 1.0, 0.0, 0.0, 1.0, 1.0, 1.0, 0.0, 0.0, 0.0, 0.0, 0.0, 0.0, 1.0, 0.0, 0.0, 0.0, 0.0, 1.0, 1.0, 0.0, 1.0, 0.0, 0.0, 0.0, 0.0, 0.0, 1.0, 1.0, 1.0, 1.0, 1.0, 0.0, 1.0, 1.0, 1.0, 0.0, 0.0, 0.0, 0.0, 1.0, 0.0, 1.0, 1.0, 1.0, 0.0, 1.0, 1.0, 1.0, 0.0, 1.0, 1.0, 1.0, 1.0, 0.0, 1.0, 0.0, 0.0, 0.0, 0.0, 1.0, 1.0, 0.0, 0.0, 1.0, 1.0, 1.0, 0.0, 0.0, 1.0, 0.0, 0.0, 1.0, 0.0, 0.0, 1.0, 0.0, 0.0, 1.0, 0.0, 0.0, 0.0, 1.0, 1.0, 1.0, 0.0, 1.0, 0.0, 1.0, 0.0, 1.0, 0.0, 1.0, 0.0, 1.0, 0.0, 0.0, 1.0, 0.0, 1.0, 1.0, 1.0, 0.0, 0.0, 0.0, 0.0, 0.0, 1.0, 1.0, 1.0, 0.0, 0.0, 0.0, 1.0, 0.0, 1.0, 1.0, 1.0, 0.0, 0.0, 0.0, 1.0, 0.0, 1.0, 0.0, 1.0, 1.0, 0.0, 0.0, 1.0, 0.0, 1.0, 1.0, 0.0, 0.0, 1.0, 1.0, 0.0, 0.0, 0.0, 0.0, 0.0, 0.0, 1.0, 1.0, 0.0, 0.0, 0.0, 1.0, 0.0, 1.0, 1.0, 0.0, 1.0, 1.0, 0.0, 0.0, 1.0, 0.0, 1.0, 1.0, 0.0, 0.0, 0.0, 1.0, 1.0, 1.0, 0.0, 1.0, 1.0, 0.0, 0.0, 0.0, 1.0, 0.0, 0.0, 1.0, 0.0, 1.0, 0.0, 0.0, 1.0, 0.0, 0.0, 0.0, 0.0, 1.0, 0.0, 0.0, 1.0, 0.0, 1.0, 0.0, 0.0, 0.0, 0.0, 0.0, 1.0, 1.0, 0.0]","['lNONHSAG000603', 'lNONHSAG002058', 'lNONHSAG002454', 'lNONHSAG003505', 'lNONHSAG003512', 'lNONHSAG004095', 'lNONHSAG005153', 'lNONHSAG005920', 'lNONHSAG006362', 'lNONHSAG006756', 'lNONHSAG007295', 'lNONHSAG008167', 'lNONHSAG008859', 'lNONHSAG010405', 'lNONHSAG010716', 'lNONHSAG011343', 'lNONHSAG012076', 'lNONHSAG012594', 'lNONHSAG013095', 'lNONHSAG013515', 'lNONHSAG013730', 'lNONHSAG013946', 'lNONHSAG015163', 'lNONHSAG015234', 'lNONHSAG015417', 'lNONHSAG015505', 'lNONHSAG015623', 'lNONHSAG015788', 'lNONHSAG016395', 'lNONHSAG017349', 'lNONHSAG018326', 'lNONHSAG018709', 'lNONHSAG018829', 'lNONHSAG019090', 'lNONHSAG019270', 'lNONHSAG019898', 'lNONHSAG020281', 'lNONHSAG020304', 'lNONHSAG020367', 'lNONHSAG020403', 'lNONHSAG020474', 'lNONHSAG020616', 'lNONHSAG021042', 'lNONHSAG021641', 'lNONHSAG022162', 'lNONHSAG022495', 'lNONHSAG023494', 'lNONHSAG023885', 'lNONHSAG024244', 'lNONHSAG024341', 'lNONHSAG024354', 'lNONHSAG024362', 'lNONHSAG024428', 'lNONHSAG024668', 'lNONHSAG024676', 'lNONHSAG024921', 'lNONHSAG025011', 'lNONHSAG025137', 'lNONHSAG025934', 'lNONHSAG025939', 'lNONHSAG026053', 'lNONHSAG026089', 'lNONHSAG026386', 'lNONHSAG026856', 'lNONHSAG027709', 'lNONHSAG028112', 'lNONHSAG028713', 'lNONHSAG029961', 'lNONHSAG030582', 'lNONHSAG031563', 'lNONHSAG031565', 'lNONHSAG031636', 'lNONHSAG031696', 'lNONHSAG031853', 'lNONHSAG032664', 'lNONHSAG033266', 'lNONHSAG033480', 'lNONHSAG033735', 'lNONHSAG033748', 'lNONHSAG033899', 'lNONHSAG034417', 'lNONHSAG034492', 'lNONHSAG036413', 'lNONHSAG037241', 'lNONHSAG037891', 'lNONHSAG038578', 'lNONHSAG039319', 'lNONHSAG040329', 'lNONHSAG040481', 'lNONHSAG041023', 'lNONHSAG041529', 'lNONHSAG042050', 'lNONHSAG042080', 'lNONHSAG042270', 'lNONHSAG042433', 'lNONHSAG042491', 'lNONHSAG042724', 'lNONHSAG044283', 'lNONHSAG045430', 'lNONHSAG046781', 'lNONHSAG047543', 'lNONHSAG047544', 'lNONHSAG047547', 'lNONHSAG047973', 'lNONHSAG048114', 'lNONHSAG048270', 'lNONHSAG048464', 'lNONHSAG048598', 'lNONHSAG049626', 'lNONHSAG050670', 'lNONHSAG051260', 'lNONHSAG051958', 'lNONHSAG052119', 'lNONHSAG052151', 'lNONHSAG052933', 'lNONHSAG053228', 'lNONHSAG053419', 'lNONHSAG053546', 'lNONHSAG053602', 'lNONHSAG054024', 'lNONHSAG054213', 'lNONHSAG054215', 'lNONHSAG054699', 'lNONHSAG054718', 'lNONHSAG054791', 'lNONHSAG055558', 'lNONHSAG056733', 'lNONHSAG056868', 'lNONHSAG061404', 'lNONHSAG069030', 'lNONHSAG070257', 'lNONHSAG081583', 'lNONHSAG083209', 'lNONHSAG083859', 'lNONHSAG085975', 'lNONHSAG099120', 'lNONHSAG099126', 'lNONHSAG103259', 'lNONHSAG110420', 'lENSG00000224614', 'lENSG00000227256', 'lENSG00000229388', 'lENSG00000230313', 'lENSG00000230866', 'lENSG00000231437', 'lENSG00000232265', 'lENSG00000234222', 'lENSG00000234625', 'lENSG00000243479', 'lENSG00000244124', 'lENSG00000245146', 'lENSG00000251003', 'lENSG00000254418', 'lENSG00000255553', 'lENSG00000260969', 'lENSG00000261780', 'lENSG00000267413', 'lENSG00000274372', 'lENSG00000224739', 'lMIR181A1HG', 'lTPTEP1', 'lLINC00461', 'lLINC00514', 'lRP1-283E3.8', 'lRP11-108M9.3', 'lRP11-495P10.8', 'lNONHSAG002726', 'lNONHSAG003227', 'lNONHSAG004227', 'lNONHSAG004475', 'lNONHSAG005797', 'lNONHSAG005936', 'lNONHSAG006290', 'lNONHSAG006376', 'lNONHSAG006382', 'lNONHSAG006388', 'lNONHSAG006395', 'lNONHSAG006412', 'lNONHSAG006493', 'lNONHSAG006536', 'lNONHSAG006551', 'lNONHSAG006557', 'lNONHSAG006832', 'lNONHSAG007414', 'lNONHSAG007488', 'lNONHSAG007533', 'lNONHSAG007543', 'lNONHSAG007599', 'lENSG00000178248', 'lENSG00000205018', 'lENSG00000223537', 'lENSG00000223786', 'lENSG00000224922', 'lENSG00000225325', 'lENSG00000225588', 'lENSG00000225761', 'lENSG00000226193', 'lENSG00000226542', 'lENSG00000226883', 'lENSG00000227125', 'lENSG00000227131', 'lENSG00000227181', 'lENSG00000227496', 'lENSG00000228082', 'lENSG00000228170', 'lENSG00000228351', 'lENSG00000228852', 'lENSG00000229297', 'lENSG00000229379', 'lENSG00000229457', 'lENSG00000229528', 'lENSG00000229999', 'lENSG00000230010', 'lENSG00000230190', 'lENSG00000230735', 'lENSG00000231082', 'lENSG00000231597', 'lENSG00000231678', 'lENSG00000231724', 'lENSG00000232031', 'lENSG00000232310', 'lENSG00000233179', 'lENSG00000233219', 'lENSG00000233472', 'lENSG00000233581', 'lENSG00000233625', 'lENSG00000234961', 'lENSG00000236242', 'lENSG00000237058', 'lENSG00000237331', 'lENSG00000237481', 'lENSG00000237571', 'lENSG00000237734', 'lENSG00000237802', 'lENSG00000238282', 'lENSG00000242012', 'lENSG00000242072', 'lENSG00000242339', 'lENSG00000243273', 'lENSG00000244327', 'lENSG00000248393', 'lENSG00000248416', 'lENSG00000248457', 'lENSG00000248599', 'lENSG00000248984', 'lENSG00000249409', 'lENSG00000249426', 'lENSG00000250877', 'lENSG00000250910', 'lENSG00000250929', 'lENSG00000251688', 'lENSG00000253171', 'lENSG00000253397', 'lENSG00000253530', 'lENSG00000254026', 'lENSG00000254084', 'lENSG00000254177', 'lENSG00000254239', 'lENSG00000254242', 'lENSG00000254347', 'lENSG00000254350', 'lENSG00000255114', 'lENSG00000255167', 'lENSG00000255271', 'lENSG00000255443', 'lENSG00000256482', 'lENSG00000256733', 'lENSG00000257096', 'lENSG00000257514', 'lENSG00000258308', 'lENSG00000258745', 'lENSG00000259188', 'lENSG00000259532', 'lENSG00000259636', 'lENSG00000259757', 'lENSG00000259767', 'lENSG00000260304', 'lENSG00000260476', 'lENSG00000260586', 'lENSG00000260741', 'lENSG00000260934', 'lENSG00000260986', 'lENSG00000261507', 'lENSG00000261671', 'lENSG00000261761', 'lENSG00000263982', 'lENSG00000263986', 'lENSG00000265443', 'lENSG00000265728', 'lENSG00000265845', 'lENSG00000265980', 'lENSG00000267057', 'lENSG00000267274', 'lENSG00000268296', 'lENSG00000268743', 'lENSG00000269504', 'lENSG00000271717', 'lENSG00000272995', 'lENSG00000273449', 'lENSG00000274227', 'lENSG00000275871', 'lENSG00000276533', 'lENSG00000277332', 'lENSG00000278944', 'lENSG00000280580', 'lENSG00000283973', 'lENSG00000284994', 'lENSG00000286076', 'lENSG00000286168', 'lENSG00000286436', 'lENSG00000286461', 'lENSG00000286565', 'lENSG00000286639', 'lENSG00000287687', 'lENSG00000211683', 'lENSG00000249159', 'lENSG00000251506', 'lENSG00000255325', 'lENSG00000272369', 'lENSG00000258631', 'lENSG00000279472', 'lENSG00000253701', 'lMIR24-2']","[0.0, 0.0, 1.0, 1.0, 0.0, 0.0, 1.0, 1.0, 0.0, 0.0, 1.0, 1.0, 1.0, 0.0, 0.0, 1.0, 0.0, 1.0, 1.0, 0.0, 0.0, 1.0, 0.0, 1.0, 0.0, 1.0, 1.0, 0.0, 0.0, 1.0, 0.0, 0.0, 0.0, 0.0, 1.0, 1.0, 0.0, 1.0, 1.0, 1.0, 1.0, 0.0, 0.0, 0.0, 0.0, 1.0, 1.0, 0.0, 1.0, 1.0, 0.0, 0.0, 0.0, 1.0, 1.0, 0.0, 0.0, 0.0, 0.0, 0.0, 1.0, 1.0, 1.0, 0.0, 1.0, 0.0, 0.0, 1.0, 0.0, 0.0, 0.0, 1.0, 1.0, 0.0, 1.0, 0.0, 1.0, 0.0, 0.0, 0.0, 1.0, 1.0, 0.0, 0.0, 1.0, 1.0, 0.0, 1.0, 1.0, 0.0, 1.0, 0.0, 1.0, 1.0, 0.0, 1.0, 0.0, 0.0, 0.0, 0.0, 0.0, 1.0, 1.0, 1.0, 0.0, 0.0, 0.0, 1.0, 1.0, 1.0, 0.0, 0.0, 1.0, 0.0, 1.0, 1.0, 0.0, 0.0, 1.0, 1.0, 1.0, 0.0, 0.0, 1.0, 1.0, 0.0, 1.0, 1.0, 1.0, 0.0, 0.0, 1.0, 1.0, 0.0, 1.0, 1.0, 1.0, 0.0, 0.0, 0.0, 0.0, 1.0, 0.0, 1.0, 0.0, 0.0, 0.0, 1.0, 1.0, 0.0, 0.0, 0.0, 1.0, 1.0, 0.0, 0.0, 1.0, 0.0, 0.0, 0.0, 1.0, 0.0, 1.0, 0.0, 1.0, 1.0, 0.0, 0.0, 0.0, 1.0, 1.0, 0.0, 1.0, 0.0, 0.0, 0.0, 0.0, 0.0, 1.0, 1.0, 0.0, 0.0, 0.0, 1.0, 0.0, 1.0, 1.0, 0.0, 1.0, 0.0, 0.0, 1.0, 1.0, 0.0, 0.0, 1.0, 0.0, 1.0, 0.0, 1.0, 0.0, 0.0, 1.0, 1.0, 1.0, 0.0, 0.0, 0.0, 0.0, 0.0, 0.0, 0.0, 1.0, 1.0, 0.0, 0.0, 1.0, 1.0, 1.0, 1.0, 1.0, 1.0, 1.0, 0.0, 1.0, 1.0, 0.0, 1.0, 1.0, 0.0, 1.0, 0.0, 0.0, 0.0, 0.0, 0.0, 0.0, 1.0, 1.0, 1.0, 1.0, 1.0, 0.0, 1.0, 0.0, 0.0, 1.0, 0.0, 0.0, 1.0, 0.0, 0.0, 0.0, 1.0, 1.0, 0.0, 0.0, 1.0, 1.0, 0.0, 0.0, 1.0, 0.0, 0.0, 0.0, 1.0, 1.0, 0.0, 0.0, 0.0, 0.0, 0.0, 0.0, 1.0, 0.0, 0.0, 0.0, 1.0, 0.0, 0.0, 0.0, 1.0, 1.0, 0.0, 1.0, 1.0, 0.0, 1.0, 1.0, 0.0, 0.0, 0.0, 1.0, 1.0, 0.0, 0.0, 1.0, 0.0, 0.0, 0.0, 1.0, 1.0, 0.0, 0.0, 1.0, 1.0, 0.0, 0.0, 0.0, 1.0, 0.0, 0.0, 1.0, 1.0, 1.0, 1.0, 0.0, 0.0, 1.0, 1.0, 1.0, 0.0, 0.0]","[0, 0, 0, 1, 1, 1, 0, 1, 0, 0, 1, 0, 1, 1, 0, 0, 1, 0, 0, 0, 1, 1, 1, 0, 1, 1, 1, 1, 0, 0, 0, 1, 1, 0, 0, 0, 1, 0, 0, 0, 1, 1, 0, 1, 0, 1, 0, 1, 0, 1, 1, 1, 1, 0, 1, 0, 1, 1, 1, 0, 0, 1, 0, 0, 0, 0, 1, 1, 1, 0, 1, 1, 1, 1, 0, 0, 1, 1, 1, 1, 1, 1, 1, 1, 1, 1, 0, 1, 1, 0, 0, 1, 0, 1, 1, 1, 0, 1, 0, 1, 0, 1, 0, 1, 0, 1, 1, 1, 1, 1, 0, 1, 1, 1, 0, 1, 0, 1, 1, 1, 1, 1, 1, 0, 1, 0, 1, 1, 0, 1, 0, 1, 0, 1, 1, 1, 0, 1, 1, 0, 1, 1, 0, 0, 0, 1, 0, 1, 1, 0, 0, 1, 1, 0, 0, 1, 0, 0, 1, 1, 1, 1, 1, 0, 1, 1, 1, 1, 1, 0, 0, 0, 1, 1, 0, 1, 1, 0, 0, 1, 1, 0, 0, 1, 0, 1, 1, 1, 1, 0, 1, 1, 0, 0, 0, 0, 1, 0, 0, 1, 1, 0, 0, 1, 1, 0, 1, 0, 1, 1, 1, 0, 1, 0, 0, 0, 1, 0, 0, 1, 0, 1, 1, 0, 1, 1, 1, 1, 0, 0, 0, 1, 0, 1, 0, 1, 1, 0, 1, 1, 1, 1, 1, 0, 1, 0, 0, 1, 0, 0, 0, 1, 0, 0, 0, 0, 1, 0, 0, 0, 1, 1, 1, 0, 0, 1, 0, 1, 1, 1, 0, 1, 0, 1, 1, 0, 1, 0, 1, 0, 1, 0, 1, 1, 0, 1, 1, 1, 1, 0, 0, 1, 0, 0, 0, 1, 0, 0, 0, 1, 0, 0, 0, 1, 0, 1, 0, 1, 1, 1, 0, 1, 0, 1, 1, 0, 0, 0, 1, 0, 1, 1, 1]","[-0.03722594722755182, -0.1725680187006207, -0.003993481834284857, 0.22961111840728596, 0.10965652907937604, 0.05014394059304014, -0.11911207198452892, 0.1714839675092019, -0.06819463441032173, -0.35180562479930266, 0.0837233800130743, -0.17353615665428904, 0.0961597890926855, 0.01303449240432994, -0.011634259521619256, -0.027027367077105097, 0.05082419063054819, -0.05109019469925971, -0.055349880659900236, -0.17363159840022216, 0.022491787567854943, 0.03312715465213764, 0.2420758762556696, -0.012309083305452467, 0.15477330681246923, 0.11986483352489771, 0.12751126680283506, 0.055754060136127465, -0.04455581594561234, -0.11632778604552299, -0.2742542953507803, 0.07009087894870711, 0.2404967376983249, -0.012841287086166303, -0.13189063460858022, -0.3021256926122007, 0.20048453614352366, -0.028121565894013073, -0.1405324360430438, -0.04048939875712068, 0.11777145175798417, 0.1638244586848767, -0.2273011749046612, 0.24408925351339492, -0.23383642539060204, 0.13934649306695676, -0.05669226612633696, 0.20651230151850172, -0.317916380792977, 0.5420234128231236, 0.06283398676098437, 0.16225795282068753, 0.046446688213895165, -0.16958212847671741, 0.23185208787449782, -0.15715114192381122, 0.305843301639265, 0.14966246785298407, 0.035037912115926745, -0.20828492163106296, -0.14942981989705342, 0.051813480430248554, -0.11308235256518542, -0.13078069139507068, -0.1313997798592226, -0.12025131694701144, 0.28251452877037764, 0.1832193839026077, 0.01372729763960831, -0.19187387079849397, 0.05964175727428153, 0.14388632293271184, 0.17767650221328155, 0.05888755002295018, -0.06384832276050204, -0.45752973147563925, 0.07182729170606003, 0.16998060656714828, 0.18502062336923328, 0.18895834984585488, 0.09564552766794596, 0.0018396172504635266, 0.23360862394776657, 0.1605456980646602, 0.12124995740210928, 0.10747874972837043, -0.08181014236561615, 0.4295568262215337, 0.30400762331129805, -0.01282477849643196, -0.037988901575723794, 0.3039751285487675, -0.2894918855879043, 0.14172957203676348, 0.02973644396275696, 0.03452423866921614, -0.05932432585288619, 0.027777086550671876, -0.16050157259038492, 0.3137147215898146, -0.2526654553506358, 0.009079474855356623, -0.033083639138094006, 0.09295186820387077, -0.1460669759188811, 0.14324253325582423, 0.16861857087802876, 0.21132340496356236, 0.14628824199319454, 0.21638821582302278, -0.332235342301785, 0.05717829341567168, 0.08736496332494778, 0.1952342113358911, -0.18258372164527795, 0.09854041462047111, -0.018600299844658635, 0.20317600739471328, 0.04342283570762892, 0.13129886604767546, 0.1000820194927918, 0.1476123873423356, 0.08579077156924961, -0.07141774642071932, 0.1306880759162636, -0.005754177695644486, 0.04911184428081669, 0.01664288606333028, -0.13483649658264432, 1.457273621553119, -0.10650764170765561, 0.01291652554711395, -0.07435470274672976, 0.06665470710107432, 0.11556829418830447, 0.1498868902887702, -0.04270030161976737, 0.026089187183756274, 0.27355763572866465, -0.09090841557006082, 0.06724484345290535, 0.08439419325388628, -0.20775282208712834, -0.2493130049591699, -0.12964247327824643, 0.1153295317933258, -0.17280736076650352, 0.08385243217843905, 0.09321800535270428, -0.07089748198246418, -0.21481181535916163, 0.13231096362494374, 0.04931552116511281, -0.014189926021710902, -0.29922582534190934, 0.09757814471469126, -0.10552021561734828, -0.21314047433823372, 0.018322040618878405, 0.14184150137435655, 0.11270397159747955, 0.08751028125681867, 0.11007756921778442, -0.21969592680223296, 0.014565147244151228, 0.006823643043108313, 0.11879266221195547, 0.010463080813084752, 0.04684667340612411, -0.04201269764684404, -0.050794799562651455, -0.10880024322344897, 0.1342112007124445, 0.21484358363310904, -0.14946299104794483, 0.08902570434018739, 0.17728933914620978, -0.13185267725527797, -0.21968457603109218, 0.016473707899518047, 0.033566338209125995, -0.18644283805696474, -0.01753700816062323, 0.016975569971750176, -0.07996923501706202, 0.0851857231930637, 0.05665277656281817, 0.06277169677093039, 0.013892694780568399, -0.6291743259951854, 0.06806097256286933, 0.044321392734687465, -0.11413782503263906, -0.07711628045176513, -0.1702600315797911, -0.004615735477186994, 0.09534378768242655, -0.07071323339299077, -0.16687594643502915, 0.1934497609567156, 0.007666709093141905, -0.001286140656853646, -0.019589101213272314, 0.039646165495836855, 0.028451335260191585, -0.18378132108389258, 0.2111672783467284, -0.2814658190429302, 0.03635164665551113, 0.0054239213368134365, 0.12104731302284752, -0.025818537974571704, 0.09197829665940824, -0.0032652410221025996, -0.32051057375110314, -0.2255892703769167, 0.03984486513392135, -0.10642535418448687, -0.0034254478607964878, 0.34291463592064453, -0.05291435096725208, 0.02579274210803903, 0.29540095054427074, -0.07936425554994744, 0.11473459385301063, 0.3242253685260241, 0.1478329477449902, 0.01697138359329206, -0.05436813967981283, -0.19129538967331874, -0.11027928880982077, 0.01041128657600418, -0.03853065307950135, 0.09783083493510333, -0.09050225024288408, 0.11364770715938108, 0.02625962639480403, -0.14554435960910264, 0.02883500210635856, 0.0711641519085093, 0.15826319547995024, 0.09132375738112494, 0.18204967716485673, -0.09852594913056481, 0.08538191379866153, -0.1802220386576963, -0.027801184255162453, 0.2025452238805254, -0.24541980442363268, -0.1958262726535658, -0.5372307323799728, 0.13926796949584383, -0.051923632515037205, -0.2131484408280642, -0.12909076019702062, -0.16877783560299167, 0.29740810620486435, -0.017206373376885714, -0.22200227199280145, -0.11315219148590219, 0.1920046771805408, 0.26992000609891864, 0.2249482518689749, -0.009450339492868692, -0.12560460991713465, 0.13511641552607398, -0.1342616096723335, 0.015119285610091432, 0.0015082412996374195, 0.04180312922808846, -0.14695516077084128, 0.3651987081443311, -0.08706080145561493, 0.232904935359274, 0.36796036933364196, -0.0703830819203182, 0.3408689427185161, -0.32657042015810767, 0.16346467608229617, -0.050172039368103355, 0.061827546689404905, -0.3513269300664321, 0.15993012721463182, 0.11370234724933412, -0.16395618050523456, 0.06625628374539702, 0.02162320059618314, 0.0479800957526528, 0.10277759165700837, -0.014511532879649486, -0.0909716566860155, 0.18048844887885715, -0.1820818629849548, -0.03076188568160723, -0.1618442298105132, 0.013902922924516198, -0.06366532966029673, -0.2025725899166755, -0.1859911919829456, 0.14479962208484484, -0.02602733684762451, -0.19087862929681612, -0.051349136925794375, 0.10346505625873267, -0.05212516043859064, 0.047767327115980834, -0.006560447334964997, 0.16569519601969948, 0.21213588501839806, 0.1008593423847852, -0.11754265058524285, 0.08431349204233293, -0.011674075293409941, 0.27767311867237066, 0.040338008662966524, -0.018839775041388257, -0.11106587889970679, -0.07408313544225023, 0.10305656005622763, -0.1746202666681951, 0.1798370837960723, 0.12594615272445162, 0.4084817004027794]"
5,"['lNONHSAG000008', 'lNONHSAG000047', 'lNONHSAG000059', 'lNONHSAG000069', 'lNONHSAG000130', 'lNONHSAG000158', 'lNONHSAG000195', 'lNONHSAG000241', 'lNONHSAG000310', 'lNONHSAG000311', 'lNONHSAG000374', 'lNONHSAG000381', 'lNONHSAG000484', 'lNONHSAG000498', 'lNONHSAG000579', 'lNONHSAG000584', 'lNONHSAG000603', 'lNONHSAG000625', 'lNONHSAG000769', 'lNONHSAG000840', 'lNONHSAG000863', 'lNONHSAG000884', 'lNONHSAG000918', 'lNONHSAG000938', 'lNONHSAG000967', 'lNONHSAG001142', 'lNONHSAG001172', 'lNONHSAG001238', 'lNONHSAG001247', 'lNONHSAG001259', 'lNONHSAG001278', 'lNONHSAG001284', 'lNONHSAG001360', 'lNONHSAG001375', 'lNONHSAG001448', 'lNONHSAG001468', 'lNONHSAG001499', 'lNONHSAG001513', 'lNONHSAG001696', 'lNONHSAG001724', 'lNONHSAG001773', 'lNONHSAG001837', 'lNONHSAG001941', 'lNONHSAG001993', 'lNONHSAG002056', 'lNONHSAG002058', 'lNONHSAG002086', 'lNONHSAG002134', 'lNONHSAG002135', 'lNONHSAG002343', 'lNONHSAG002359', 'lNONHSAG002376', 'lNONHSAG002378', 'lNONHSAG002454', 'lNONHSAG002490', 'lNONHSAG002549', 'lNONHSAG002617', 'lNONHSAG002669', 'lNONHSAG002701', 'lNONHSAG002719', 'lNONHSAG002731', 'lNONHSAG002859', 'lNONHSAG002883', 'lNONHSAG002978', 'lNONHSAG003053', 'lNONHSAG003056', 'lNONHSAG003074', 'lNONHSAG003077', 'lNONHSAG003119', 'lNONHSAG003134', 'lNONHSAG003156', 'lNONHSAG003198', 'lNONHSAG003260', 'lNONHSAG003269', 'lNONHSAG003303', 'lNONHSAG003374', 'lNONHSAG003505', 'lNONHSAG003512', 'lNONHSAG003820', 'lNONHSAG003874', 'lNONHSAG003884', 'lNONHSAG003886', 'lNONHSAG003900', 'lNONHSAG003911', 'lNONHSAG003912', 'lNONHSAG003938', 'lNONHSAG003957', 'lNONHSAG003976', 'lNONHSAG004013', 'lNONHSAG004026', 'lNONHSAG004095', 'lNONHSAG004247', 'lNONHSAG004303', 'lNONHSAG004305', 'lNONHSAG004373', 'lNONHSAG004673', 'lNONHSAG004674', 'lNONHSAG004714', 'lNONHSAG004743', 'lNONHSAG004779', 'lNONHSAG004868', 'lNONHSAG005084', 'lNONHSAG005153', 'lNONHSAG005339', 'lNONHSAG005403', 'lNONHSAG005482', 'lNONHSAG005699', 'lNONHSAG005711', 'lNONHSAG005728', 'lNONHSAG005732', 'lNONHSAG005742', 'lNONHSAG005780', 'lNONHSAG005838', 'lNONHSAG005866', 'lNONHSAG005920', 'lNONHSAG006007', 'lNONHSAG006049', 'lNONHSAG006050', 'lNONHSAG006054', 'lNONHSAG006071', 'lNONHSAG006163', 'lNONHSAG006204', 'lNONHSAG006212', 'lNONHSAG006238', 'lNONHSAG006301', 'lNONHSAG006341', 'lNONHSAG006362', 'lNONHSAG006454', 'lNONHSAG006474', 'lNONHSAG006477', 'lNONHSAG006526', 'lNONHSAG006633', 'lNONHSAG006678', 'lNONHSAG006692', 'lNONHSAG006735', 'lNONHSAG006756', 'lNONHSAG006772', 'lNONHSAG006865', 'lNONHSAG006945', 'lNONHSAG007295', 'lNONHSAG007384', 'lNONHSAG007430', 'lNONHSAG007431', 'lNONHSAG007434', 'lNONHSAG007455', 'lNONHSAG007463', 'lNONHSAG007487', 'lNONHSAG007538', 'lNONHSAG007602', 'lNONHSAG007631', 'lNONHSAG007692', 'lNONHSAG007708', 'lNONHSAG007715', 'lNONHSAG007868', 'lNONHSAG007961', 'lNONHSAG007983', 'lNONHSAG007984', 'lNONHSAG008015', 'lNONHSAG008037', 'lNONHSAG008056', 'lNONHSAG008167', 'lNONHSAG008199', 'lNONHSAG008220', 'lNONHSAG008354', 'lNONHSAG008517', 'lNONHSAG008540', 'lNONHSAG008589', 'lNONHSAG008615', 'lNONHSAG008654', 'lNONHSAG008670', 'lNONHSAG008675', 'lNONHSAG008693', 'lNONHSAG008726', 'lNONHSAG008728', 'lNONHSAG008759', 'lNONHSAG008859', 'lNONHSAG008937', 'lNONHSAG008952', 'lNONHSAG009021', 'lNONHSAG009039', 'lNONHSAG009059', 'lNONHSAG009062', 'lNONHSAG009124', 'lNONHSAG009130', 'lNONHSAG009134', 'lNONHSAG009180', 'lNONHSAG009228', 'lNONHSAG009544', 'lNONHSAG009546', 'lNONHSAG009636', 'lNONHSAG009728', 'lNONHSAG009747', 'lNONHSAG009755', 'lNONHSAG009757', 'lNONHSAG009782', 'lNONHSAG009913', 'lNONHSAG009938', 'lNONHSAG009950', 'lNONHSAG009968', 'lNONHSAG009989', 'lNONHSAG010021', 'lNONHSAG010117', 'lNONHSAG010179', 'lNONHSAG010184', 'lNONHSAG010189', 'lNONHSAG010190', 'lNONHSAG010193', 'lNONHSAG010194', 'lNONHSAG010200', 'lNONHSAG010348', 'lNONHSAG010352', 'lNONHSAG010405', 'lNONHSAG010416', 'lNONHSAG010543', 'lNONHSAG010657', 'lNONHSAG010658', 'lNONHSAG010716', 'lNONHSAG010792', 'lNONHSAG010798', 'lNONHSAG010940', 'lNONHSAG010986', 'lNONHSAG010989', 'lNONHSAG011028', 'lNONHSAG011057', 'lNONHSAG011070', 'lNONHSAG011084', 'lNONHSAG011086', 'lNONHSAG011090', 'lNONHSAG011121', 'lNONHSAG011125', 'lNONHSAG011211', 'lNONHSAG011230', 'lNONHSAG011264', 'lNONHSAG011337', 'lNONHSAG011343', 'lNONHSAG011375', 'lNONHSAG011439', 'lNONHSAG011446', 'lNONHSAG011518', 'lNONHSAG011524', 'lNONHSAG011576', 'lNONHSAG011633', 'lNONHSAG011790', 'lNONHSAG011854', 'lNONHSAG011870', 'lNONHSAG012025', 'lNONHSAG012076', 'lNONHSAG012077', 'lNONHSAG012099', 'lNONHSAG012297', 'lNONHSAG012303', 'lNONHSAG012339', 'lNONHSAG012375', 'lNONHSAG012423', 'lNONHSAG012476', 'lNONHSAG012505', 'lNONHSAG012549', 'lNONHSAG012555', 'lNONHSAG012594', 'lNONHSAG012614', 'lNONHSAG012617', 'lNONHSAG012751', 'lNONHSAG012791', 'lNONHSAG013005', 'lNONHSAG013060', 'lNONHSAG013095', 'lNONHSAG013098', 'lNONHSAG013109', 'lNONHSAG013431', 'lNONHSAG013475', 'lNONHSAG013515', 'lNONHSAG013730', 'lNONHSAG013809', 'lNONHSAG013912', 'lNONHSAG013940', 'lNONHSAG013942', 'lNONHSAG013944', 'lNONHSAG013946', 'lNONHSAG013992', 'lNONHSAG014098', 'lNONHSAG014112', 'lNONHSAG014130', 'lNONHSAG014267', 'lNONHSAG014289', 'lNONHSAG014332', 'lNONHSAG014362', 'lNONHSAG014372', 'lNONHSAG014373', 'lNONHSAG014381', 'lNONHSAG014496', 'lNONHSAG014502', 'lNONHSAG014546', 'lNONHSAG014562', 'lNONHSAG014591', 'lNONHSAG014672', 'lNONHSAG014679', 'lNONHSAG014730', 'lNONHSAG014890', 'lNONHSAG014891', 'lNONHSAG014914', 'lNONHSAG015044', 'lNONHSAG015163', 'lNONHSAG015215', 'lNONHSAG015234', 'lNONHSAG015352', 'lNONHSAG015417', 'lNONHSAG015454', 'lNONHSAG015461', 'lNONHSAG015505', 'lNONHSAG015591', 'lNONHSAG015623', 'lNONHSAG015692', 'lNONHSAG015723', 'lNONHSAG015787', 'lNONHSAG015788', 'lNONHSAG015961', 'lNONHSAG016021', 'lNONHSAG016068', 'lNONHSAG016118', 'lNONHSAG016199', 'lNONHSAG016307', 'lNONHSAG016395', 'lNONHSAG016403', 'lNONHSAG016486', 'lNONHSAG016487', 'lNONHSAG016576', 'lNONHSAG016611', 'lNONHSAG016618', 'lNONHSAG016623', 'lNONHSAG016733', 'lNONHSAG016741', 'lNONHSAG016749', 'lNONHSAG016771', 'lNONHSAG016822', 'lNONHSAG016893', 'lNONHSAG017060', 'lNONHSAG017232', 'lNONHSAG017254', 'lNONHSAG017282', 'lNONHSAG017344', 'lNONHSAG017349', 'lNONHSAG017376', 'lNONHSAG017377', 'lNONHSAG017417', 'lNONHSAG017486', 'lNONHSAG017504', 'lNONHSAG017567', 'lNONHSAG017666', 'lNONHSAG017767', 'lNONHSAG017783', 'lNONHSAG017890', 'lNONHSAG017899', 'lNONHSAG018053', 'lNONHSAG018054', 'lNONHSAG018058', 'lNONHSAG018110', 'lNONHSAG018180', 'lNONHSAG018203', 'lNONHSAG018236', 'lNONHSAG018313', 'lNONHSAG018322', 'lNONHSAG018326', 'lNONHSAG018341', 'lNONHSAG018344', 'lNONHSAG018374', 'lNONHSAG018414', 'lNONHSAG018415', 'lNONHSAG018416', 'lNONHSAG018417', 'lNONHSAG018420', 'lNONHSAG018461', 'lNONHSAG018530', 'lNONHSAG018586', 'lNONHSAG018621', 'lNONHSAG018635', 'lNONHSAG018656', 'lNONHSAG018659', 'lNONHSAG018707', 'lNONHSAG018709', 'lNONHSAG018711', 'lNONHSAG018829', 'lNONHSAG018893', 'lNONHSAG018980', 'lNONHSAG019003', 'lNONHSAG019012', 'lNONHSAG019014', 'lNONHSAG019021', 'lNONHSAG019023', 'lNONHSAG019031', 'lNONHSAG019049', 'lNONHSAG019051', 'lNONHSAG019079', 'lNONHSAG019090', 'lNONHSAG019115', 'lNONHSAG019134', 'lNONHSAG019158', 'lNONHSAG019270', 'lNONHSAG019332', 'lNONHSAG019370', 'lNONHSAG019439', 'lNONHSAG019493', 'lNONHSAG019569', 'lNONHSAG019613', 'lNONHSAG019667', 'lNONHSAG019670', 'lNONHSAG019711', 'lNONHSAG019767', 'lNONHSAG019813', 'lNONHSAG019814', 'lNONHSAG019852', 'lNONHSAG019878', 'lNONHSAG019898', 'lNONHSAG019967', 'lNONHSAG020053', 'lNONHSAG020066', 'lNONHSAG020068', 'lNONHSAG020075', 'lNONHSAG020091', 'lNONHSAG020107', 'lNONHSAG020153', 'lNONHSAG020155', 'lNONHSAG020218', 'lNONHSAG020223', 'lNONHSAG020252', 'lNONHSAG020259', 'lNONHSAG020260', 'lNONHSAG020273', 'lNONHSAG020274', 'lNONHSAG020277', 'lNONHSAG020278', 'lNONHSAG020281', 'lNONHSAG020298', 'lNONHSAG020304', 'lNONHSAG020307', 'lNONHSAG020312', 'lNONHSAG020321', 'lNONHSAG020325', 'lNONHSAG020339', 'lNONHSAG020361', 'lNONHSAG020367', 'lNONHSAG020372', 'lNONHSAG020382', 'lNONHSAG020403', 'lNONHSAG020474', 'lNONHSAG020476', 'lNONHSAG020600', 'lNONHSAG020616', 'lNONHSAG020729', 'lNONHSAG020731', 'lNONHSAG020759', 'lNONHSAG020760', 'lNONHSAG020771', 'lNONHSAG020869', 'lNONHSAG020957', 'lNONHSAG020990', 'lNONHSAG021042', 'lNONHSAG021072', 'lNONHSAG021307', 'lNONHSAG021309', 'lNONHSAG021315', 'lNONHSAG021335', 'lNONHSAG021347', 'lNONHSAG021370', 'lNONHSAG021390', 'lNONHSAG021400', 'lNONHSAG021410', 'lNONHSAG021431', 'lNONHSAG021432', 'lNONHSAG021433', 'lNONHSAG021471', 'lNONHSAG021557', 'lNONHSAG021567', 'lNONHSAG021584', 'lNONHSAG021641', 'lNONHSAG021698', 'lNONHSAG021760', 'lNONHSAG021780', 'lNONHSAG021820', 'lNONHSAG021846', 'lNONHSAG021874', 'lNONHSAG021878', 'lNONHSAG021882', 'lNONHSAG021893', 'lNONHSAG021909', 'lNONHSAG021976', 'lNONHSAG021981', 'lNONHSAG022009', 'lNONHSAG022030', 'lNONHSAG022058', 'lNONHSAG022078', 'lNONHSAG022088', 'lNONHSAG022103', 'lNONHSAG022110', 'lNONHSAG022125', 'lNONHSAG022162', 'lNONHSAG022311', 'lNONHSAG022327', 'lNONHSAG022328', 'lNONHSAG022335', 'lNONHSAG022339', 'lNONHSAG022378', 'lNONHSAG022495', 'lNONHSAG022510', 'lNONHSAG022551', 'lNONHSAG022579', 'lNONHSAG022595', 'lNONHSAG022597', 'lNONHSAG022655', 'lNONHSAG022690', 'lNONHSAG022743', 'lNONHSAG022750', 'lNONHSAG022806', 'lNONHSAG022836', 'lNONHSAG022845', 'lNONHSAG022851', 'lNONHSAG022888', 'lNONHSAG022965', 'lNONHSAG022972', 'lNONHSAG022980', 'lNONHSAG022982', 'lNONHSAG023003', 'lNONHSAG023049', 'lNONHSAG023051', 'lNONHSAG023175', 'lNONHSAG023237', 'lNONHSAG023375', 'lNONHSAG023387', 'lNONHSAG023392', 'lNONHSAG023494', 'lNONHSAG023579', 'lNONHSAG023598', 'lNONHSAG023607', 'lNONHSAG023614', 'lNONHSAG023630', 'lNONHSAG023633', 'lNONHSAG023635', 'lNONHSAG023661', 'lNONHSAG023668', 'lNONHSAG023740', 'lNONHSAG023837', 'lNONHSAG023864', 'lNONHSAG023885', 'lNONHSAG023888', 'lNONHSAG023930', 'lNONHSAG024117', 'lNONHSAG024141', 'lNONHSAG024146', 'lNONHSAG024171', 'lNONHSAG024224', 'lNONHSAG024244', 'lNONHSAG024282', 'lNONHSAG024332', 'lNONHSAG024340', 'lNONHSAG024341', 'lNONHSAG024354', 'lNONHSAG024361', 'lNONHSAG024362', 'lNONHSAG024364', 'lNONHSAG024381', 'lNONHSAG024391', 'lNONHSAG024393', 'lNONHSAG024395', 'lNONHSAG024428', 'lNONHSAG024540', 'lNONHSAG024542', 'lNONHSAG024668', 'lNONHSAG024671', 'lNONHSAG024676', 'lNONHSAG024681', 'lNONHSAG024741', 'lNONHSAG024809', 'lNONHSAG024818', 'lNONHSAG024826', 'lNONHSAG024903', 'lNONHSAG024905', 'lNONHSAG024908', 'lNONHSAG024913', 'lNONHSAG024921', 'lNONHSAG024923', 'lNONHSAG024925', 'lNONHSAG024979', 'lNONHSAG025011', 'lNONHSAG025135', 'lNONHSAG025137', 'lNONHSAG025157', 'lNONHSAG025185', 'lNONHSAG025319', 'lNONHSAG025352', 'lNONHSAG025483', 'lNONHSAG025485', 'lNONHSAG025609', 'lNONHSAG025712', 'lNONHSAG025743', 'lNONHSAG025744', 'lNONHSAG025864', 'lNONHSAG025865', 'lNONHSAG025867', 'lNONHSAG025907', 'lNONHSAG025934', 'lNONHSAG025939', 'lNONHSAG025964', 'lNONHSAG025997', 'lNONHSAG026053', 'lNONHSAG026089', 'lNONHSAG026091', 'lNONHSAG026103', 'lNONHSAG026176', 'lNONHSAG026205', 'lNONHSAG026274', 'lNONHSAG026364', 'lNONHSAG026386', 'lNONHSAG026575', 'lNONHSAG026599', 'lNONHSAG026631', 'lNONHSAG026661', 'lNONHSAG026720', 'lNONHSAG026721', 'lNONHSAG026737', 'lNONHSAG026743', 'lNONHSAG026794', 'lNONHSAG026852', 'lNONHSAG026854', 'lNONHSAG026856', 'lNONHSAG027017', 'lNONHSAG027075', 'lNONHSAG027110', 'lNONHSAG027278', 'lNONHSAG027323', 'lNONHSAG027342', 'lNONHSAG027374', 'lNONHSAG027421', 'lNONHSAG027482', 'lNONHSAG027598', 'lNONHSAG027618', 'lNONHSAG027675', 'lNONHSAG027682', 'lNONHSAG027692', 'lNONHSAG027694', 'lNONHSAG027709', 'lNONHSAG027837', 'lNONHSAG027874', 'lNONHSAG027876', 'lNONHSAG028045', 'lNONHSAG028083', 'lNONHSAG028093', 'lNONHSAG028112', 'lNONHSAG028142', 'lNONHSAG028159', 'lNONHSAG028403', 'lNONHSAG028713', 'lNONHSAG028817', 'lNONHSAG028820', 'lNONHSAG028857', 'lNONHSAG028870', 'lNONHSAG028913', 'lNONHSAG028918', 'lNONHSAG028948', 'lNONHSAG028996', 'lNONHSAG029033', 'lNONHSAG029080', 'lNONHSAG029267', 'lNONHSAG029336', 'lNONHSAG029377', 'lNONHSAG029467', 'lNONHSAG029668', 'lNONHSAG029792', 'lNONHSAG029830', 'lNONHSAG029873', 'lNONHSAG029880', 'lNONHSAG029933', 'lNONHSAG029956', 'lNONHSAG029957', 'lNONHSAG029958', 'lNONHSAG029959', 'lNONHSAG029960', 'lNONHSAG029961', 'lNONHSAG029964', 'lNONHSAG029985', 'lNONHSAG030074', 'lNONHSAG030129', 'lNONHSAG030244', 'lNONHSAG030258', 'lNONHSAG030278', 'lNONHSAG030279', 'lNONHSAG030304', 'lNONHSAG030333', 'lNONHSAG030410', 'lNONHSAG030440', 'lNONHSAG030487', 'lNONHSAG030516', 'lNONHSAG030525', 'lNONHSAG030582', 'lNONHSAG030583', 'lNONHSAG030738', 'lNONHSAG030739', 'lNONHSAG030742', 'lNONHSAG031025', 'lNONHSAG031035', 'lNONHSAG031123', 'lNONHSAG031261', 'lNONHSAG031385', 'lNONHSAG031425', 'lNONHSAG031453', 'lNONHSAG031456', 'lNONHSAG031481', 'lNONHSAG031563', 'lNONHSAG031565', 'lNONHSAG031581', 'lNONHSAG031584', 'lNONHSAG031636', 'lNONHSAG031696', 'lNONHSAG031853', 'lNONHSAG031900', 'lNONHSAG031913', 'lNONHSAG031991', 'lNONHSAG032126', 'lNONHSAG032247', 'lNONHSAG032267', 'lNONHSAG032297', 'lNONHSAG032302', 'lNONHSAG032309', 'lNONHSAG032312', 'lNONHSAG032560', 'lNONHSAG032664', 'lNONHSAG032682', 'lNONHSAG032724', 'lNONHSAG032735', 'lNONHSAG032737', 'lNONHSAG032748', 'lNONHSAG033027', 'lNONHSAG033061', 'lNONHSAG033100', 'lNONHSAG033105', 'lNONHSAG033107', 'lNONHSAG033121', 'lNONHSAG033168', 'lNONHSAG033170', 'lNONHSAG033216', 'lNONHSAG033224', 'lNONHSAG033254', 'lNONHSAG033263', 'lNONHSAG033266', 'lNONHSAG033298', 'lNONHSAG033328', 'lNONHSAG033334', 'lNONHSAG033342', 'lNONHSAG033348', 'lNONHSAG033352', 'lNONHSAG033368', 'lNONHSAG033386', 'lNONHSAG033390', 'lNONHSAG033435', 'lNONHSAG033459', 'lNONHSAG033471', 'lNONHSAG033480', 'lNONHSAG033528', 'lNONHSAG033611', 'lNONHSAG033645', 'lNONHSAG033691', 'lNONHSAG033716', 'lNONHSAG033735', 'lNONHSAG033748', 'lNONHSAG033862', 'lNONHSAG033896', 'lNONHSAG033898', 'lNONHSAG033899', 'lNONHSAG033937', 'lNONHSAG033940', 'lNONHSAG034006', 'lNONHSAG034014', 'lNONHSAG034021', 'lNONHSAG034032', 'lNONHSAG034217', 'lNONHSAG034316', 'lNONHSAG034417', 'lNONHSAG034418', 'lNONHSAG034492', 'lNONHSAG034508', 'lNONHSAG034527', 'lNONHSAG034678', 'lNONHSAG034801', 'lNONHSAG034845', 'lNONHSAG034846', 'lNONHSAG034973', 'lNONHSAG035096', 'lNONHSAG035103', 'lNONHSAG035262', 'lNONHSAG035287', 'lNONHSAG035382', 'lNONHSAG035531', 'lNONHSAG035568', 'lNONHSAG035806', 'lNONHSAG035914', 'lNONHSAG035916', 'lNONHSAG035919', 'lNONHSAG035923', 'lNONHSAG036047', 'lNONHSAG036054', 'lNONHSAG036120', 'lNONHSAG036255', 'lNONHSAG036273', 'lNONHSAG036407', 'lNONHSAG036413', 'lNONHSAG036612', 'lNONHSAG036615', 'lNONHSAG036667', 'lNONHSAG036718', 'lNONHSAG036783', 'lNONHSAG036866', 'lNONHSAG036926', 'lNONHSAG037025', 'lNONHSAG037061', 'lNONHSAG037073', 'lNONHSAG037080', 'lNONHSAG037082', 'lNONHSAG037096', 'lNONHSAG037146', 'lNONHSAG037241', 'lNONHSAG037348', 'lNONHSAG037420', 'lNONHSAG037559', 'lNONHSAG037827', 'lNONHSAG037891', 'lNONHSAG037936', 'lNONHSAG037946', 'lNONHSAG038001', 'lNONHSAG038024', 'lNONHSAG038060', 'lNONHSAG038091', 'lNONHSAG038343', 'lNONHSAG038344', 'lNONHSAG038397', 'lNONHSAG038502', 'lNONHSAG038530', 'lNONHSAG038561', 'lNONHSAG038578', 'lNONHSAG038675', 'lNONHSAG038676', 'lNONHSAG038682', 'lNONHSAG038836', 'lNONHSAG039037', 'lNONHSAG039038', 'lNONHSAG039147', 'lNONHSAG039295', 'lNONHSAG039319', 'lNONHSAG039617', 'lNONHSAG039620', 'lNONHSAG039634', 'lNONHSAG039637', 'lNONHSAG039654', 'lNONHSAG039669', 'lNONHSAG039749', 'lNONHSAG039872', 'lNONHSAG039951', 'lNONHSAG040179', 'lNONHSAG040188', 'lNONHSAG040226', 'lNONHSAG040241', 'lNONHSAG040269', 'lNONHSAG040320', 'lNONHSAG040329', 'lNONHSAG040408', 'lNONHSAG040444', 'lNONHSAG040481', 'lNONHSAG040542', 'lNONHSAG040544', 'lNONHSAG040560', 'lNONHSAG040601', 'lNONHSAG040692', 'lNONHSAG040700', 'lNONHSAG040804', 'lNONHSAG040870', 'lNONHSAG040909', 'lNONHSAG040958', 'lNONHSAG040969', 'lNONHSAG040976', 'lNONHSAG041002', 'lNONHSAG041017', 'lNONHSAG041023', 'lNONHSAG041241', 'lNONHSAG041250', 'lNONHSAG041256', 'lNONHSAG041257', 'lNONHSAG041480', 'lNONHSAG041528', 'lNONHSAG041529', 'lNONHSAG041592', 'lNONHSAG041670', 'lNONHSAG041707', 'lNONHSAG041716', 'lNONHSAG041758', 'lNONHSAG041844', 'lNONHSAG041883', 'lNONHSAG041938', 'lNONHSAG041966', 'lNONHSAG041981', 'lNONHSAG042033', 'lNONHSAG042050', 'lNONHSAG042062', 'lNONHSAG042080', 'lNONHSAG042132', 'lNONHSAG042138', 'lNONHSAG042218', 'lNONHSAG042270', 'lNONHSAG042306', 'lNONHSAG042307', 'lNONHSAG042370', 'lNONHSAG042433', 'lNONHSAG042476', 'lNONHSAG042491', 'lNONHSAG042500', 'lNONHSAG042722', 'lNONHSAG042724', 'lNONHSAG042836', 'lNONHSAG042855', 'lNONHSAG042957', 'lNONHSAG042966', 'lNONHSAG042970', 'lNONHSAG042991', 'lNONHSAG043138', 'lNONHSAG043159', 'lNONHSAG043229', 'lNONHSAG043303', 'lNONHSAG043433', 'lNONHSAG043550', 'lNONHSAG043592', 'lNONHSAG043625', 'lNONHSAG043657', 'lNONHSAG043770', 'lNONHSAG043851', 'lNONHSAG044022', 'lNONHSAG044041', 'lNONHSAG044064', 'lNONHSAG044283', 'lNONHSAG044350', 'lNONHSAG044406', 'lNONHSAG044429', 'lNONHSAG044533', 'lNONHSAG044624', 'lNONHSAG044666', 'lNONHSAG044709', 'lNONHSAG044751', 'lNONHSAG044791', 'lNONHSAG045131', 'lNONHSAG045160', 'lNONHSAG045163', 'lNONHSAG045306', 'lNONHSAG045383', 'lNONHSAG045430', 'lNONHSAG046722', 'lNONHSAG046730', 'lNONHSAG046781', 'lNONHSAG046839', 'lNONHSAG046953', 'lNONHSAG047182', 'lNONHSAG047191', 'lNONHSAG047197', 'lNONHSAG047260', 'lNONHSAG047319', 'lNONHSAG047433', 'lNONHSAG047463', 'lNONHSAG047469', 'lNONHSAG047471', 'lNONHSAG047507', 'lNONHSAG047543', 'lNONHSAG047544', 'lNONHSAG047547', 'lNONHSAG047619', 'lNONHSAG047620', 'lNONHSAG047725', 'lNONHSAG047792', 'lNONHSAG047796', 'lNONHSAG047830', 'lNONHSAG047840', 'lNONHSAG047842', 'lNONHSAG047851', 'lNONHSAG047973', 'lNONHSAG047974', 'lNONHSAG048057', 'lNONHSAG048114', 'lNONHSAG048189', 'lNONHSAG048191', 'lNONHSAG048201', 'lNONHSAG048228', 'lNONHSAG048231', 'lNONHSAG048270', 'lNONHSAG048302', 'lNONHSAG048354', 'lNONHSAG048464', 'lNONHSAG048598', 'lNONHSAG048602', 'lNONHSAG048603', 'lNONHSAG048610', 'lNONHSAG048623', 'lNONHSAG048624', 'lNONHSAG048626', 'lNONHSAG048641', 'lNONHSAG048682', 'lNONHSAG048695', 'lNONHSAG048781', 'lNONHSAG048817', 'lNONHSAG049037', 'lNONHSAG049050', 'lNONHSAG049051', 'lNONHSAG049119', 'lNONHSAG049129', 'lNONHSAG049157', 'lNONHSAG049185', 'lNONHSAG049191', 'lNONHSAG049288', 'lNONHSAG049303', 'lNONHSAG049356', 'lNONHSAG049421', 'lNONHSAG049507', 'lNONHSAG049626', 'lNONHSAG049655', 'lNONHSAG049754', 'lNONHSAG049801', 'lNONHSAG049901', 'lNONHSAG050073', 'lNONHSAG050104', 'lNONHSAG050167', 'lNONHSAG050168', 'lNONHSAG050272', 'lNONHSAG050273', 'lNONHSAG050284', 'lNONHSAG050345', 'lNONHSAG050423', 'lNONHSAG050445', 'lNONHSAG050493', 'lNONHSAG050518', 'lNONHSAG050670', 'lNONHSAG050725', 'lNONHSAG050769', 'lNONHSAG050786', 'lNONHSAG050815', 'lNONHSAG050929', 'lNONHSAG050985', 'lNONHSAG051010', 'lNONHSAG051015', 'lNONHSAG051166', 'lNONHSAG051196', 'lNONHSAG051245', 'lNONHSAG051250', 'lNONHSAG051255', 'lNONHSAG051259', 'lNONHSAG051260', 'lNONHSAG051263', 'lNONHSAG051266', 'lNONHSAG051291', 'lNONHSAG051448', 'lNONHSAG051454', 'lNONHSAG051484', 'lNONHSAG051514', 'lNONHSAG051517', 'lNONHSAG051523', 'lNONHSAG051542', 'lNONHSAG051567', 'lNONHSAG051568', 'lNONHSAG051603', 'lNONHSAG051770', 'lNONHSAG051898', 'lNONHSAG051958', 'lNONHSAG052046', 'lNONHSAG052082', 'lNONHSAG052097', 'lNONHSAG052119', 'lNONHSAG052149', 'lNONHSAG052151', 'lNONHSAG052179', 'lNONHSAG052454', 'lNONHSAG052459', 'lNONHSAG052491', 'lNONHSAG052492', 'lNONHSAG052511', 'lNONHSAG052609', 'lNONHSAG052686', 'lNONHSAG052709', 'lNONHSAG052726', 'lNONHSAG052853', 'lNONHSAG052908', 'lNONHSAG052925', 'lNONHSAG052929', 'lNONHSAG052931', 'lNONHSAG052933', 'lNONHSAG052943', 'lNONHSAG053007', 'lNONHSAG053014', 'lNONHSAG053028', 'lNONHSAG053033', 'lNONHSAG053082', 'lNONHSAG053108', 'lNONHSAG053162', 'lNONHSAG053228', 'lNONHSAG053419', 'lNONHSAG053456', 'lNONHSAG053499', 'lNONHSAG053500', 'lNONHSAG053502', 'lNONHSAG053546', 'lNONHSAG053547', 'lNONHSAG053590', 'lNONHSAG053602', 'lNONHSAG053626', 'lNONHSAG053631', 'lNONHSAG053651', 'lNONHSAG053716', 'lNONHSAG053719', 'lNONHSAG053748', 'lNONHSAG053796', 'lNONHSAG053802', 'lNONHSAG053842', 'lNONHSAG054024', 'lNONHSAG054038', 'lNONHSAG054212', 'lNONHSAG054213', 'lNONHSAG054215', 'lNONHSAG054216', 'lNONHSAG054301', 'lNONHSAG054360', 'lNONHSAG054432', 'lNONHSAG054699', 'lNONHSAG054716', 'lNONHSAG054717', 'lNONHSAG054718', 'lNONHSAG054780', 'lNONHSAG054791', 'lNONHSAG054807', 'lNONHSAG054832', 'lNONHSAG055008', 'lNONHSAG055088', 'lNONHSAG055092', 'lNONHSAG055151', 'lNONHSAG055258', 'lNONHSAG055350', 'lNONHSAG055418', 'lNONHSAG055450', 'lNONHSAG055546', 'lNONHSAG055558', 'lNONHSAG055565', 'lNONHSAG055577', 'lNONHSAG055582', 'lNONHSAG056025', 'lNONHSAG056029', 'lNONHSAG056733', 'lNONHSAG056746', 'lNONHSAG056868', 'lNONHSAG056875', 'lNONHSAG057043', 'lNONHSAG057222', 'lNONHSAG057260', 'lNONHSAG058006', 'lNONHSAG058112', 'lNONHSAG058118', 'lNONHSAG058128', 'lNONHSAG058967', 'lNONHSAG059768', 'lNONHSAG060586', 'lNONHSAG061096', 'lNONHSAG061404', 'lNONHSAG061492', 'lNONHSAG063700', 'lNONHSAG064784', 'lNONHSAG064962', 'lNONHSAG065252', 'lNONHSAG065364', 'lNONHSAG066253', 'lNONHSAG068402', 'lNONHSAG068639', 'lNONHSAG069030', 'lNONHSAG069147', 'lNONHSAG069277', 'lNONHSAG069876', 'lNONHSAG070257', 'lNONHSAG072176', 'lNONHSAG072945', 'lNONHSAG073025', 'lNONHSAG073380', 'lNONHSAG073406', 'lNONHSAG073786', 'lNONHSAG074052', 'lNONHSAG074661', 'lNONHSAG075363', 'lNONHSAG077475', 'lNONHSAG077527', 'lNONHSAG077551', 'lNONHSAG080772', 'lNONHSAG081227', 'lNONHSAG081583', 'lNONHSAG081993', 'lNONHSAG082891', 'lNONHSAG083209', 'lNONHSAG083289', 'lNONHSAG083615', 'lNONHSAG083859', 'lNONHSAG083883', 'lNONHSAG083894', 'lNONHSAG084701', 'lNONHSAG084832', 'lNONHSAG085975', 'lNONHSAG088562', 'lNONHSAG089857', 'lNONHSAG091116', 'lNONHSAG091452', 'lNONHSAG092907', 'lNONHSAG093064', 'lNONHSAG093078', 'lNONHSAG093517', 'lNONHSAG094075', 'lNONHSAG094129', 'lNONHSAG094269', 'lNONHSAG096130', 'lNONHSAG096230', 'lNONHSAG096627', 'lNONHSAG097344', 'lNONHSAG097347', 'lNONHSAG098653', 'lNONHSAG099120', 'lNONHSAG099126', 'lNONHSAG099742', 'lNONHSAG099774', 'lNONHSAG101229', 'lNONHSAG101725', 'lNONHSAG102572', 'lNONHSAG102979', 'lNONHSAG103259', 'lNONHSAG103457', 'lNONHSAG103817', 'lNONHSAG104186', 'lNONHSAG110420', 'lNONHSAG111667', 'lNONHSAG112396', 'lNONHSAG113761', 'lNONHSAG114445', 'lENSG00000103472', 'lENSG00000163364', 'lENSG00000171889', 'lENSG00000175061', 'lENSG00000177410', 'lENSG00000179406', 'lENSG00000179523', 'lENSG00000189295', 'lENSG00000198221', 'lENSG00000198468', 'lENSG00000203497', 'lENSG00000205611', 'lENSG00000223764', 'lENSG00000224057', 'lENSG00000224078', 'lENSG00000224614', 'lENSG00000225470', 'lENSG00000225506', 'lENSG00000225855', 'lENSG00000226115', 'lENSG00000226137', 'lENSG00000227082', 'lENSG00000227256', 'lENSG00000227963', 'lENSG00000228022', 'lENSG00000228526', 'lENSG00000229267', 'lENSG00000229335', 'lENSG00000229388', 'lENSG00000230046', 'lENSG00000230257', 'lENSG00000230313', 'lENSG00000230400', 'lENSG00000230866', 'lENSG00000231019', 'lENSG00000231437', 'lENSG00000231473', 'lENSG00000231663', 'lENSG00000232265', 'lENSG00000232415', 'lENSG00000233387', 'lENSG00000233532', 'lENSG00000233590', 'lENSG00000234222', 'lENSG00000234455', 'lENSG00000234625', 'lENSG00000235385', 'lENSG00000235535', 'lENSG00000235724', 'lENSG00000236240', 'lENSG00000236535', 'lENSG00000236671', 'lENSG00000237167', 'lENSG00000237396', 'lENSG00000237880', 'lENSG00000241388', 'lENSG00000242207', 'lENSG00000243479', 'lENSG00000244124', 'lENSG00000245067', 'lENSG00000245146', 'lENSG00000245614', 'lENSG00000246560', 'lENSG00000247095', 'lENSG00000247373', 'lENSG00000247400', 'lENSG00000247498', 'lENSG00000249532', 'lENSG00000249786', 'lENSG00000249835', 'lENSG00000249993', 'lENSG00000250635', 'lENSG00000251003', 'lENSG00000253315', 'lENSG00000254418', 'lENSG00000254480', 'lENSG00000254508', 'lENSG00000254635', 'lENSG00000255363', 'lENSG00000255553', 'lENSG00000255850', 'lENSG00000257084', 'lENSG00000257557', 'lENSG00000258197', 'lENSG00000258912', 'lENSG00000259289', 'lENSG00000259424', 'lENSG00000260219', 'lENSG00000260280', 'lENSG00000260455', 'lENSG00000260924', 'lENSG00000260969', 'lENSG00000261183', 'lENSG00000261423', 'lENSG00000261780', 'lENSG00000263718', 'lENSG00000264672', 'lENSG00000265374', 'lENSG00000266402', 'lENSG00000266970', 'lENSG00000267296', 'lENSG00000267321', 'lENSG00000267413', 'lENSG00000267440', 'lENSG00000267858', 'lENSG00000269911', 'lENSG00000269939', 'lENSG00000270084', 'lENSG00000270344', 'lENSG00000270959', 'lENSG00000272769', 'lENSG00000274372', 'lENSG00000278970', 'lENSG00000279296', 'lENSG00000281189', 'lENSG00000284070', 'lENSG00000285644', 'lENSG00000286004', 'lENSG00000286737', 'lENSG00000288080', 'lENSG00000224167', 'lENSG00000224739', 'lA1BG-AS1', 'lADAMTS9-AS2', 'lANKRD62P1-PARP4P3', 'lASMTL-AS1', 'lBANCR', 'lCDKN2B-AS1', 'lCRNDE', 'lDGKK', 'lDLX6-AS1', 'lEGOT', 'lFEZF1-AS1', 'lGATA6-AS1', 'lGHET1', 'lHEIH', 'lHOTAIRM1', 'lHOXA-AS3', 'lINHBA-AS1', 'lJPX', 'lJRK', 'lKCTD21-AS1', 'lKTN1-AS1', 'lLAMTOR5-AS1', 'lLBX2-AS1', 'lLINC00173', 'lLINC00174', 'lLINC00240', 'lLINC00333', 'lLINC00472', 'lLPP-AS2', 'lMCM3AP-AS1', 'lMEG3', 'lMIR181A1HG', 'lMIR31HG', 'lMYLK-AS1', 'lPANDAR', 'lPCGEM1', 'lPVT1', 'lRHPN1-AS1', 'lRMST', 'lSNHG15', 'lSNHG16', 'lSNX29P2', 'lTEN1-CDK3', 'lTPTEP1', 'lVCAN-AS1', 'lZFAS1', 'lZNF286B', 'lZNF503-AS2', 'lLINC00461', 'lLINC00514', 'lSRP14-AS1', 'lAC007009.1', 'lPWAR6', 'lAC004840.8', 'lAC103564.7', 'lAC135048.13', 'lAC137723.5', 'lAL928742.12', 'lAP001058.3', 'lCTB-91J4.1', 'lCTC-338M12.2', 'lCTD-2165H16.4', 'lCTD-2195B23.3', 'lCTD-2540L5.5', 'lKB-7G2.8', 'lLA16c-321D4.2', 'lLA16c-380H5.3', 'lLL22NC03-23C6.13', 'lRP1-283E3.8', 'lRP11-100F15.1', 'lRP11-104E19.1', 'lRP11-108M9.3', 'lRP11-123O10.4', 'lRP11-197N18.2', 'lRP11-227H15.4', 'lRP11-243J18.2', 'lRP11-24P14.1', 'lRP11-264B17.3', 'lRP11-2C24.4', 'lRP11-305P14.1', 'lRP11-439K3.1', 'lRP11-467J12.4', 'lRP11-49K24.4', 'lRP11-54O7.3', 'lRP11-550C4.6', 'lRP11-680A11.5', 'lRP4-756H11.3', 'lRP4-790G17.7', 'lRP5-1061H20.4', 'lRP5-1074L1.1', 'lRP5-1160K1.8', 'lXXbac-BPG300A18.13', 'lAC018766.4', 'lCTD-2231H16.1', 'lHNRNPU-AS1', 'lRP11-429J17.8', 'lRP11-672A2.1', 'lRP11-495P10.8', 'lCTA-250D10.23', 'lRP4-610C12.4', 'lLINC00035', 'lRP11-408H20.2', 'lNONHSAG000157', 'lNONHSAG000297', 'lNONHSAG000623', 'lNONHSAG000677', 'lNONHSAG000896', 'lNONHSAG000969', 'lNONHSAG000994', 'lNONHSAG001008', 'lNONHSAG001014', 'lNONHSAG001028', 'lNONHSAG001033', 'lNONHSAG001147', 'lNONHSAG001171', 'lNONHSAG001207', 'lNONHSAG001240', 'lNONHSAG001258', 'lNONHSAG001419', 'lNONHSAG001435', 'lNONHSAG002403', 'lNONHSAG002487', 'lNONHSAG002619', 'lNONHSAG002726', 'lNONHSAG002790', 'lNONHSAG002816', 'lNONHSAG003227', 'lNONHSAG003308', 'lNONHSAG003418', 'lNONHSAG003459', 'lNONHSAG003810', 'lNONHSAG003881', 'lNONHSAG004227', 'lNONHSAG004475', 'lNONHSAG004507', 'lNONHSAG004638', 'lNONHSAG004893', 'lNONHSAG005249', 'lNONHSAG005473', 'lNONHSAG005522', 'lNONHSAG005679', 'lNONHSAG005717', 'lNONHSAG005725', 'lNONHSAG005727', 'lNONHSAG005740', 'lNONHSAG005746', 'lNONHSAG005747', 'lNONHSAG005760', 'lNONHSAG005761', 'lNONHSAG005769', 'lNONHSAG005789', 'lNONHSAG005797', 'lNONHSAG005809', 'lNONHSAG005821', 'lNONHSAG005842', 'lNONHSAG005847', 'lNONHSAG005851', 'lNONHSAG005852', 'lNONHSAG005853', 'lNONHSAG005855', 'lNONHSAG005856', 'lNONHSAG005857', 'lNONHSAG005859', 'lNONHSAG005862', 'lNONHSAG005867', 'lNONHSAG005885', 'lNONHSAG005915', 'lNONHSAG005935', 'lNONHSAG005936', 'lNONHSAG005939', 'lNONHSAG005985', 'lNONHSAG005986', 'lNONHSAG006012', 'lNONHSAG006022', 'lNONHSAG006078', 'lNONHSAG006086', 'lNONHSAG006091', 'lNONHSAG006097', 'lNONHSAG006103', 'lNONHSAG006160', 'lNONHSAG006183', 'lNONHSAG006186', 'lNONHSAG006187', 'lNONHSAG006188', 'lNONHSAG006206', 'lNONHSAG006220', 'lNONHSAG006221', 'lNONHSAG006235', 'lNONHSAG006240', 'lNONHSAG006274', 'lNONHSAG006279', 'lNONHSAG006290', 'lNONHSAG006293', 'lNONHSAG006300', 'lNONHSAG006314', 'lNONHSAG006324', 'lNONHSAG006376', 'lNONHSAG006377', 'lNONHSAG006382', 'lNONHSAG006388', 'lNONHSAG006395', 'lNONHSAG006399', 'lNONHSAG006405', 'lNONHSAG006407', 'lNONHSAG006412', 'lNONHSAG006415', 'lNONHSAG006434', 'lNONHSAG006440', 'lNONHSAG006459', 'lNONHSAG006493', 'lNONHSAG006507', 'lNONHSAG006527', 'lNONHSAG006536', 'lNONHSAG006551', 'lNONHSAG006555', 'lNONHSAG006557', 'lNONHSAG006573', 'lNONHSAG006576', 'lNONHSAG006579', 'lNONHSAG006581', 'lNONHSAG006586', 'lNONHSAG006591', 'lNONHSAG006602', 'lNONHSAG006646', 'lNONHSAG006653', 'lNONHSAG006669', 'lNONHSAG006716', 'lNONHSAG006748', 'lNONHSAG006750', 'lNONHSAG006779', 'lNONHSAG006808', 'lNONHSAG006830', 'lNONHSAG006832', 'lNONHSAG006837', 'lNONHSAG006855', 'lNONHSAG006883', 'lNONHSAG006889', 'lNONHSAG006894', 'lNONHSAG006897', 'lNONHSAG006909', 'lNONHSAG006915', 'lNONHSAG006922', 'lNONHSAG006967', 'lNONHSAG006970', 'lNONHSAG006976', 'lNONHSAG007000', 'lNONHSAG007008', 'lNONHSAG007020', 'lNONHSAG007023', 'lNONHSAG007029', 'lNONHSAG007063', 'lNONHSAG007087', 'lNONHSAG007103', 'lNONHSAG007118', 'lNONHSAG007129', 'lNONHSAG007139', 'lNONHSAG007155', 'lNONHSAG007172', 'lNONHSAG007203', 'lNONHSAG007222', 'lNONHSAG007224', 'lNONHSAG007242', 'lNONHSAG007259', 'lNONHSAG007278', 'lNONHSAG007286', 'lNONHSAG007298', 'lNONHSAG007414', 'lNONHSAG007419', 'lNONHSAG007429', 'lNONHSAG007458', 'lNONHSAG007488', 'lNONHSAG007507', 'lNONHSAG007531', 'lNONHSAG007533', 'lNONHSAG007543', 'lNONHSAG007544', 'lNONHSAG007554', 'lNONHSAG007563', 'lNONHSAG007574', 'lNONHSAG007587', 'lNONHSAG007599', 'lNONHSAG007621', 'lNONHSAG007632', 'lNONHSAG007638', 'lNONHSAG007730', 'lNONHSAG007932', 'lENSG00000083622', 'lENSG00000105501', 'lENSG00000122043', 'lENSG00000149443', 'lENSG00000175746', 'lENSG00000177596', 'lENSG00000178248', 'lENSG00000197644', 'lENSG00000197880', 'lENSG00000198054', 'lENSG00000198671', 'lENSG00000203307', 'lENSG00000203434', 'lENSG00000203472', 'lENSG00000203565', 'lENSG00000203605', 'lENSG00000203864', 'lENSG00000204464', 'lENSG00000205018', 'lENSG00000205452', 'lENSG00000205500', 'lENSG00000212856', 'lENSG00000219410', 'lENSG00000221845', 'lENSG00000222000', 'lENSG00000222032', 'lENSG00000222044', 'lENSG00000223374', 'lENSG00000223381', 'lENSG00000223387', 'lENSG00000223400', 'lENSG00000223537', 'lENSG00000223563', 'lENSG00000223598', 'lENSG00000223634', 'lENSG00000223643', 'lENSG00000223647', 'lENSG00000223727', 'lENSG00000223786', 'lENSG00000223809', 'lENSG00000223831', 'lENSG00000223870', 'lENSG00000223881', 'lENSG00000223966', 'lENSG00000224075', 'lENSG00000224087', 'lENSG00000224095', 'lENSG00000224220', 'lENSG00000224330', 'lENSG00000224500', 'lENSG00000224535', 'lENSG00000224541', 'lENSG00000224549', 'lENSG00000224595', 'lENSG00000224645', 'lENSG00000224655', 'lENSG00000224794', 'lENSG00000224821', 'lENSG00000224844', 'lENSG00000224857', 'lENSG00000224885', 'lENSG00000224922', 'lENSG00000224972', 'lENSG00000225012', 'lENSG00000225050', 'lENSG00000225129', 'lENSG00000225146', 'lENSG00000225218', 'lENSG00000225325', 'lENSG00000225334', 'lENSG00000225378', 'lENSG00000225457', 'lENSG00000225570', 'lENSG00000225588', 'lENSG00000225647', 'lENSG00000225750', 'lENSG00000225751', 'lENSG00000225761', 'lENSG00000225798', 'lENSG00000225886', 'lENSG00000225919', 'lENSG00000225929', 'lENSG00000226047', 'lENSG00000226089', 'lENSG00000226133', 'lENSG00000226143', 'lENSG00000226193', 'lENSG00000226194', 'lENSG00000226238', 'lENSG00000226323', 'lENSG00000226337', 'lENSG00000226398', 'lENSG00000226442', 'lENSG00000226454', 'lENSG00000226508', 'lENSG00000226522', 'lENSG00000226542', 'lENSG00000226562', 'lENSG00000226566', 'lENSG00000226576', 'lENSG00000226601', 'lENSG00000226647', 'lENSG00000226699', 'lENSG00000226770', 'lENSG00000226813', 'lENSG00000226883', 'lENSG00000226925', 'lENSG00000226956', 'lENSG00000226957', 'lENSG00000227075', 'lENSG00000227125', 'lENSG00000227131', 'lENSG00000227181', 'lENSG00000227197', 'lENSG00000227330', 'lENSG00000227360', 'lENSG00000227409', 'lENSG00000227459', 'lENSG00000227482', 'lENSG00000227496', 'lENSG00000227509', 'lENSG00000227512', 'lENSG00000227549', 'lENSG00000227579', 'lENSG00000227611', 'lENSG00000227680', 'lENSG00000227716', 'lENSG00000227718', 'lENSG00000227769', 'lENSG00000227863', 'lENSG00000227893', 'lENSG00000227930', 'lENSG00000227958', 'lENSG00000227960', 'lENSG00000228028', 'lENSG00000228082', 'lENSG00000228108', 'lENSG00000228136', 'lENSG00000228170', 'lENSG00000228215', 'lENSG00000228231', 'lENSG00000228261', 'lENSG00000228272', 'lENSG00000228351', 'lENSG00000228372', 'lENSG00000228383', 'lENSG00000228470', 'lENSG00000228485', 'lENSG00000228548', 'lENSG00000228596', 'lENSG00000228804', 'lENSG00000228826', 'lENSG00000228852', 'lENSG00000228939', 'lENSG00000228950', 'lENSG00000229152', 'lENSG00000229162', 'lENSG00000229167', 'lENSG00000229190', 'lENSG00000229224', 'lENSG00000229283', 'lENSG00000229297', 'lENSG00000229331', 'lENSG00000229345', 'lENSG00000229370', 'lENSG00000229379', 'lENSG00000229444', 'lENSG00000229457', 'lENSG00000229487', 'lENSG00000229498', 'lENSG00000229528', 'lENSG00000229531', 'lENSG00000229673', 'lENSG00000229679', 'lENSG00000229688', 'lENSG00000229848', 'lENSG00000229851', 'lENSG00000229953', 'lENSG00000229999', 'lENSG00000230010', 'lENSG00000230065', 'lENSG00000230109', 'lENSG00000230121', 'lENSG00000230153', 'lENSG00000230155', 'lENSG00000230190', 'lENSG00000230197', 'lENSG00000230212', 'lENSG00000230234', 'lENSG00000230323', 'lENSG00000230432', 'lENSG00000230483', 'lENSG00000230499', 'lENSG00000230599', 'lENSG00000230668', 'lENSG00000230735', 'lENSG00000230759', 'lENSG00000230794', 'lENSG00000230826', 'lENSG00000230830', 'lENSG00000230912', 'lENSG00000230918', 'lENSG00000230972', 'lENSG00000231081', 'lENSG00000231082', 'lENSG00000231092', 'lENSG00000231102', 'lENSG00000231114', 'lENSG00000231143', 'lENSG00000231253', 'lENSG00000231407', 'lENSG00000231413', 'lENSG00000231440', 'lENSG00000231492', 'lENSG00000231496', 'lENSG00000231539', 'lENSG00000231597', 'lENSG00000231678', 'lENSG00000231681', 'lENSG00000231724', 'lENSG00000231760', 'lENSG00000231772', 'lENSG00000231781', 'lENSG00000231914', 'lENSG00000231937', 'lENSG00000231953', 'lENSG00000231964', 'lENSG00000232031', 'lENSG00000232058', 'lENSG00000232086', 'lENSG00000232120', 'lENSG00000232192', 'lENSG00000232197', 'lENSG00000232252', 'lENSG00000232286', 'lENSG00000232310', 'lENSG00000232328', 'lENSG00000232359', 'lENSG00000232363', 'lENSG00000232451', 'lENSG00000232464', 'lENSG00000232465', 'lENSG00000232564', 'lENSG00000232596', 'lENSG00000232604', 'lENSG00000232710', 'lENSG00000232719', 'lENSG00000232746', 'lENSG00000232806', 'lENSG00000232893', 'lENSG00000232930', 'lENSG00000232939', 'lENSG00000232964', 'lENSG00000233079', 'lENSG00000233178', 'lENSG00000233179', 'lENSG00000233219', 'lENSG00000233222', 'lENSG00000233330', 'lENSG00000233407', 'lENSG00000233472', 'lENSG00000233479', 'lENSG00000233534', 'lENSG00000233574', 'lENSG00000233581', 'lENSG00000233613', 'lENSG00000233625', 'lENSG00000233656', 'lENSG00000233665', 'lENSG00000233689', 'lENSG00000233851', 'lENSG00000233891', 'lENSG00000233953', 'lENSG00000233969', 'lENSG00000233985', 'lENSG00000234021', 'lENSG00000234055', 'lENSG00000234117', 'lENSG00000234149', 'lENSG00000234160', 'lENSG00000234172', 'lENSG00000234191', 'lENSG00000234318', 'lENSG00000234504', 'lENSG00000234567', 'lENSG00000234622', 'lENSG00000234626', 'lENSG00000234653', 'lENSG00000234690', 'lENSG00000234693', 'lENSG00000234714', 'lENSG00000234756', 'lENSG00000234860', 'lENSG00000234900', 'lENSG00000234953', 'lENSG00000234961', 'lENSG00000235011', 'lENSG00000235035', 'lENSG00000235050', 'lENSG00000235059', 'lENSG00000235086', 'lENSG00000235122', 'lENSG00000235168', 'lENSG00000235262', 'lENSG00000235435', 'lENSG00000235494', 'lENSG00000235503', 'lENSG00000235533', 'lENSG00000235635', 'lENSG00000235637', 'lENSG00000235669', 'lENSG00000235786', 'lENSG00000235813', 'lENSG00000236031', 'lENSG00000236065', 'lENSG00000236109', 'lENSG00000236242', 'lENSG00000236267', 'lENSG00000236272', 'lENSG00000236324', 'lENSG00000236326', 'lENSG00000236366', 'lENSG00000236414', 'lENSG00000236452', 'lENSG00000236463', 'lENSG00000236498', 'lENSG00000236559', 'lENSG00000236648', 'lENSG00000236662', 'lENSG00000236723', 'lENSG00000236744', 'lENSG00000236758', 'lENSG00000236800', 'lENSG00000236828', 'lENSG00000236854', 'lENSG00000236921', 'lENSG00000236951', 'lENSG00000236953', 'lENSG00000236975', 'lENSG00000237058', 'lENSG00000237073', 'lENSG00000237200', 'lENSG00000237293', 'lENSG00000237312', 'lENSG00000237324', 'lENSG00000237331', 'lENSG00000237337', 'lENSG00000237373', 'lENSG00000237435', 'lENSG00000237463', 'lENSG00000237477', 'lENSG00000237481', 'lENSG00000237494', 'lENSG00000237520', 'lENSG00000237571', 'lENSG00000237576', 'lENSG00000237581', 'lENSG00000237670', 'lENSG00000237687', 'lENSG00000237734', 'lENSG00000237756', 'lENSG00000237768', 'lENSG00000237802', 'lENSG00000237921', 'lENSG00000237937', 'lENSG00000237993', 'lENSG00000238131', 'lENSG00000238185', 'lENSG00000238282', 'lENSG00000238291', 'lENSG00000239314', 'lENSG00000239415', 'lENSG00000239593', 'lENSG00000240354', 'lENSG00000240573', 'lENSG00000240868', 'lENSG00000241593', 'lENSG00000241666', 'lENSG00000241985', 'lENSG00000242012', 'lENSG00000242072', 'lENSG00000242339', 'lENSG00000242391', 'lENSG00000242545', 'lENSG00000242568', 'lENSG00000242618', 'lENSG00000242795', 'lENSG00000242861', 'lENSG00000243149', 'lENSG00000243230', 'lENSG00000243273', 'lENSG00000243368', 'lENSG00000243797', 'lENSG00000243903', 'lENSG00000243961', 'lENSG00000244278', 'lENSG00000244327', 'lENSG00000244461', 'lENSG00000245148', 'lENSG00000246541', 'lENSG00000247867', 'lENSG00000247925', 'lENSG00000248125', 'lENSG00000248145', 'lENSG00000248148', 'lENSG00000248172', 'lENSG00000248245', 'lENSG00000248358', 'lENSG00000248373', 'lENSG00000248393', 'lENSG00000248397', 'lENSG00000248416', 'lENSG00000248457', 'lENSG00000248482', 'lENSG00000248490', 'lENSG00000248576', 'lENSG00000248599', 'lENSG00000248758', 'lENSG00000248789', 'lENSG00000248802', 'lENSG00000248925', 'lENSG00000248935', 'lENSG00000248975', 'lENSG00000248984', 'lENSG00000248995', 'lENSG00000249066', 'lENSG00000249071', 'lENSG00000249099', 'lENSG00000249111', 'lENSG00000249114', 'lENSG00000249297', 'lENSG00000249334', 'lENSG00000249382', 'lENSG00000249409', 'lENSG00000249419', 'lENSG00000249426', 'lENSG00000249441', 'lENSG00000249451', 'lENSG00000249605', 'lENSG00000249613', 'lENSG00000249697', 'lENSG00000249706', 'lENSG00000249742', 'lENSG00000249753', 'lENSG00000249782', 'lENSG00000249830', 'lENSG00000249865', 'lENSG00000249892', 'lENSG00000250062', 'lENSG00000250092', 'lENSG00000250186', 'lENSG00000250195', 'lENSG00000250242', 'lENSG00000250524', 'lENSG00000250541', 'lENSG00000250626', 'lENSG00000250646', 'lENSG00000250657', 'lENSG00000250665', 'lENSG00000250698', 'lENSG00000250761', 'lENSG00000250791', 'lENSG00000250820', 'lENSG00000250855', 'lENSG00000250865', 'lENSG00000250866', 'lENSG00000250877', 'lENSG00000250910', 'lENSG00000250917', 'lENSG00000250929', 'lENSG00000250945', 'lENSG00000250949', 'lENSG00000250950', 'lENSG00000250955', 'lENSG00000250993', 'lENSG00000251059', 'lENSG00000251072', 'lENSG00000251088', 'lENSG00000251185', 'lENSG00000251194', 'lENSG00000251256', 'lENSG00000251281', 'lENSG00000251283', 'lENSG00000251412', 'lENSG00000251414', 'lENSG00000251438', 'lENSG00000251688', 'lENSG00000253142', 'lENSG00000253147', 'lENSG00000253167', 'lENSG00000253171', 'lENSG00000253189', 'lENSG00000253282', 'lENSG00000253356', 'lENSG00000253397', 'lENSG00000253449', 'lENSG00000253526', 'lENSG00000253530', 'lENSG00000253577', 'lENSG00000253616', 'lENSG00000253627', 'lENSG00000253643', 'lENSG00000253660', 'lENSG00000253665', 'lENSG00000253722', 'lENSG00000253754', 'lENSG00000253782', 'lENSG00000253834', 'lENSG00000253851', 'lENSG00000253865', 'lENSG00000253871', 'lENSG00000253880', 'lENSG00000253927', 'lENSG00000253947', 'lENSG00000253976', 'lENSG00000254026', 'lENSG00000254031', 'lENSG00000254033', 'lENSG00000254035', 'lENSG00000254043', 'lENSG00000254084', 'lENSG00000254094', 'lENSG00000254123', 'lENSG00000254171', 'lENSG00000254177', 'lENSG00000254207', 'lENSG00000254239', 'lENSG00000254242', 'lENSG00000254263', 'lENSG00000254325', 'lENSG00000254330', 'lENSG00000254347', 'lENSG00000254350', 'lENSG00000254380', 'lENSG00000254428', 'lENSG00000254429', 'lENSG00000254456', 'lENSG00000254516', 'lENSG00000254526', 'lENSG00000254559', 'lENSG00000254563', 'lENSG00000254574', 'lENSG00000254592', 'lENSG00000254620', 'lENSG00000254627', 'lENSG00000254689', 'lENSG00000254739', 'lENSG00000254775', 'lENSG00000254787', 'lENSG00000254829', 'lENSG00000254842', 'lENSG00000254846', 'lENSG00000254847', 'lENSG00000254864', 'lENSG00000254879', 'lENSG00000254913', 'lENSG00000254921', 'lENSG00000254928', 'lENSG00000254930', 'lENSG00000254972', 'lENSG00000254983', 'lENSG00000255027', 'lENSG00000255039', 'lENSG00000255041', 'lENSG00000255084', 'lENSG00000255114', 'lENSG00000255159', 'lENSG00000255167', 'lENSG00000255227', 'lENSG00000255241', 'lENSG00000255247', 'lENSG00000255252', 'lENSG00000255271', 'lENSG00000255300', 'lENSG00000255327', 'lENSG00000255343', 'lENSG00000255357', 'lENSG00000255375', 'lENSG00000255388', 'lENSG00000255390', 'lENSG00000255443', 'lENSG00000255462', 'lENSG00000255478', 'lENSG00000255482', 'lENSG00000255487', 'lENSG00000255496', 'lENSG00000255498', 'lENSG00000255506', 'lENSG00000255523', 'lENSG00000255528', 'lENSG00000255539', 'lENSG00000255555', 'lENSG00000255565', 'lENSG00000255572', 'lENSG00000255580', 'lENSG00000255808', 'lENSG00000255839', 'lENSG00000255893', 'lENSG00000255949', 'lENSG00000256007', 'lENSG00000256072', 'lENSG00000256209', 'lENSG00000256226', 'lENSG00000256234', 'lENSG00000256292', 'lENSG00000256314', 'lENSG00000256364', 'lENSG00000256448', 'lENSG00000256452', 'lENSG00000256482', 'lENSG00000256484', 'lENSG00000256568', 'lENSG00000256582', 'lENSG00000256670', 'lENSG00000256733', 'lENSG00000256897', 'lENSG00000257022', 'lENSG00000257096', 'lENSG00000257105', 'lENSG00000257137', 'lENSG00000257165', 'lENSG00000257235', 'lENSG00000257261', 'lENSG00000257264', 'lENSG00000257265', 'lENSG00000257271', 'lENSG00000257342', 'lENSG00000257381', 'lENSG00000257407', 'lENSG00000257470', 'lENSG00000257488', 'lENSG00000257494', 'lENSG00000257500', 'lENSG00000257514', 'lENSG00000257527', 'lENSG00000257541', 'lENSG00000257587', 'lENSG00000257634', 'lENSG00000257653', 'lENSG00000257682', 'lENSG00000257732', 'lENSG00000257750', 'lENSG00000257764', 'lENSG00000257787', 'lENSG00000257860', 'lENSG00000257904', 'lENSG00000257925', 'lENSG00000258007', 'lENSG00000258044', 'lENSG00000258108', 'lENSG00000258185', 'lENSG00000258210', 'lENSG00000258220', 'lENSG00000258234', 'lENSG00000258272', 'lENSG00000258292', 'lENSG00000258308', 'lENSG00000258312', 'lENSG00000258323', 'lENSG00000258378', 'lENSG00000258379', 'lENSG00000258390', 'lENSG00000258394', 'lENSG00000258425', 'lENSG00000258451', 'lENSG00000258460', 'lENSG00000258515', 'lENSG00000258516', 'lENSG00000258520', 'lENSG00000258610', 'lENSG00000258657', 'lENSG00000258670', 'lENSG00000258695', 'lENSG00000258698', 'lENSG00000258742', 'lENSG00000258745', 'lENSG00000258800', 'lENSG00000258824', 'lENSG00000258826', 'lENSG00000258829', 'lENSG00000258850', 'lENSG00000258869', 'lENSG00000258892', 'lENSG00000258904', 'lENSG00000258908', 'lENSG00000258944', 'lENSG00000259007', 'lENSG00000259026', 'lENSG00000259187', 'lENSG00000259188', 'lENSG00000259194', 'lENSG00000259202', 'lENSG00000259211', 'lENSG00000259223', 'lENSG00000259250', 'lENSG00000259256', 'lENSG00000259265', 'lENSG00000259268', 'lENSG00000259290', 'lENSG00000259294', 'lENSG00000259307', 'lENSG00000259342', 'lENSG00000259351', 'lENSG00000259352', 'lENSG00000259360', 'lENSG00000259385', 'lENSG00000259432', 'lENSG00000259503', 'lENSG00000259532', 'lENSG00000259544', 'lENSG00000259595', 'lENSG00000259631', 'lENSG00000259636', 'lENSG00000259649', 'lENSG00000259659', 'lENSG00000259757', 'lENSG00000259759', 'lENSG00000259767', 'lENSG00000259798', 'lENSG00000259805', 'lENSG00000259935', 'lENSG00000259945', 'lENSG00000259955', 'lENSG00000259967', 'lENSG00000260003', 'lENSG00000260017', 'lENSG00000260022', 'lENSG00000260058', 'lENSG00000260158', 'lENSG00000260186', 'lENSG00000260190', 'lENSG00000260237', 'lENSG00000260246', 'lENSG00000260304', 'lENSG00000260454', 'lENSG00000260476', 'lENSG00000260586', 'lENSG00000260605', 'lENSG00000260626', 'lENSG00000260659', 'lENSG00000260720', 'lENSG00000260741', 'lENSG00000260773', 'lENSG00000260798', 'lENSG00000260814', 'lENSG00000260884', 'lENSG00000260911', 'lENSG00000260934', 'lENSG00000260970', 'lENSG00000260986', 'lENSG00000260999', 'lENSG00000261014', 'lENSG00000261036', 'lENSG00000261065', 'lENSG00000261066', 'lENSG00000261070', 'lENSG00000261243', 'lENSG00000261248', 'lENSG00000261266', 'lENSG00000261332', 'lENSG00000261379', 'lENSG00000261432', 'lENSG00000261475', 'lENSG00000261507', 'lENSG00000261523', 'lENSG00000261552', 'lENSG00000261569', 'lENSG00000261633', 'lENSG00000261663', 'lENSG00000261671', 'lENSG00000261695', 'lENSG00000261729', 'lENSG00000261731', 'lENSG00000261761', 'lENSG00000261838', 'lENSG00000261864', 'lENSG00000262151', 'lENSG00000262298', 'lENSG00000262434', 'lENSG00000262533', 'lENSG00000262652', 'lENSG00000262692', 'lENSG00000262777', 'lENSG00000262810', 'lENSG00000262815', 'lENSG00000263080', 'lENSG00000263237', 'lENSG00000263257', 'lENSG00000263300', 'lENSG00000263321', 'lENSG00000263335', 'lENSG00000263466', 'lENSG00000263585', 'lENSG00000263594', 'lENSG00000263618', 'lENSG00000263684', 'lENSG00000263709', 'lENSG00000263765', 'lENSG00000263797', 'lENSG00000263847', 'lENSG00000263873', 'lENSG00000263952', 'lENSG00000263982', 'lENSG00000263986', 'lENSG00000264016', 'lENSG00000264023', 'lENSG00000264066', 'lENSG00000264107', 'lENSG00000264116', 'lENSG00000264151', 'lENSG00000264269', 'lENSG00000264486', 'lENSG00000264513', 'lENSG00000264520', 'lENSG00000264546', 'lENSG00000264558', 'lENSG00000264577', 'lENSG00000264595', 'lENSG00000264622', 'lENSG00000264734', 'lENSG00000264769', 'lENSG00000264825', 'lENSG00000264924', 'lENSG00000265125', 'lENSG00000265168', 'lENSG00000265205', 'lENSG00000265265', 'lENSG00000265334', 'lENSG00000265359', 'lENSG00000265400', 'lENSG00000265443', 'lENSG00000265474', 'lENSG00000265554', 'lENSG00000265625', 'lENSG00000265643', 'lENSG00000265728', 'lENSG00000265739', 'lENSG00000265743', 'lENSG00000265791', 'lENSG00000265800', 'lENSG00000265840', 'lENSG00000265844', 'lENSG00000265845', 'lENSG00000265980', 'lENSG00000265994', 'lENSG00000266102', 'lENSG00000266153', 'lENSG00000266311', 'lENSG00000266341', 'lENSG00000266368', 'lENSG00000266535', 'lENSG00000266538', 'lENSG00000266541', 'lENSG00000266651', 'lENSG00000266696', 'lENSG00000266839', 'lENSG00000266844', 'lENSG00000266877', 'lENSG00000266936', 'lENSG00000266981', 'lENSG00000266985', 'lENSG00000266993', 'lENSG00000267000', 'lENSG00000267028', 'lENSG00000267057', 'lENSG00000267063', 'lENSG00000267177', 'lENSG00000267225', 'lENSG00000267234', 'lENSG00000267255', 'lENSG00000267263', 'lENSG00000267274', 'lENSG00000267286', 'lENSG00000267320', 'lENSG00000267341', 'lENSG00000267354', 'lENSG00000267364', 'lENSG00000267387', 'lENSG00000267437', 'lENSG00000267501', 'lENSG00000267510', 'lENSG00000267543', 'lENSG00000267593', 'lENSG00000267615', 'lENSG00000267617', 'lENSG00000267633', 'lENSG00000267665', 'lENSG00000267711', 'lENSG00000267791', 'lENSG00000267838', 'lENSG00000267922', 'lENSG00000267980', 'lENSG00000268015', 'lENSG00000268049', 'lENSG00000268051', 'lENSG00000268069', 'lENSG00000268078', 'lENSG00000268191', 'lENSG00000268203', 'lENSG00000268240', 'lENSG00000268289', 'lENSG00000268292', 'lENSG00000268296', 'lENSG00000268520', 'lENSG00000268605', 'lENSG00000268734', 'lENSG00000268743', 'lENSG00000268798', 'lENSG00000268833', 'lENSG00000268912', 'lENSG00000268981', 'lENSG00000269044', 'lENSG00000269085', 'lENSG00000269145', 'lENSG00000269292', 'lENSG00000269321', 'lENSG00000269350', 'lENSG00000269495', 'lENSG00000269504', 'lENSG00000269578', 'lENSG00000269621', 'lENSG00000269656', 'lENSG00000269729', 'lENSG00000269826', 'lENSG00000269867', 'lENSG00000269901', 'lENSG00000269950', 'lENSG00000269987', 'lENSG00000270082', 'lENSG00000270094', 'lENSG00000270108', 'lENSG00000270380', 'lENSG00000270871', 'lENSG00000270996', 'lENSG00000271032', 'lENSG00000271218', 'lENSG00000271579', 'lENSG00000271717', 'lENSG00000271763', 'lENSG00000271787', 'lENSG00000271833', 'lENSG00000271936', 'lENSG00000271945', 'lENSG00000271983', 'lENSG00000272027', 'lENSG00000272072', 'lENSG00000272149', 'lENSG00000272159', 'lENSG00000272338', 'lENSG00000272510', 'lENSG00000272540', 'lENSG00000272575', 'lENSG00000272642', 'lENSG00000272661', 'lENSG00000272810', 'lENSG00000272814', 'lENSG00000272866', 'lENSG00000272995', 'lENSG00000273035', 'lENSG00000273110', 'lENSG00000273198', 'lENSG00000273226', 'lENSG00000273257', 'lENSG00000273271', 'lENSG00000273275', 'lENSG00000273449', 'lENSG00000273461', 'lENSG00000273493', 'lENSG00000273550', 'lENSG00000273568', 'lENSG00000273838', 'lENSG00000273877', 'lENSG00000273919', 'lENSG00000274177', 'lENSG00000274227', 'lENSG00000274561', 'lENSG00000274624', 'lENSG00000274678', 'lENSG00000274737', 'lENSG00000274863', 'lENSG00000274893', 'lENSG00000275173', 'lENSG00000275345', 'lENSG00000275356', 'lENSG00000275401', 'lENSG00000275484', 'lENSG00000275576', 'lENSG00000275638', 'lENSG00000275871', 'lENSG00000275963', 'lENSG00000276054', 'lENSG00000276107', 'lENSG00000276266', 'lENSG00000276488', 'lENSG00000276527', 'lENSG00000276533', 'lENSG00000276668', 'lENSG00000276997', 'lENSG00000277173', 'lENSG00000277332', 'lENSG00000277639', 'lENSG00000277675', 'lENSG00000278013', 'lENSG00000278202', 'lENSG00000278351', 'lENSG00000278630', 'lENSG00000278766', 'lENSG00000278944', 'lENSG00000279088', 'lENSG00000279240', 'lENSG00000279484', 'lENSG00000279501', 'lENSG00000279623', 'lENSG00000279687', 'lENSG00000279920', 'lENSG00000280206', 'lENSG00000280455', 'lENSG00000280580', 'lENSG00000280870', 'lENSG00000280881', 'lENSG00000281021', 'lENSG00000281831', 'lENSG00000282478', 'lENSG00000282828', 'lENSG00000283083', 'lENSG00000283347', 'lENSG00000283375', 'lENSG00000283436', 'lENSG00000283457', 'lENSG00000283573', 'lENSG00000283631', 'lENSG00000283766', 'lENSG00000283973', 'lENSG00000284376', 'lENSG00000284418', 'lENSG00000284500', 'lENSG00000284513', 'lENSG00000284608', 'lENSG00000284699', 'lENSG00000284846', 'lENSG00000284994', 'lENSG00000285012', 'lENSG00000285040', 'lENSG00000285117', 'lENSG00000285325', 'lENSG00000285354', 'lENSG00000285409', 'lENSG00000285473', 'lENSG00000285518', 'lENSG00000285524', 'lENSG00000285550', 'lENSG00000285551', 'lENSG00000285619', 'lENSG00000285621', 'lENSG00000285654', 'lENSG00000285699', 'lENSG00000285709', 'lENSG00000285780', 'lENSG00000285857', 'lENSG00000285889', 'lENSG00000285954', 'lENSG00000285998', 'lENSG00000286010', 'lENSG00000286020', 'lENSG00000286050', 'lENSG00000286076', 'lENSG00000286089', 'lENSG00000286093', 'lENSG00000286168', 'lENSG00000286188', 'lENSG00000286194', 'lENSG00000286197', 'lENSG00000286206', 'lENSG00000286242', 'lENSG00000286244', 'lENSG00000286276', 'lENSG00000286303', 'lENSG00000286331', 'lENSG00000286333', 'lENSG00000286338', 'lENSG00000286357', 'lENSG00000286419', 'lENSG00000286430', 'lENSG00000286436', 'lENSG00000286441', 'lENSG00000286453', 'lENSG00000286461', 'lENSG00000286474', 'lENSG00000286515', 'lENSG00000286565', 'lENSG00000286578', 'lENSG00000286581', 'lENSG00000286588', 'lENSG00000286598', 'lENSG00000286617', 'lENSG00000286639', 'lENSG00000286645', 'lENSG00000286670', 'lENSG00000286689', 'lENSG00000286690', 'lENSG00000286698', 'lENSG00000286715', 'lENSG00000286716', 'lENSG00000286722', 'lENSG00000286735', 'lENSG00000286738', 'lENSG00000286740', 'lENSG00000286751', 'lENSG00000286759', 'lENSG00000286767', 'lENSG00000286776', 'lENSG00000286781', 'lENSG00000286803', 'lENSG00000286820', 'lENSG00000286822', 'lENSG00000286838', 'lENSG00000286843', 'lENSG00000286850', 'lENSG00000286908', 'lENSG00000286963', 'lENSG00000287005', 'lENSG00000287006', 'lENSG00000287020', 'lENSG00000287028', 'lENSG00000287030', 'lENSG00000287066', 'lENSG00000287094', 'lENSG00000287107', 'lENSG00000287108', 'lENSG00000287128', 'lENSG00000287155', 'lENSG00000287159', 'lENSG00000287191', 'lENSG00000287202', 'lENSG00000287213', 'lENSG00000287236', 'lENSG00000287270', 'lENSG00000287285', 'lENSG00000287321', 'lENSG00000287335', 'lENSG00000287358', 'lENSG00000287359', 'lENSG00000287366', 'lENSG00000287367', 'lENSG00000287381', 'lENSG00000287423', 'lENSG00000287441', 'lENSG00000287451', 'lENSG00000287456', 'lENSG00000287462', 'lENSG00000287501', 'lENSG00000287511', 'lENSG00000287517', 'lENSG00000287518', 'lENSG00000287550', 'lENSG00000287551', 'lENSG00000287587', 'lENSG00000287660', 'lENSG00000287664', 'lENSG00000287684', 'lENSG00000287687', 'lENSG00000287691', 'lENSG00000287704', 'lENSG00000211683', 'lENSG00000214955', 'lENSG00000223379', 'lENSG00000223795', 'lENSG00000224884', 'lENSG00000225393', 'lENSG00000225836', 'lENSG00000228255', 'lENSG00000228538', 'lENSG00000229454', 'lENSG00000229458', 'lENSG00000229628', 'lENSG00000229964', 'lENSG00000230600', 'lENSG00000231212', 'lENSG00000231616', 'lENSG00000232636', 'lENSG00000233987', 'lENSG00000234083', 'lENSG00000234810', 'lENSG00000234998', 'lENSG00000235337', 'lENSG00000235795', 'lENSG00000236453', 'lENSG00000239801', 'lENSG00000241792', 'lENSG00000242375', 'lENSG00000244620', 'lENSG00000247810', 'lENSG00000248359', 'lENSG00000248991', 'lENSG00000249159', 'lENSG00000250481', 'lENSG00000250567', 'lENSG00000250670', 'lENSG00000250686', 'lENSG00000250777', 'lENSG00000250948', 'lENSG00000251506', 'lENSG00000251654', 'lENSG00000253766', 'lENSG00000254306', 'lENSG00000255279', 'lENSG00000255325', 'lENSG00000255644', 'lENSG00000256686', 'lENSG00000257603', 'lENSG00000257715', 'lENSG00000257962', 'lENSG00000258088', 'lENSG00000258196', 'lENSG00000258386', 'lENSG00000258949', 'lENSG00000259209', 'lENSG00000259222', 'lENSG00000259244', 'lENSG00000259255', 'lENSG00000259274', 'lENSG00000259306', 'lENSG00000259407', 'lENSG00000260511', 'lENSG00000260983', 'lENSG00000261193', 'lENSG00000261445', 'lENSG00000261470', 'lENSG00000261775', 'lENSG00000264660', 'lENSG00000266893', 'lENSG00000267081', 'lENSG00000267521', 'lENSG00000267581', 'lENSG00000269391', 'lENSG00000272304', 'lENSG00000272369', 'lENSG00000273403', 'lENSG00000273486', 'lENSG00000274902', 'lENSG00000275232', 'lENSG00000278514', 'lENSG00000279672', 'lENSG00000282887', 'lENSG00000286164', 'lENSG00000235736', 'lENSG00000251613', 'lENSG00000263316', 'lENSG00000258631', 'lENSG00000260141', 'lENSG00000279472', 'lENSG00000271870', 'lENSG00000272934', 'lENSG00000265556', 'lENSG00000253701', 'lENSG00000268166', 'lALG13-AS1', 'lDGUOK-AS1', 'lDSCR8', 'lMIR145', 'lMIR24-2', 'lMIR3179-2', 'lMIR3654', 'lCDKN2B-AS', 'lC3orf65']","[1.0, 1.0, 0.0, 0.0, 1.0, 1.0, 1.0, 0.0, 0.0, 1.0, 1.0, 0.0, 1.0, 1.0, 0.0, 1.0, 0.0, 1.0, 1.0, 1.0, 0.0, 1.0, 1.0, 1.0, 1.0, 0.0, 1.0, 0.0, 1.0, 1.0, 1.0, 0.0, 0.0, 0.0, 1.0, 0.0, 1.0, 0.0, 1.0, 0.0, 1.0, 1.0, 0.0, 1.0, 0.0, 0.0, 0.0, 0.0, 0.0, 0.0, 1.0, 1.0, 1.0, 1.0, 1.0, 0.0, 1.0, 0.0, 0.0, 1.0, 1.0, 0.0, 1.0, 1.0, 1.0, 0.0, 1.0, 1.0, 1.0, 1.0, 1.0, 1.0, 0.0, 0.0, 1.0, 0.0, 1.0, 0.0, 1.0, 1.0, 0.0, 1.0, 1.0, 0.0, 1.0, 1.0, 1.0, 0.0, 1.0, 1.0, 0.0, 0.0, 1.0, 0.0, 1.0, 1.0, 0.0, 1.0, 1.0, 0.0, 0.0, 1.0, 1.0, 1.0, 0.0, 1.0, 0.0, 0.0, 1.0, 1.0, 0.0, 1.0, 1.0, 1.0, 1.0, 1.0, 1.0, 1.0, 0.0, 1.0, 0.0, 1.0, 1.0, 0.0, 1.0, 0.0, 0.0, 0.0, 0.0, 0.0, 1.0, 0.0, 0.0, 1.0, 1.0, 0.0, 1.0, 0.0, 1.0, 1.0, 0.0, 0.0, 1.0, 1.0, 1.0, 1.0, 1.0, 0.0, 0.0, 1.0, 1.0, 1.0, 0.0, 1.0, 0.0, 0.0, 0.0, 1.0, 1.0, 0.0, 1.0, 0.0, 1.0, 0.0, 0.0, 0.0, 1.0, 1.0, 0.0, 1.0, 0.0, 1.0, 0.0, 1.0, 1.0, 1.0, 1.0, 0.0, 1.0, 0.0, 0.0, 1.0, 1.0, 0.0, 1.0, 1.0, 0.0, 1.0, 1.0, 1.0, 1.0, 1.0, 0.0, 0.0, 0.0, 0.0, 1.0, 0.0, 1.0, 0.0, 1.0, 1.0, 0.0, 0.0, 0.0, 0.0, 1.0, 0.0, 0.0, 1.0, 1.0, 0.0, 0.0, 0.0, 0.0, 0.0, 0.0, 1.0, 1.0, 1.0, 1.0, 1.0, 0.0, 0.0, 1.0, 1.0, 1.0, 0.0, 1.0, 0.0, 1.0, 1.0, 1.0, 1.0, 1.0, 1.0, 1.0, 0.0, 1.0, 0.0, 0.0, 0.0, 0.0, 1.0, 1.0, 0.0, 0.0, 1.0, 0.0, 0.0, 1.0, 1.0, 0.0, 0.0, 0.0, 0.0, 1.0, 1.0, 1.0, 1.0, 1.0, 1.0, 0.0, 0.0, 0.0, 1.0, 0.0, 0.0, 1.0, 1.0, 0.0, 0.0, 1.0, 1.0, 1.0, 0.0, 0.0, 1.0, 1.0, 1.0, 0.0, 0.0, 0.0, 0.0, 0.0, 0.0, 0.0, 0.0, 0.0, 1.0, 1.0, 1.0, 1.0, 1.0, 0.0, 1.0, 1.0, 1.0, 0.0, 1.0, 1.0, 0.0, 0.0, 1.0, 0.0, 0.0, 1.0, 1.0, 1.0, 0.0, 1.0, 1.0, 1.0, 1.0, 0.0, 1.0, 1.0, 0.0, 0.0, 0.0, 1.0, 0.0, 1.0, 1.0, 0.0, 0.0, 0.0, 0.0, 1.0, 0.0, 1.0, 1.0, 1.0, 1.0, 0.0, 0.0, 1.0, 0.0, 0.0, 0.0, 1.0, 1.0, 1.0, 1.0, 0.0, 1.0, 0.0, 0.0, 0.0, 1.0, 0.0, 0.0, 0.0, 1.0, 1.0, 1.0, 0.0, 1.0, 1.0, 0.0, 0.0, 0.0, 1.0, 1.0, 1.0, 0.0, 0.0, 1.0, 0.0, 0.0, 0.0, 0.0, 1.0, 0.0, 0.0, 0.0, 1.0, 1.0, 0.0, 1.0, 0.0, 0.0, 1.0, 0.0, 1.0, 0.0, 1.0, 0.0, 0.0, 0.0, 1.0, 1.0, 0.0, 0.0, 1.0, 0.0, 1.0, 1.0, 1.0, 0.0, 0.0, 0.0, 0.0, 1.0, 1.0, 0.0, 0.0, 1.0, 0.0, 0.0, 0.0, 1.0, 1.0, 0.0, 1.0, 0.0, 1.0, 1.0, 0.0, 1.0, 0.0, 1.0, 1.0, 0.0, 1.0, 1.0, 1.0, 0.0, 0.0, 0.0, 0.0, 1.0, 1.0, 0.0, 1.0, 0.0, 1.0, 0.0, 1.0, 1.0, 0.0, 0.0, 1.0, 1.0, 1.0, 0.0, 0.0, 1.0, 0.0, 1.0, 1.0, 1.0, 1.0, 0.0, 1.0, 0.0, 1.0, 1.0, 0.0, 1.0, 1.0, 0.0, 0.0, 1.0, 0.0, 1.0, 0.0, 0.0, 0.0, 1.0, 1.0, 0.0, 0.0, 0.0, 1.0, 0.0, 0.0, 1.0, 0.0, 1.0, 1.0, 0.0, 0.0, 1.0, 1.0, 1.0, 0.0, 0.0, 1.0, 1.0, 0.0, 0.0, 1.0, 0.0, 0.0, 0.0, 0.0, 0.0, 1.0, 1.0, 0.0, 1.0, 1.0, 0.0, 0.0, 1.0, 0.0, 0.0, 1.0, 1.0, 0.0, 0.0, 0.0, 0.0, 0.0, 1.0, 0.0, 1.0, 1.0, 1.0, 0.0, 0.0, 0.0, 0.0, 0.0, 1.0, 0.0, 0.0, 1.0, 0.0, 0.0, 1.0, 1.0, 1.0, 0.0, 0.0, 1.0, 1.0, 0.0, 1.0, 1.0, 0.0, 0.0, 1.0, 1.0, 0.0, 0.0, 0.0, 0.0, 1.0, 0.0, 0.0, 0.0, 1.0, 0.0, 0.0, 0.0, 1.0, 0.0, 0.0, 1.0, 1.0, 0.0, 1.0, 1.0, 1.0, 0.0, 1.0, 1.0, 0.0, 0.0, 1.0, 1.0, 0.0, 1.0, 1.0, 0.0, 0.0, 0.0, 1.0, 0.0, 0.0, 0.0, 0.0, 1.0, 1.0, 1.0, 1.0, 1.0, 1.0, 0.0, 0.0, 0.0, 1.0, 1.0, 0.0, 0.0, 1.0, 0.0, 0.0, 0.0, 0.0, 1.0, 1.0, 1.0, 1.0, 0.0, 1.0, 0.0, 0.0, 1.0, 1.0, 0.0, 1.0, 0.0, 1.0, 1.0, 1.0, 1.0, 0.0, 1.0, 0.0, 0.0, 0.0, 1.0, 1.0, 1.0, 0.0, 0.0, 1.0, 1.0, 0.0, 1.0, 1.0, 1.0, 0.0, 0.0, 1.0, 1.0, 0.0, 1.0, 1.0, 1.0, 0.0, 1.0, 0.0, 1.0, 0.0, 0.0, 0.0, 1.0, 0.0, 1.0, 0.0, 1.0, 0.0, 1.0, 0.0, 1.0, 1.0, 0.0, 1.0, 1.0, 1.0, 1.0, 1.0, 1.0, 0.0, 1.0, 0.0, 0.0, 0.0, 0.0, 1.0, 0.0, 1.0, 1.0, 1.0, 0.0, 0.0, 1.0, 1.0, 0.0, 1.0, 1.0, 0.0, 0.0, 1.0, 0.0, 0.0, 1.0, 0.0, 0.0, 1.0, 1.0, 0.0, 0.0, 1.0, 0.0, 1.0, 0.0, 0.0, 1.0, 1.0, 0.0, 0.0, 0.0, 1.0, 0.0, 1.0, 1.0, 0.0, 0.0, 1.0, 0.0, 1.0, 0.0, 0.0, 0.0, 0.0, 1.0, 0.0, 0.0, 1.0, 1.0, 0.0, 0.0, 1.0, 1.0, 1.0, 0.0, 0.0, 0.0, 1.0, 0.0, 1.0, 1.0, 0.0, 0.0, 1.0, 0.0, 0.0, 1.0, 1.0, 1.0, 0.0, 0.0, 1.0, 1.0, 1.0, 0.0, 0.0, 1.0, 1.0, 1.0, 0.0, 1.0, 0.0, 1.0, 0.0, 0.0, 0.0, 0.0, 0.0, 1.0, 0.0, 1.0, 0.0, 1.0, 0.0, 0.0, 1.0, 1.0, 1.0, 1.0, 0.0, 1.0, 1.0, 0.0, 0.0, 0.0, 1.0, 1.0, 1.0, 1.0, 1.0, 1.0, 0.0, 0.0, 0.0, 0.0, 1.0, 0.0, 1.0, 0.0, 1.0, 0.0, 1.0, 1.0, 0.0, 0.0, 0.0, 0.0, 0.0, 0.0, 1.0, 1.0, 0.0, 1.0, 1.0, 0.0, 0.0, 1.0, 0.0, 0.0, 1.0, 1.0, 0.0, 1.0, 1.0, 0.0, 0.0, 1.0, 1.0, 0.0, 0.0, 0.0, 1.0, 1.0, 0.0, 0.0, 1.0, 0.0, 0.0, 0.0, 1.0, 1.0, 0.0, 1.0, 1.0, 1.0, 1.0, 1.0, 1.0, 0.0, 0.0, 0.0, 0.0, 1.0, 1.0, 0.0, 1.0, 1.0, 0.0, 1.0, 0.0, 0.0, 0.0, 0.0, 0.0, 1.0, 0.0, 1.0, 1.0, 0.0, 0.0, 1.0, 1.0, 0.0, 1.0, 0.0, 0.0, 0.0, 0.0, 0.0, 1.0, 0.0, 1.0, 0.0, 1.0, 1.0, 0.0, 0.0, 0.0, 1.0, 1.0, 1.0, 1.0, 1.0, 1.0, 0.0, 0.0, 0.0, 1.0, 1.0, 0.0, 0.0, 0.0, 0.0, 1.0, 0.0, 0.0, 1.0, 1.0, 0.0, 1.0, 0.0, 0.0, 1.0, 1.0, 1.0, 0.0, 0.0, 0.0, 1.0, 0.0, 1.0, 1.0, 0.0, 0.0, 0.0, 1.0, 1.0, 0.0, 0.0, 0.0, 1.0, 1.0, 0.0, 0.0, 0.0, 1.0, 0.0, 0.0, 0.0, 1.0, 1.0, 1.0, 0.0, 1.0, 1.0, 0.0, 0.0, 1.0, 1.0, 1.0, 0.0, 0.0, 0.0, 1.0, 0.0, 0.0, 1.0, 1.0, 0.0, 0.0, 0.0, 0.0, 1.0, 0.0, 0.0, 0.0, 0.0, 0.0, 0.0, 1.0, 1.0, 1.0, 1.0, 0.0, 1.0, 1.0, 1.0, 0.0, 0.0, 0.0, 1.0, 1.0, 0.0, 0.0, 1.0, 0.0, 1.0, 0.0, 1.0, 0.0, 1.0, 0.0, 0.0, 1.0, 0.0, 1.0, 0.0, 0.0, 1.0, 0.0, 1.0, 0.0, 1.0, 0.0, 0.0, 1.0, 0.0, 1.0, 1.0, 1.0, 0.0, 0.0, 1.0, 0.0, 0.0, 0.0, 1.0, 1.0, 1.0, 0.0, 0.0, 1.0, 0.0, 1.0, 0.0, 0.0, 1.0, 0.0, 0.0, 1.0, 1.0, 1.0, 1.0, 0.0, 1.0, 1.0, 1.0, 0.0, 1.0, 1.0, 0.0, 0.0, 1.0, 1.0, 0.0, 0.0, 1.0, 1.0, 0.0, 0.0, 0.0, 1.0, 1.0, 1.0, 1.0, 0.0, 0.0, 0.0, 1.0, 1.0, 0.0, 1.0, 1.0, 0.0, 0.0, 0.0, 0.0, 1.0, 1.0, 0.0, 1.0, 1.0, 0.0, 0.0, 0.0, 1.0, 1.0, 0.0, 0.0, 1.0, 1.0, 1.0, 0.0, 0.0, 1.0, 1.0, 1.0, 1.0, 1.0, 0.0, 1.0, 0.0, 0.0, 1.0, 1.0, 1.0, 0.0, 1.0, 0.0, 0.0, 0.0, 1.0, 0.0, 0.0, 1.0, 1.0, 1.0, 1.0, 1.0, 0.0, 1.0, 0.0, 0.0, 0.0, 0.0, 1.0, 1.0, 1.0, 1.0, 1.0, 0.0, 1.0, 1.0, 0.0, 0.0, 0.0, 1.0, 1.0, 1.0, 1.0, 1.0, 0.0, 1.0, 0.0, 0.0, 0.0, 0.0, 1.0, 1.0, 0.0, 0.0, 0.0, 0.0, 1.0, 0.0, 0.0, 1.0, 1.0, 1.0, 0.0, 1.0, 1.0, 1.0, 0.0, 1.0, 0.0, 0.0, 1.0, 1.0, 0.0, 0.0, 1.0, 0.0, 1.0, 1.0, 0.0, 0.0, 0.0, 1.0, 0.0, 1.0, 0.0, 1.0, 0.0, 0.0, 1.0, 0.0, 0.0, 0.0, 0.0, 0.0, 1.0, 1.0, 1.0, 0.0, 0.0, 1.0, 1.0, 0.0, 0.0, 0.0, 0.0, 1.0, 0.0, 1.0, 1.0, 0.0, 0.0, 0.0, 1.0, 0.0, 0.0, 1.0, 1.0, 0.0, 1.0, 0.0, 1.0, 0.0, 1.0, 0.0, 1.0, 1.0, 0.0, 1.0, 0.0, 1.0, 1.0, 1.0, 0.0, 1.0, 1.0, 1.0, 1.0, 0.0, 0.0, 0.0, 0.0, 0.0, 0.0, 0.0, 0.0, 1.0, 0.0, 1.0, 1.0, 1.0, 1.0, 0.0, 0.0, 0.0, 1.0, 0.0, 1.0, 1.0, 1.0, 0.0, 0.0, 0.0, 1.0, 0.0, 0.0, 0.0, 0.0, 0.0, 1.0, 1.0, 0.0, 1.0, 0.0, 0.0, 1.0, 0.0, 0.0, 1.0, 1.0, 1.0, 0.0, 0.0, 0.0, 1.0, 1.0, 1.0, 0.0, 1.0, 0.0, 0.0, 1.0, 0.0, 0.0, 1.0, 0.0, 0.0, 1.0, 0.0, 1.0, 1.0, 1.0, 0.0, 1.0, 1.0, 1.0, 0.0, 0.0, 0.0, 1.0, 0.0, 1.0, 0.0, 0.0, 0.0, 1.0, 1.0, 0.0, 1.0, 0.0, 0.0, 1.0, 0.0, 0.0, 0.0, 0.0, 1.0, 0.0, 0.0, 1.0, 0.0, 1.0, 0.0, 1.0, 1.0, 0.0, 1.0, 1.0, 1.0, 0.0, 0.0, 1.0, 1.0, 0.0, 0.0, 0.0, 0.0, 0.0, 1.0, 0.0, 1.0, 0.0, 0.0, 0.0, 1.0, 1.0, 1.0, 0.0, 0.0, 0.0, 1.0, 0.0, 1.0, 0.0, 0.0, 0.0, 0.0, 0.0, 1.0, 1.0, 0.0, 0.0, 1.0, 0.0, 1.0, 0.0, 1.0, 1.0, 0.0, 1.0, 0.0, 1.0, 0.0, 0.0, 1.0, 0.0, 0.0, 1.0, 1.0, 1.0, 1.0, 0.0, 1.0, 0.0, 1.0, 1.0, 1.0, 1.0, 0.0, 1.0, 0.0, 0.0, 0.0, 0.0, 1.0, 0.0, 1.0, 0.0, 0.0, 1.0, 0.0, 1.0, 1.0, 0.0, 1.0, 1.0, 0.0, 1.0, 1.0, 1.0, 1.0, 1.0, 0.0, 1.0, 1.0, 1.0, 1.0, 1.0, 1.0, 0.0, 0.0, 1.0, 0.0, 1.0, 0.0, 0.0, 0.0, 0.0, 1.0, 1.0, 1.0, 1.0, 0.0, 1.0, 1.0, 1.0, 1.0, 0.0, 0.0, 1.0, 0.0, 0.0, 1.0, 0.0, 1.0, 1.0, 0.0, 1.0, 0.0, 1.0, 0.0, 0.0, 0.0, 0.0, 1.0, 1.0, 0.0, 0.0, 0.0, 1.0, 0.0, 1.0, 1.0, 1.0, 0.0, 0.0, 1.0, 1.0, 0.0, 0.0, 1.0, 0.0, 1.0, 1.0, 1.0, 1.0, 1.0, 1.0, 1.0, 0.0, 0.0, 0.0, 1.0, 0.0, 1.0, 1.0, 1.0, 0.0, 1.0, 1.0, 0.0, 0.0, 0.0, 1.0, 1.0, 1.0, 0.0, 1.0, 0.0, 0.0, 0.0, 0.0, 1.0, 0.0, 1.0, 1.0, 1.0, 0.0, 1.0, 1.0, 0.0, 0.0, 0.0, 0.0, 1.0, 1.0, 0.0, 1.0, 1.0, 0.0, 1.0, 0.0, 1.0, 1.0, 1.0, 1.0, 1.0, 1.0, 0.0, 0.0, 1.0, 1.0, 0.0, 0.0, 1.0, 1.0, 1.0, 0.0, 1.0, 1.0, 0.0, 1.0, 0.0, 1.0, 1.0, 0.0, 1.0, 1.0, 1.0, 0.0, 0.0, 1.0, 0.0, 1.0, 1.0, 1.0, 1.0, 1.0, 0.0, 0.0, 0.0, 1.0, 0.0, 0.0, 0.0, 1.0, 1.0, 0.0, 0.0, 0.0, 0.0, 1.0, 0.0, 1.0, 0.0, 1.0, 1.0, 0.0, 0.0, 0.0, 0.0, 1.0, 0.0, 1.0, 0.0, 0.0, 0.0, 0.0, 0.0, 0.0, 0.0, 1.0, 1.0, 0.0, 1.0, 0.0, 0.0, 1.0, 0.0, 0.0, 0.0, 1.0, 0.0, 1.0, 0.0, 1.0, 1.0, 1.0, 0.0, 0.0, 0.0, 0.0, 0.0, 1.0, 1.0, 0.0, 0.0, 1.0, 0.0, 1.0, 1.0, 0.0, 1.0, 1.0, 1.0, 1.0, 1.0, 0.0, 0.0, 0.0, 1.0, 1.0, 0.0, 0.0, 0.0, 0.0, 1.0, 1.0, 1.0, 0.0, 1.0, 0.0, 1.0, 0.0, 0.0, 1.0, 1.0, 0.0, 0.0, 0.0, 0.0, 1.0, 1.0, 0.0, 1.0, 0.0, 1.0, 1.0, 0.0, 0.0, 0.0, 1.0, 0.0, 0.0, 0.0, 0.0, 0.0, 0.0, 0.0, 0.0, 1.0, 0.0, 0.0, 0.0, 1.0, 1.0, 0.0, 0.0, 1.0, 0.0, 1.0, 0.0, 0.0, 0.0, 1.0, 1.0, 0.0, 1.0, 1.0, 0.0, 0.0, 1.0, 1.0, 1.0, 0.0, 0.0, 1.0, 1.0, 1.0, 0.0, 1.0, 0.0, 1.0, 1.0, 0.0, 1.0, 1.0, 1.0, 0.0, 1.0, 0.0, 1.0, 1.0, 0.0, 0.0, 1.0, 0.0, 1.0, 0.0, 0.0, 1.0, 1.0, 0.0, 0.0, 1.0, 1.0, 1.0, 1.0, 1.0, 0.0, 1.0, 0.0, 0.0, 0.0, 1.0, 1.0, 0.0, 1.0, 1.0, 0.0, 1.0, 1.0, 1.0, 0.0, 0.0, 1.0, 1.0, 0.0, 0.0, 0.0, 0.0, 1.0, 1.0, 1.0, 0.0, 0.0, 1.0, 1.0, 0.0, 1.0, 1.0, 0.0, 0.0, 1.0, 1.0, 1.0, 0.0, 1.0, 1.0, 1.0, 1.0, 0.0, 1.0, 0.0, 0.0, 0.0, 0.0, 0.0, 1.0, 1.0, 1.0, 1.0, 0.0, 1.0, 0.0, 1.0, 1.0, 1.0, 1.0, 0.0, 1.0, 1.0, 1.0, 0.0, 1.0, 1.0, 0.0, 0.0, 0.0, 0.0, 1.0, 0.0, 0.0, 0.0, 0.0, 1.0, 0.0, 0.0, 0.0, 1.0, 0.0, 0.0, 0.0, 1.0, 1.0, 0.0, 1.0, 0.0, 1.0, 0.0, 0.0, 1.0, 1.0, 0.0, 1.0, 0.0, 1.0, 0.0, 0.0, 1.0, 1.0, 0.0, 0.0, 1.0, 0.0, 1.0, 0.0, 1.0, 1.0, 0.0, 1.0, 1.0, 1.0, 0.0, 1.0, 0.0, 0.0, 0.0, 0.0, 0.0, 0.0, 0.0, 1.0, 0.0, 0.0, 0.0, 0.0, 1.0, 1.0, 1.0, 1.0, 1.0, 1.0, 0.0, 0.0, 0.0, 1.0, 1.0, 1.0, 1.0, 1.0, 1.0, 0.0, 1.0, 0.0, 0.0, 1.0, 1.0, 1.0, 1.0, 1.0, 0.0, 0.0, 0.0, 1.0, 1.0, 1.0, 1.0, 1.0, 0.0, 0.0, 0.0, 0.0, 0.0, 1.0, 0.0, 0.0, 0.0, 0.0, 1.0, 0.0, 1.0, 1.0, 0.0, 1.0, 1.0, 1.0, 0.0, 0.0, 1.0, 0.0, 1.0, 0.0, 1.0, 1.0, 1.0, 1.0, 0.0, 0.0, 0.0, 0.0, 1.0, 1.0, 1.0, 0.0, 1.0, 0.0, 1.0, 1.0, 1.0, 0.0, 1.0, 1.0, 0.0, 1.0, 1.0, 0.0, 1.0, 0.0, 0.0, 0.0, 0.0, 1.0, 0.0, 0.0, 0.0, 1.0, 1.0, 0.0, 1.0, 1.0, 0.0, 0.0, 0.0, 1.0, 1.0, 1.0, 1.0, 1.0, 1.0, 1.0, 0.0, 1.0, 1.0, 1.0, 0.0, 1.0, 1.0, 1.0, 0.0, 0.0, 0.0, 1.0, 1.0, 0.0, 0.0, 0.0, 0.0, 0.0, 0.0, 1.0, 1.0, 0.0, 1.0, 1.0, 1.0, 0.0, 0.0, 0.0, 1.0, 1.0, 1.0, 1.0, 1.0, 1.0, 0.0, 1.0, 1.0, 0.0, 0.0, 1.0, 1.0, 0.0, 0.0, 0.0, 0.0, 1.0, 0.0, 0.0, 0.0, 0.0, 0.0, 0.0, 0.0, 1.0, 0.0, 1.0, 1.0, 0.0, 0.0, 0.0, 0.0, 0.0, 1.0, 1.0, 1.0, 0.0, 0.0, 1.0, 0.0, 0.0, 1.0, 0.0, 1.0, 1.0, 1.0, 1.0, 1.0, 1.0, 1.0, 1.0, 0.0, 0.0, 0.0, 0.0, 0.0, 1.0, 0.0, 1.0, 1.0, 1.0, 1.0, 0.0, 1.0, 0.0, 1.0, 0.0, 1.0, 0.0, 1.0, 0.0, 1.0, 0.0, 1.0, 1.0, 0.0, 1.0, 0.0, 1.0, 0.0, 1.0, 0.0, 0.0, 0.0, 1.0, 1.0, 0.0, 1.0, 0.0, 1.0, 0.0, 0.0, 0.0, 0.0, 1.0, 1.0, 1.0, 0.0, 0.0, 1.0, 1.0, 1.0, 0.0, 1.0, 1.0, 0.0, 0.0, 0.0, 1.0, 0.0, 0.0, 1.0, 0.0, 1.0, 0.0, 0.0, 1.0, 0.0, 1.0, 1.0, 1.0, 0.0, 1.0, 1.0, 0.0, 1.0, 0.0, 0.0, 1.0, 1.0, 0.0, 0.0, 1.0, 0.0, 1.0, 1.0, 0.0, 0.0, 1.0, 1.0, 0.0, 0.0, 0.0, 1.0, 1.0, 1.0, 0.0, 1.0, 1.0, 1.0, 0.0, 0.0, 0.0, 1.0, 0.0, 0.0, 1.0, 1.0, 1.0, 1.0, 1.0, 0.0, 0.0, 0.0, 1.0, 1.0, 0.0, 0.0, 0.0, 1.0, 0.0, 1.0, 0.0, 0.0, 1.0, 1.0, 1.0, 1.0, 1.0, 1.0, 0.0, 0.0, 1.0, 1.0, 0.0, 0.0, 1.0, 1.0, 1.0, 1.0, 1.0, 0.0, 0.0, 0.0, 0.0, 0.0, 0.0, 1.0, 1.0, 1.0, 1.0, 1.0, 0.0, 1.0, 1.0, 0.0, 1.0, 1.0, 1.0, 1.0, 0.0, 0.0, 0.0, 1.0, 1.0, 1.0, 0.0, 1.0, 1.0, 0.0, 0.0, 1.0, 1.0, 0.0, 0.0, 1.0, 0.0, 0.0, 1.0, 1.0, 0.0, 0.0, 0.0, 1.0, 1.0, 0.0, 0.0, 1.0, 0.0, 1.0, 0.0, 0.0, 0.0, 1.0, 0.0, 0.0, 1.0, 1.0, 1.0, 0.0, 1.0, 0.0, 1.0, 1.0, 1.0, 1.0, 1.0, 1.0, 0.0, 1.0, 1.0, 0.0, 1.0, 1.0, 1.0, 1.0, 0.0, 1.0, 0.0, 1.0, 0.0, 1.0, 0.0, 0.0, 1.0, 1.0, 1.0, 0.0, 1.0, 1.0, 0.0, 0.0, 1.0, 0.0, 1.0, 0.0, 1.0, 0.0, 1.0, 0.0, 1.0, 0.0, 1.0, 0.0, 0.0, 0.0, 1.0, 1.0, 1.0, 0.0, 1.0, 0.0, 0.0, 0.0, 1.0, 1.0, 0.0, 0.0, 1.0, 0.0, 0.0, 1.0, 0.0, 0.0, 1.0, 0.0, 0.0, 0.0, 1.0, 1.0, 1.0, 0.0, 1.0, 1.0, 0.0, 1.0, 0.0, 0.0, 0.0, 0.0, 1.0, 1.0, 0.0, 1.0, 0.0, 0.0, 0.0, 1.0, 0.0, 0.0, 0.0, 1.0, 0.0, 0.0, 1.0, 0.0, 0.0, 0.0, 1.0, 0.0, 0.0, 1.0, 1.0, 1.0, 1.0, 0.0, 0.0, 0.0, 1.0, 1.0, 0.0, 1.0, 0.0, 0.0, 0.0, 1.0, 1.0, 1.0, 0.0, 0.0, 1.0, 0.0, 1.0, 0.0, 1.0, 0.0, 1.0, 0.0, 1.0, 0.0, 1.0, 1.0, 1.0, 1.0, 0.0, 1.0, 1.0, 1.0, 1.0, 0.0, 1.0, 0.0, 1.0, 0.0, 0.0, 1.0, 0.0, 1.0, 1.0, 1.0, 1.0, 0.0, 0.0, 0.0, 0.0, 0.0, 0.0, 0.0, 1.0, 1.0, 1.0, 0.0, 0.0, 1.0, 0.0, 1.0, 0.0, 1.0, 1.0, 1.0, 1.0, 0.0, 0.0, 1.0, 0.0, 0.0, 0.0, 1.0, 1.0, 0.0, 1.0, 0.0, 1.0, 1.0, 1.0, 1.0, 0.0, 0.0, 1.0, 0.0, 0.0, 1.0, 0.0, 1.0, 1.0, 1.0, 0.0, 1.0, 0.0, 0.0, 1.0, 0.0, 1.0, 1.0, 1.0, 1.0, 1.0, 0.0, 1.0, 0.0, 0.0, 1.0, 1.0, 0.0, 1.0, 0.0, 1.0, 0.0, 1.0, 0.0, 0.0, 1.0, 1.0, 0.0, 0.0, 1.0, 1.0, 0.0, 1.0, 1.0, 1.0, 0.0, 0.0, 0.0, 1.0, 0.0, 0.0, 0.0, 1.0, 1.0, 1.0, 1.0, 1.0, 1.0, 1.0, 1.0, 1.0, 0.0, 1.0, 0.0, 1.0, 0.0, 0.0, 0.0, 0.0, 1.0, 0.0, 0.0, 1.0, 1.0, 1.0, 1.0, 1.0, 0.0, 1.0, 0.0, 0.0, 0.0, 0.0, 1.0, 1.0, 0.0, 1.0, 0.0, 0.0, 1.0, 0.0, 1.0, 0.0, 1.0, 1.0, 1.0, 0.0, 0.0, 0.0, 0.0, 1.0, 1.0, 0.0, 0.0, 0.0, 1.0, 0.0, 1.0, 0.0, 0.0, 0.0, 0.0, 0.0, 0.0, 0.0, 1.0, 0.0, 0.0, 0.0, 0.0, 1.0, 1.0, 0.0, 1.0, 1.0, 0.0, 1.0, 0.0, 1.0, 0.0, 0.0, 1.0, 1.0, 0.0, 1.0, 1.0, 0.0, 0.0, 0.0, 1.0, 0.0, 0.0, 0.0, 0.0, 0.0, 0.0, 0.0, 1.0, 0.0, 1.0, 1.0, 0.0, 0.0, 0.0, 0.0, 0.0, 0.0, 1.0, 0.0, 1.0, 0.0, 1.0, 1.0, 1.0, 1.0, 0.0, 0.0, 0.0, 0.0, 1.0, 1.0, 1.0, 0.0, 1.0, 0.0, 0.0, 0.0, 0.0, 0.0, 1.0, 0.0, 0.0, 1.0, 0.0, 0.0, 1.0, 1.0, 1.0, 1.0, 0.0, 0.0, 1.0, 0.0, 1.0, 1.0, 1.0, 1.0, 1.0, 0.0, 1.0, 1.0, 1.0, 0.0, 1.0, 1.0, 1.0, 0.0, 0.0, 1.0, 1.0, 0.0, 1.0, 1.0, 1.0, 1.0, 1.0, 0.0, 0.0, 1.0, 1.0, 1.0, 1.0, 1.0, 0.0, 0.0, 1.0, 1.0, 0.0, 1.0, 1.0, 0.0, 0.0, 0.0, 0.0, 1.0, 1.0, 1.0, 1.0, 1.0, 1.0, 1.0, 1.0, 0.0, 1.0, 1.0, 1.0, 0.0, 0.0, 1.0, 1.0, 1.0, 1.0, 0.0, 0.0, 0.0, 0.0, 1.0, 1.0, 0.0, 1.0, 1.0, 1.0, 1.0, 1.0, 0.0, 1.0, 0.0, 0.0, 0.0, 1.0, 1.0, 1.0, 0.0, 0.0, 0.0, 0.0, 1.0, 1.0, 1.0, 0.0, 0.0, 1.0, 0.0, 1.0, 0.0, 0.0, 0.0, 1.0, 0.0, 0.0, 1.0, 0.0, 0.0, 1.0, 0.0, 0.0, 1.0, 0.0, 0.0, 1.0, 1.0, 1.0, 0.0, 0.0, 0.0, 0.0, 0.0, 1.0, 0.0, 1.0, 0.0, 0.0, 0.0, 0.0, 0.0, 0.0, 1.0, 0.0, 1.0, 1.0, 0.0, 0.0, 0.0, 0.0, 0.0, 1.0, 1.0, 1.0, 1.0, 1.0, 0.0, 1.0, 1.0, 1.0, 0.0, 0.0, 1.0, 0.0, 1.0, 1.0, 1.0, 0.0, 1.0, 1.0, 0.0, 1.0, 1.0, 1.0, 1.0, 0.0, 1.0, 0.0, 0.0, 0.0, 0.0, 1.0, 1.0, 0.0, 1.0, 1.0, 1.0, 0.0, 0.0, 1.0, 0.0, 0.0, 1.0, 0.0, 0.0, 1.0, 0.0, 0.0, 1.0, 0.0, 0.0, 0.0, 1.0, 1.0, 0.0, 1.0, 1.0, 1.0, 0.0, 1.0, 1.0, 0.0, 1.0, 1.0, 0.0, 0.0, 1.0, 0.0, 1.0, 1.0, 1.0, 0.0, 0.0, 0.0, 0.0, 0.0, 1.0, 1.0, 0.0, 0.0, 0.0, 1.0, 1.0, 1.0, 0.0, 0.0, 0.0, 1.0, 0.0, 1.0, 0.0, 1.0, 1.0, 0.0, 1.0, 0.0, 1.0, 0.0, 1.0, 1.0, 0.0, 0.0, 0.0, 1.0, 1.0, 0.0, 0.0, 0.0, 0.0, 0.0, 0.0, 1.0, 1.0, 0.0, 0.0, 0.0, 0.0, 1.0, 1.0, 0.0, 1.0, 1.0, 0.0, 0.0, 1.0, 0.0, 1.0, 1.0, 0.0, 0.0, 1.0, 1.0, 1.0, 0.0, 1.0, 0.0, 1.0, 0.0, 1.0, 0.0, 0.0, 1.0, 0.0, 1.0, 0.0, 1.0, 0.0, 0.0, 1.0, 0.0, 1.0, 0.0, 1.0, 0.0, 0.0, 0.0, 1.0, 0.0, 0.0, 0.0, 0.0, 0.0, 0.0, 1.0, 0.0]","['lNONHSAG000253', 'lNONHSAG000464', 'lNONHSAG000742', 'lNONHSAG000843', 'lNONHSAG002752', 'lNONHSAG003068', 'lNONHSAG003244', 'lNONHSAG003504', 'lNONHSAG003645', 'lNONHSAG004054', 'lNONHSAG004619', 'lNONHSAG005377', 'lNONHSAG005669', 'lNONHSAG005721', 'lNONHSAG006457', 'lNONHSAG006763', 'lNONHSAG006966', 'lNONHSAG007109', 'lNONHSAG007324', 'lNONHSAG008552', 'lNONHSAG008966', 'lNONHSAG009133', 'lNONHSAG009174', 'lNONHSAG009193', 'lNONHSAG009613', 'lNONHSAG009945', 'lNONHSAG010186', 'lNONHSAG011658', 'lNONHSAG011935', 'lNONHSAG012367', 'lNONHSAG012534', 'lNONHSAG012540', 'lNONHSAG013388', 'lNONHSAG013534', 'lNONHSAG013568', 'lNONHSAG013708', 'lNONHSAG013790', 'lNONHSAG013917', 'lNONHSAG013954', 'lNONHSAG017020', 'lNONHSAG017238', 'lNONHSAG017288', 'lNONHSAG017347', 'lNONHSAG017379', 'lNONHSAG017882', 'lNONHSAG018372', 'lNONHSAG018889', 'lNONHSAG018903', 'lNONHSAG019221', 'lNONHSAG019848', 'lNONHSAG020374', 'lNONHSAG020755', 'lNONHSAG020762', 'lNONHSAG021342', 'lNONHSAG021408', 'lNONHSAG021566', 'lNONHSAG021638', 'lNONHSAG022094', 'lNONHSAG022127', 'lNONHSAG022893', 'lNONHSAG023073', 'lNONHSAG023512', 'lNONHSAG023553', 'lNONHSAG023964', 'lNONHSAG024637', 'lNONHSAG024810', 'lNONHSAG026153', 'lNONHSAG026781', 'lNONHSAG027276', 'lNONHSAG028141', 'lNONHSAG028720', 'lNONHSAG029124', 'lNONHSAG029312', 'lNONHSAG029962', 'lNONHSAG029965', 'lNONHSAG030113', 'lNONHSAG031452', 'lNONHSAG032063', 'lNONHSAG032537', 'lNONHSAG032750', 'lNONHSAG033589', 'lNONHSAG033810', 'lNONHSAG034676', 'lNONHSAG034935', 'lNONHSAG035456', 'lNONHSAG036115', 'lNONHSAG036263', 'lNONHSAG036403', 'lNONHSAG036412', 'lNONHSAG036922', 'lNONHSAG037072', 'lNONHSAG037083', 'lNONHSAG037137', 'lNONHSAG037164', 'lNONHSAG038162', 'lNONHSAG038663', 'lNONHSAG039293', 'lNONHSAG039664', 'lNONHSAG040729', 'lNONHSAG040859', 'lNONHSAG040945', 'lNONHSAG042257', 'lNONHSAG043250', 'lNONHSAG043934', 'lNONHSAG045166', 'lNONHSAG046765', 'lNONHSAG046811', 'lNONHSAG047951', 'lNONHSAG048101', 'lNONHSAG048323', 'lNONHSAG048439', 'lNONHSAG052495', 'lNONHSAG052510', 'lNONHSAG052680', 'lNONHSAG054214', 'lNONHSAG056053', 'lNONHSAG056451', 'lNONHSAG058109', 'lNONHSAG058533', 'lNONHSAG071444', 'lNONHSAG073419', 'lNONHSAG079231', 'lNONHSAG084937', 'lNONHSAG091284', 'lNONHSAG091943', 'lNONHSAG096227', 'lNONHSAG099082', 'lNONHSAG110858', 'lENSG00000223783', 'lENSG00000230061', 'lENSG00000232442', 'lENSG00000232500', 'lENSG00000233047', 'lENSG00000234169', 'lENSG00000234546', 'lENSG00000251061', 'lENSG00000254791', 'lENSG00000255427', 'lENSG00000256742', 'lENSG00000256769', 'lENSG00000267395', 'lENSG00000269019', 'lENSG00000278709', 'lAQP4-AS1', 'lCCAT2', 'lGATA3-AS1', 'lTRAM2-AS1', 'lSLC2A1-AS1', 'lAC061992.2', 'lAC137932.5', 'lCTB-60B18.10', 'lRP11-137H2.4', 'lRP11-21J18.1', 'lRP11-276H7.2', 'lRP11-514P8.8', 'lXXbac-B444P24.8', 'lRP5-1063M23.1', 'lNONHSAG000265', 'lNONHSAG000298', 'lNONHSAG000636', 'lNONHSAG001030', 'lNONHSAG001613', 'lNONHSAG004351', 'lNONHSAG005363', 'lNONHSAG005652', 'lNONHSAG005690', 'lNONHSAG005739', 'lNONHSAG005830', 'lNONHSAG005870', 'lNONHSAG005901', 'lNONHSAG006166', 'lNONHSAG006450', 'lNONHSAG006479', 'lNONHSAG006487', 'lNONHSAG006554', 'lNONHSAG006765', 'lNONHSAG006863', 'lNONHSAG007031', 'lNONHSAG007035', 'lNONHSAG007065', 'lNONHSAG007093', 'lNONHSAG007123', 'lNONHSAG007166', 'lNONHSAG007225', 'lNONHSAG007268', 'lNONHSAG007578', 'lENSG00000167920', 'lENSG00000203469', 'lENSG00000204393', 'lENSG00000223641', 'lENSG00000223720', 'lENSG00000223993', 'lENSG00000224031', 'lENSG00000224277', 'lENSG00000224384', 'lENSG00000225537', 'lENSG00000226352', 'lENSG00000226486', 'lENSG00000227076', 'lENSG00000227606', 'lENSG00000228627', 'lENSG00000229502', 'lENSG00000230105', 'lENSG00000230131', 'lENSG00000230233', 'lENSG00000230741', 'lENSG00000230790', 'lENSG00000231272', 'lENSG00000231912', 'lENSG00000232072', 'lENSG00000232335', 'lENSG00000232396', 'lENSG00000232895', 'lENSG00000233070', 'lENSG00000233339', 'lENSG00000233706', 'lENSG00000233960', 'lENSG00000234979', 'lENSG00000235628', 'lENSG00000236022', 'lENSG00000236358', 'lENSG00000237015', 'lENSG00000237919', 'lENSG00000238140', 'lENSG00000239482', 'lENSG00000241383', 'lENSG00000241397', 'lENSG00000241577', 'lENSG00000244701', 'lENSG00000245385', 'lENSG00000248627', 'lENSG00000248969', 'lENSG00000249474', 'lENSG00000249547', 'lENSG00000249806', 'lENSG00000250629', 'lENSG00000251266', 'lENSG00000253134', 'lENSG00000253456', 'lENSG00000253503', 'lENSG00000253507', 'lENSG00000253539', 'lENSG00000253619', 'lENSG00000253645', 'lENSG00000253717', 'lENSG00000253858', 'lENSG00000253875', 'lENSG00000254011', 'lENSG00000254021', 'lENSG00000254141', 'lENSG00000254314', 'lENSG00000254604', 'lENSG00000254626', 'lENSG00000254990', 'lENSG00000255121', 'lENSG00000255366', 'lENSG00000256071', 'lENSG00000256083', 'lENSG00000256972', 'lENSG00000257004', 'lENSG00000257275', 'lENSG00000257997', 'lENSG00000258084', 'lENSG00000258167', 'lENSG00000258313', 'lENSG00000258331', 'lENSG00000258690', 'lENSG00000258784', 'lENSG00000258958', 'lENSG00000259678', 'lENSG00000261261', 'lENSG00000261307', 'lENSG00000261697', 'lENSG00000261723', 'lENSG00000263417', 'lENSG00000264254', 'lENSG00000265987', 'lENSG00000266397', 'lENSG00000266801', 'lENSG00000267378', 'lENSG00000267436', 'lENSG00000267583', 'lENSG00000267638', 'lENSG00000268906', 'lENSG00000269191', 'lENSG00000269802', 'lENSG00000269843', 'lENSG00000270726', 'lENSG00000271314', 'lENSG00000271901', 'lENSG00000272742', 'lENSG00000273360', 'lENSG00000273485', 'lENSG00000278000', 'lENSG00000279751', 'lENSG00000280224', 'lENSG00000280703', 'lENSG00000282950', 'lENSG00000283286', 'lENSG00000285861', 'lENSG00000286002', 'lENSG00000286018', 'lENSG00000286101', 'lENSG00000286584', 'lENSG00000286770', 'lENSG00000286795', 'lENSG00000286887', 'lENSG00000287198', 'lENSG00000287545', 'lENSG00000287556', 'lENSG00000287618', 'lENSG00000230649', 'lENSG00000232056', 'lENSG00000233200', 'lENSG00000254927', 'lENSG00000259123', 'lENSG00000265174', 'lENSG00000269460', 'lENSG00000273138', 'lENSG00000226032', 'lENSG00000271840', 'lENSG00000281408', 'lACA64']","[1.0, 0.0, 0.0, 0.0, 1.0, 0.0, 0.0, 1.0, 0.0, 1.0, 1.0, 0.0, 0.0, 1.0, 1.0, 1.0, 0.0, 1.0, 0.0, 0.0, 0.0, 0.0, 0.0, 1.0, 0.0, 1.0, 0.0, 1.0, 0.0, 1.0, 1.0, 1.0, 1.0, 1.0, 0.0, 1.0, 0.0, 1.0, 1.0, 1.0, 0.0, 1.0, 1.0, 0.0, 1.0, 0.0, 0.0, 0.0, 1.0, 0.0, 1.0, 1.0, 0.0, 1.0, 1.0, 0.0, 1.0, 1.0, 1.0, 1.0, 1.0, 1.0, 0.0, 1.0, 0.0, 0.0, 1.0, 1.0, 1.0, 1.0, 0.0, 1.0, 1.0, 1.0, 1.0, 1.0, 0.0, 0.0, 0.0, 1.0, 0.0, 1.0, 1.0, 1.0, 0.0, 0.0, 1.0, 1.0, 0.0, 1.0, 0.0, 1.0, 0.0, 1.0, 0.0, 1.0, 0.0, 1.0, 0.0, 0.0, 1.0, 0.0, 0.0, 1.0, 0.0, 1.0, 0.0, 0.0, 0.0, 0.0, 0.0, 1.0, 0.0, 1.0, 0.0, 0.0, 0.0, 0.0, 1.0, 1.0, 0.0, 1.0, 1.0, 0.0, 1.0, 0.0, 1.0, 1.0, 0.0, 1.0, 0.0, 1.0, 1.0, 0.0, 1.0, 1.0, 0.0, 0.0, 0.0, 0.0, 0.0, 0.0, 1.0, 1.0, 1.0, 0.0, 0.0, 0.0, 0.0, 0.0, 0.0, 1.0, 1.0, 0.0, 0.0, 1.0, 0.0, 0.0, 1.0, 1.0, 1.0, 0.0, 0.0, 0.0, 0.0, 1.0, 0.0, 1.0, 0.0, 1.0, 0.0, 1.0, 1.0, 1.0, 0.0, 0.0, 1.0, 1.0, 1.0, 0.0, 0.0, 1.0, 0.0, 1.0, 1.0, 1.0, 0.0, 1.0, 0.0, 0.0, 0.0, 1.0, 1.0, 0.0, 0.0, 0.0, 1.0, 1.0, 0.0, 0.0, 0.0, 0.0, 1.0, 0.0, 0.0, 0.0, 0.0, 0.0, 1.0, 1.0, 1.0, 1.0, 1.0, 0.0, 1.0, 0.0, 1.0, 0.0, 1.0, 0.0, 0.0, 1.0, 0.0, 1.0, 1.0, 0.0, 0.0, 1.0, 1.0, 1.0, 1.0, 1.0, 0.0, 1.0, 0.0, 0.0, 1.0, 1.0, 1.0, 0.0, 0.0, 0.0, 1.0, 0.0, 0.0, 1.0, 0.0, 0.0, 1.0, 0.0, 0.0, 0.0, 1.0, 0.0, 0.0, 1.0, 0.0, 0.0, 1.0, 0.0, 0.0, 1.0, 0.0, 0.0, 0.0, 1.0, 0.0, 1.0, 1.0, 0.0, 0.0, 0.0, 1.0, 1.0, 0.0, 0.0, 1.0, 0.0, 1.0, 1.0, 1.0, 0.0, 1.0, 0.0, 0.0, 1.0, 0.0, 1.0, 1.0, 1.0, 1.0, 1.0, 0.0, 1.0, 0.0, 1.0, 1.0, 0.0, 1.0, 1.0, 1.0, 1.0, 0.0, 1.0, 0.0, 0.0, 1.0, 0.0, 1.0, 0.0, 0.0, 1.0, 0.0, 1.0, 0.0, 1.0, 0.0, 1.0, 0.0, 0.0, 0.0, 1.0, 1.0]","[0, 0, 0, 1, 0, 0, 0, 0, 1, 0, 0, 0, 1, 1, 1, 1, 1, 0, 0, 1, 1, 1, 1, 1, 0, 1, 1, 1, 1, 0, 1, 1, 1, 1, 0, 0, 1, 0, 1, 1, 1, 0, 0, 0, 0, 0, 0, 0, 0, 0, 1, 0, 1, 1, 0, 1, 0, 0, 1, 0, 0, 0, 0, 0, 1, 1, 1, 0, 1, 0, 1, 1, 0, 1, 0, 1, 0, 1, 1, 1, 0, 0, 1, 1, 0, 0, 1, 0, 1, 0, 1, 1, 0, 1, 0, 1, 1, 1, 1, 0, 1, 1, 0, 0, 1, 1, 1, 1, 1, 1, 1, 1, 0, 1, 1, 1, 0, 1, 0, 1, 0, 0, 0, 1, 0, 1, 0, 0, 1, 0, 0, 1, 1, 0, 0, 1, 0, 0, 1, 1, 1, 0, 1, 0, 0, 0, 1, 0, 1, 0, 0, 0, 1, 1, 1, 0, 1, 1, 0, 1, 1, 0, 0, 1, 1, 0, 0, 0, 0, 0, 1, 0, 0, 1, 1, 1, 1, 1, 0, 0, 0, 0, 1, 1, 1, 0, 1, 1, 1, 0, 0, 1, 0, 0, 0, 1, 1, 0, 0, 0, 0, 1, 0, 0, 1, 0, 0, 1, 1, 0, 1, 0, 0, 0, 1, 1, 1, 1, 1, 1, 0, 0, 1, 1, 0, 0, 0, 0, 0, 1, 1, 0, 0, 0, 1, 0, 0, 1, 0, 0, 1, 0, 0, 0, 1, 1, 0, 0, 0, 1, 1, 1, 1, 0, 1, 1, 1, 1, 0, 1, 0, 0, 0, 1, 1, 0, 1, 0, 0, 1, 1, 0, 0, 0, 1, 1, 1, 0, 1, 0, 0, 1, 0, 1, 1, 0, 0, 0, 1, 0, 0, 1, 0, 0, 0, 1, 1, 1, 0, 1, 0, 1, 1, 1, 0, 1, 0, 1, 0, 0, 0, 1, 1, 1, 0, 1, 0, 0, 1, 1, 0, 1, 1]","[-0.011328435154958849, -0.36796663867781365, -0.3019494227591454, 0.19072948505428322, -0.056052241130091995, -0.2162153180017724, -0.21146042273772359, -0.17922859609083186, 0.11373500906039535, -0.18977214897475736, -0.17381671600992543, -0.1854106963070573, 0.18159105703744516, 0.20360027849664253, 0.011669511568365931, 0.32683189786057654, 0.1866355265884564, -0.04372518764944633, -0.04949081266394362, 0.13231356394954308, 0.09166642758304555, 0.16471174171049097, 0.1259241697793102, 0.09310188601814062, -0.05170211901503208, 0.08511628723100817, 0.05798992750258425, 0.12300319932063453, 0.007686172759063692, -0.12012196399332875, 0.023741867933965044, 0.12074214060780009, 0.24616553348329095, 0.0010252313009219138, -0.4130043690519737, -0.054226445528589795, 0.21532343390380693, -0.09760923196902638, 0.21228839671942634, 0.23797617101109225, 0.12289194196421616, -0.45951600269884973, -0.13976717423558316, -0.041234201838500684, -0.057257418872020405, -0.024688360598020043, -0.025718299190961136, -0.047887382851697136, -0.02008361320884322, -0.35222632193242365, 0.023688650388001276, -0.041330118175111674, 0.514612507359531, 0.05219912271865035, -0.01786518371461543, 0.10428608428061292, -0.06406755360490013, -0.2517431968495706, 0.17209282389781866, -0.052865680644706425, -0.2931340452152503, -0.8112518680933557, -0.12847531729049322, -0.09652132387332724, 0.04252800300593951, 0.04562383350706167, 0.3172566485149969, -0.06576940707639778, 0.0335416021250331, -0.24352384966499308, 0.04120074993884526, 0.05790718073823353, -0.16539838277168595, 0.18186094888458026, -0.14162827760530916, 0.21277408103568274, -0.4724095153375173, 0.028863969009543244, 0.10171937479095139, 0.08503204627709071, -0.05611641749390095, -0.13417330074437472, 0.182333083523747, 0.03086105195454547, -0.0034244637281258816, -0.11959370058035368, 0.08549893419743004, -0.03610303509801216, 0.25978883455404056, -0.13147100999751415, 0.06380285172515354, 0.14505472238148986, -0.002085215742720581, 0.045491080070963474, -0.036527850481515745, 0.10141720412856625, 0.012302050826995203, 0.03702896013676249, 0.194428528769656, -0.3501523070641851, 0.13735851722604153, 0.08577888131884592, -0.19862572081858232, -0.01579098376155652, 0.1187602715247823, 0.27771978317324664, 0.06514098516265421, 0.01837705783289867, 0.16252214501023154, 0.31667170952947654, 0.13990892374263464, 0.1048113923732591, -0.115163602450023, 0.1603148720801323, 0.11432001465819763, 0.05426452322523201, -0.03260187920403357, 0.03509972734942057, -0.2997301052824416, 0.1046984230554876, -0.07265686375241198, -0.06833638975249012, -0.5122209823749982, 0.08996858683209308, -0.22877407731936994, 0.2635647131644011, -0.08064483432409009, -0.37905367174607096, 0.04101533269429514, -0.2359433237665688, -0.5474943908731945, 0.04998059620803119, 0.16561356083200096, -0.12219086324527673, -0.05443257352538022, 0.0568979638487247, -0.1285061372468136, -0.0785689777849291, 0.059157886207033106, 0.15967957299993263, 0.012927370603584731, -0.15615422319568129, 0.01081135308024106, -0.0498001851475357, -1.1846868383556943, -0.058094664798964746, 0.0685955283646732, -0.35546592936216104, 0.05380969149900505, -0.09356368852344932, -0.07039331022524287, -0.0015003876300329066, 0.058398865981614034, 0.07622090788019176, 0.009778232054340141, -0.03748546942016684, 0.10154541621582258, 0.13539901313023972, -0.06940712311891051, 0.08059642124659583, 0.0869500821344894, -0.2608731476527425, -0.10784772862810843, 0.057964792720149316, 0.09768751001244003, -0.12750679490520855, -0.0974244155238625, -0.20226463732375854, -0.19073478577330494, -0.019597464115571728, 0.021972620441918278, -0.01311027987504143, -0.22837888256110606, 0.0908680372366738, 0.13625157320511516, 0.16833736466369953, 0.031721029608176576, 0.01794945677442794, -0.3121190213856345, -0.10530220027171022, -0.059957852160254954, -0.035330201305031284, 0.05943229927815363, 0.10001912961440695, 0.18880963097566472, -0.056822685209857116, 0.23677725044407627, 0.11700058897389642, 0.07077333662875429, -0.04938882661804456, -0.15243442836366927, 0.18713391028545, -0.23313141668918724, -0.012016758968137142, -0.2698793774943623, 0.28229809250862925, 0.005981840844317188, -0.05656368675621415, -0.04104541732200129, -0.579688545883151, -0.11344948288495871, 0.0766955368400658, -0.017264805797708394, -0.08193132229145828, 0.3639106907292967, -0.04992823457110329, -0.15011958965206762, 0.12621790557841994, 0.05071281182037357, -0.09831812344976132, 0.05091553860402975, -0.31035911102713587, -0.18813416208315903, -0.034886368660602574, 0.06201149436186981, 0.2558963852132, 0.09123450456013071, 0.04040704716123866, 0.19484359288519137, 0.22481765709634793, -0.1588215375432912, -0.03191467787316771, 0.1338224835651599, 0.19510058349661918, -0.3258225368932769, -0.11267748957137858, -0.050307295342746694, -0.3659594530657041, -0.12255925318046479, 0.10289569660524134, 0.04352657363454793, -0.02535491553256619, -0.024071135813335753, -0.13877013884681488, 0.17762804392864784, -0.02857326276152683, -0.10853952647968679, 0.20737496638343622, -0.19194917571144632, -0.19944527341907115, 0.025635170669163654, -0.00785593940240481, -0.16937349111261735, -0.065114863595232, 0.16648785800757093, 0.04718560127443017, -0.06369788011626898, -0.2309430998828058, -0.03675625305210761, 0.0673262261733002, 0.313665542910072, 0.029550939454780267, 0.08191003977358069, -0.0003706822549077726, 0.13327527699941044, 0.07006830624252214, 0.11186538878206609, 0.07183859661400593, -0.04681530645462917, 0.17171036929593175, -0.3913681989177079, -0.368067779396985, -0.22844646823683046, 0.13102955581299025, 0.12691192987137356, -0.05622132436575977, 0.024619000642403077, -0.17300716371770786, -0.023546756178044137, 0.15059457771090845, 0.07411462790737311, -0.18898256014774695, -0.25575875077036325, -0.08292497691650069, 0.11028683482214963, 0.02777508030183118, 0.048013393627291845, -0.07959312843919164, 0.07435284762952776, -0.013842244261605852, -0.10204124965820494, 0.11330049374010998, -0.32069486841628947, 0.4453421421941136, 0.33753731091288597, -0.25837517644123575, -0.19798082530218764, -0.0960716353053187, 0.17837886298192107, -0.10368835153254519, -0.17713145406891406, 0.15152459793964923, -0.21555802111560307, -0.057419685103964, -0.3892446953572585, 0.12278296619722717, 0.16649500887738455, 0.026208472217266743, -0.1424062857687981, 0.034628575355513225, -0.011403905942396153, 0.12073826057964088, 0.18055318177402413, 0.17445635586566433, -0.166773261583815, 0.10721741490751058, -0.16101890841625266, 0.23677074145351906, -0.2937365356029912, -0.03667481953307028, -0.19196215416680917, 0.2879249333352468, 0.19585829015423706, 0.442438676856412, -0.03793157219164278, 0.10075275713274501, -0.06932949164315871, -0.0025334327315923444, 0.11074451164025867, 0.16028483530464588, -0.12829643964595483, 0.7952836851525272, 0.34562149822163246]"
6,"['lNONHSAG000008', 'lNONHSAG000047', 'lNONHSAG000069', 'lNONHSAG000130', 'lNONHSAG000158', 'lNONHSAG000241', 'lNONHSAG000253', 'lNONHSAG000310', 'lNONHSAG000311', 'lNONHSAG000374', 'lNONHSAG000381', 'lNONHSAG000464', 'lNONHSAG000484', 'lNONHSAG000579', 'lNONHSAG000584', 'lNONHSAG000603', 'lNONHSAG000625', 'lNONHSAG000742', 'lNONHSAG000769', 'lNONHSAG000840', 'lNONHSAG000843', 'lNONHSAG000863', 'lNONHSAG000884', 'lNONHSAG000918', 'lNONHSAG000938', 'lNONHSAG000967', 'lNONHSAG001142', 'lNONHSAG001172', 'lNONHSAG001238', 'lNONHSAG001247', 'lNONHSAG001259', 'lNONHSAG001278', 'lNONHSAG001284', 'lNONHSAG001360', 'lNONHSAG001448', 'lNONHSAG001499', 'lNONHSAG001513', 'lNONHSAG001696', 'lNONHSAG001724', 'lNONHSAG001773', 'lNONHSAG001837', 'lNONHSAG001941', 'lNONHSAG001993', 'lNONHSAG002056', 'lNONHSAG002058', 'lNONHSAG002086', 'lNONHSAG002134', 'lNONHSAG002135', 'lNONHSAG002359', 'lNONHSAG002376', 'lNONHSAG002378', 'lNONHSAG002454', 'lNONHSAG002490', 'lNONHSAG002549', 'lNONHSAG002617', 'lNONHSAG002701', 'lNONHSAG002719', 'lNONHSAG002731', 'lNONHSAG002752', 'lNONHSAG002859', 'lNONHSAG002883', 'lNONHSAG002978', 'lNONHSAG003053', 'lNONHSAG003056', 'lNONHSAG003068', 'lNONHSAG003074', 'lNONHSAG003077', 'lNONHSAG003119', 'lNONHSAG003134', 'lNONHSAG003156', 'lNONHSAG003198', 'lNONHSAG003244', 'lNONHSAG003260', 'lNONHSAG003269', 'lNONHSAG003303', 'lNONHSAG003374', 'lNONHSAG003504', 'lNONHSAG003505', 'lNONHSAG003512', 'lNONHSAG003645', 'lNONHSAG003820', 'lNONHSAG003874', 'lNONHSAG003884', 'lNONHSAG003886', 'lNONHSAG003911', 'lNONHSAG003912', 'lNONHSAG003938', 'lNONHSAG003957', 'lNONHSAG003976', 'lNONHSAG004013', 'lNONHSAG004026', 'lNONHSAG004054', 'lNONHSAG004095', 'lNONHSAG004247', 'lNONHSAG004303', 'lNONHSAG004305', 'lNONHSAG004373', 'lNONHSAG004619', 'lNONHSAG004673', 'lNONHSAG004674', 'lNONHSAG004714', 'lNONHSAG004743', 'lNONHSAG004779', 'lNONHSAG004868', 'lNONHSAG005084', 'lNONHSAG005153', 'lNONHSAG005339', 'lNONHSAG005377', 'lNONHSAG005403', 'lNONHSAG005482', 'lNONHSAG005669', 'lNONHSAG005699', 'lNONHSAG005711', 'lNONHSAG005721', 'lNONHSAG005728', 'lNONHSAG005732', 'lNONHSAG005742', 'lNONHSAG005780', 'lNONHSAG005838', 'lNONHSAG005866', 'lNONHSAG005920', 'lNONHSAG006007', 'lNONHSAG006049', 'lNONHSAG006050', 'lNONHSAG006071', 'lNONHSAG006163', 'lNONHSAG006204', 'lNONHSAG006238', 'lNONHSAG006301', 'lNONHSAG006341', 'lNONHSAG006362', 'lNONHSAG006454', 'lNONHSAG006457', 'lNONHSAG006474', 'lNONHSAG006477', 'lNONHSAG006633', 'lNONHSAG006678', 'lNONHSAG006692', 'lNONHSAG006735', 'lNONHSAG006756', 'lNONHSAG006763', 'lNONHSAG006772', 'lNONHSAG006865', 'lNONHSAG006945', 'lNONHSAG006966', 'lNONHSAG007109', 'lNONHSAG007295', 'lNONHSAG007324', 'lNONHSAG007430', 'lNONHSAG007431', 'lNONHSAG007434', 'lNONHSAG007455', 'lNONHSAG007463', 'lNONHSAG007487', 'lNONHSAG007538', 'lNONHSAG007602', 'lNONHSAG007631', 'lNONHSAG007708', 'lNONHSAG007715', 'lNONHSAG007868', 'lNONHSAG007961', 'lNONHSAG007983', 'lNONHSAG007984', 'lNONHSAG008015', 'lNONHSAG008037', 'lNONHSAG008056', 'lNONHSAG008167', 'lNONHSAG008199', 'lNONHSAG008220', 'lNONHSAG008517', 'lNONHSAG008540', 'lNONHSAG008552', 'lNONHSAG008589', 'lNONHSAG008654', 'lNONHSAG008670', 'lNONHSAG008675', 'lNONHSAG008726', 'lNONHSAG008728', 'lNONHSAG008759', 'lNONHSAG008859', 'lNONHSAG008937', 'lNONHSAG008952', 'lNONHSAG008966', 'lNONHSAG009021', 'lNONHSAG009039', 'lNONHSAG009059', 'lNONHSAG009062', 'lNONHSAG009124', 'lNONHSAG009130', 'lNONHSAG009133', 'lNONHSAG009134', 'lNONHSAG009174', 'lNONHSAG009180', 'lNONHSAG009193', 'lNONHSAG009228', 'lNONHSAG009544', 'lNONHSAG009546', 'lNONHSAG009613', 'lNONHSAG009636', 'lNONHSAG009728', 'lNONHSAG009747', 'lNONHSAG009757', 'lNONHSAG009782', 'lNONHSAG009913', 'lNONHSAG009938', 'lNONHSAG009945', 'lNONHSAG009950', 'lNONHSAG009968', 'lNONHSAG009989', 'lNONHSAG010021', 'lNONHSAG010117', 'lNONHSAG010179', 'lNONHSAG010184', 'lNONHSAG010186', 'lNONHSAG010189', 'lNONHSAG010190', 'lNONHSAG010193', 'lNONHSAG010194', 'lNONHSAG010200', 'lNONHSAG010348', 'lNONHSAG010352', 'lNONHSAG010405', 'lNONHSAG010416', 'lNONHSAG010543', 'lNONHSAG010657', 'lNONHSAG010658', 'lNONHSAG010716', 'lNONHSAG010798', 'lNONHSAG010940', 'lNONHSAG010986', 'lNONHSAG010989', 'lNONHSAG011028', 'lNONHSAG011070', 'lNONHSAG011084', 'lNONHSAG011086', 'lNONHSAG011090', 'lNONHSAG011121', 'lNONHSAG011125', 'lNONHSAG011211', 'lNONHSAG011264', 'lNONHSAG011337', 'lNONHSAG011343', 'lNONHSAG011375', 'lNONHSAG011439', 'lNONHSAG011446', 'lNONHSAG011524', 'lNONHSAG011576', 'lNONHSAG011633', 'lNONHSAG011658', 'lNONHSAG011790', 'lNONHSAG011870', 'lNONHSAG011935', 'lNONHSAG012025', 'lNONHSAG012076', 'lNONHSAG012077', 'lNONHSAG012297', 'lNONHSAG012303', 'lNONHSAG012339', 'lNONHSAG012367', 'lNONHSAG012375', 'lNONHSAG012423', 'lNONHSAG012476', 'lNONHSAG012505', 'lNONHSAG012534', 'lNONHSAG012540', 'lNONHSAG012549', 'lNONHSAG012555', 'lNONHSAG012594', 'lNONHSAG012614', 'lNONHSAG012751', 'lNONHSAG013005', 'lNONHSAG013060', 'lNONHSAG013095', 'lNONHSAG013098', 'lNONHSAG013109', 'lNONHSAG013388', 'lNONHSAG013431', 'lNONHSAG013475', 'lNONHSAG013515', 'lNONHSAG013534', 'lNONHSAG013568', 'lNONHSAG013708', 'lNONHSAG013730', 'lNONHSAG013790', 'lNONHSAG013809', 'lNONHSAG013917', 'lNONHSAG013940', 'lNONHSAG013942', 'lNONHSAG013944', 'lNONHSAG013946', 'lNONHSAG013954', 'lNONHSAG013992', 'lNONHSAG014098', 'lNONHSAG014112', 'lNONHSAG014130', 'lNONHSAG014267', 'lNONHSAG014289', 'lNONHSAG014362', 'lNONHSAG014372', 'lNONHSAG014373', 'lNONHSAG014381', 'lNONHSAG014502', 'lNONHSAG014546', 'lNONHSAG014562', 'lNONHSAG014591', 'lNONHSAG014672', 'lNONHSAG014730', 'lNONHSAG014890', 'lNONHSAG014891', 'lNONHSAG014914', 'lNONHSAG015163', 'lNONHSAG015215', 'lNONHSAG015234', 'lNONHSAG015352', 'lNONHSAG015417', 'lNONHSAG015454', 'lNONHSAG015461', 'lNONHSAG015505', 'lNONHSAG015623', 'lNONHSAG015692', 'lNONHSAG015723', 'lNONHSAG015788', 'lNONHSAG015961', 'lNONHSAG016021', 'lNONHSAG016068', 'lNONHSAG016118', 'lNONHSAG016199', 'lNONHSAG016307', 'lNONHSAG016395', 'lNONHSAG016403', 'lNONHSAG016486', 'lNONHSAG016576', 'lNONHSAG016611', 'lNONHSAG016618', 'lNONHSAG016623', 'lNONHSAG016733', 'lNONHSAG016741', 'lNONHSAG016749', 'lNONHSAG016822', 'lNONHSAG016893', 'lNONHSAG017020', 'lNONHSAG017060', 'lNONHSAG017238', 'lNONHSAG017254', 'lNONHSAG017282', 'lNONHSAG017288', 'lNONHSAG017344', 'lNONHSAG017347', 'lNONHSAG017349', 'lNONHSAG017376', 'lNONHSAG017377', 'lNONHSAG017379', 'lNONHSAG017417', 'lNONHSAG017486', 'lNONHSAG017504', 'lNONHSAG017666', 'lNONHSAG017767', 'lNONHSAG017783', 'lNONHSAG017882', 'lNONHSAG017890', 'lNONHSAG017899', 'lNONHSAG018053', 'lNONHSAG018058', 'lNONHSAG018110', 'lNONHSAG018203', 'lNONHSAG018236', 'lNONHSAG018313', 'lNONHSAG018322', 'lNONHSAG018326', 'lNONHSAG018341', 'lNONHSAG018344', 'lNONHSAG018372', 'lNONHSAG018374', 'lNONHSAG018414', 'lNONHSAG018415', 'lNONHSAG018417', 'lNONHSAG018420', 'lNONHSAG018461', 'lNONHSAG018530', 'lNONHSAG018586', 'lNONHSAG018621', 'lNONHSAG018635', 'lNONHSAG018659', 'lNONHSAG018707', 'lNONHSAG018709', 'lNONHSAG018829', 'lNONHSAG018889', 'lNONHSAG018893', 'lNONHSAG018903', 'lNONHSAG018980', 'lNONHSAG019012', 'lNONHSAG019014', 'lNONHSAG019021', 'lNONHSAG019023', 'lNONHSAG019031', 'lNONHSAG019049', 'lNONHSAG019051', 'lNONHSAG019079', 'lNONHSAG019090', 'lNONHSAG019115', 'lNONHSAG019134', 'lNONHSAG019158', 'lNONHSAG019221', 'lNONHSAG019270', 'lNONHSAG019332', 'lNONHSAG019439', 'lNONHSAG019493', 'lNONHSAG019569', 'lNONHSAG019613', 'lNONHSAG019667', 'lNONHSAG019711', 'lNONHSAG019767', 'lNONHSAG019813', 'lNONHSAG019814', 'lNONHSAG019848', 'lNONHSAG019852', 'lNONHSAG019878', 'lNONHSAG019898', 'lNONHSAG019967', 'lNONHSAG020053', 'lNONHSAG020066', 'lNONHSAG020075', 'lNONHSAG020091', 'lNONHSAG020107', 'lNONHSAG020153', 'lNONHSAG020155', 'lNONHSAG020218', 'lNONHSAG020223', 'lNONHSAG020252', 'lNONHSAG020259', 'lNONHSAG020260', 'lNONHSAG020274', 'lNONHSAG020277', 'lNONHSAG020278', 'lNONHSAG020281', 'lNONHSAG020298', 'lNONHSAG020304', 'lNONHSAG020312', 'lNONHSAG020321', 'lNONHSAG020325', 'lNONHSAG020339', 'lNONHSAG020361', 'lNONHSAG020367', 'lNONHSAG020372', 'lNONHSAG020374', 'lNONHSAG020382', 'lNONHSAG020403', 'lNONHSAG020474', 'lNONHSAG020476', 'lNONHSAG020600', 'lNONHSAG020616', 'lNONHSAG020729', 'lNONHSAG020731', 'lNONHSAG020755', 'lNONHSAG020759', 'lNONHSAG020760', 'lNONHSAG020762', 'lNONHSAG020771', 'lNONHSAG020957', 'lNONHSAG020990', 'lNONHSAG021042', 'lNONHSAG021072', 'lNONHSAG021307', 'lNONHSAG021309', 'lNONHSAG021315', 'lNONHSAG021335', 'lNONHSAG021342', 'lNONHSAG021347', 'lNONHSAG021370', 'lNONHSAG021390', 'lNONHSAG021400', 'lNONHSAG021408', 'lNONHSAG021410', 'lNONHSAG021431', 'lNONHSAG021432', 'lNONHSAG021433', 'lNONHSAG021471', 'lNONHSAG021557', 'lNONHSAG021566', 'lNONHSAG021567', 'lNONHSAG021584', 'lNONHSAG021638', 'lNONHSAG021641', 'lNONHSAG021698', 'lNONHSAG021760', 'lNONHSAG021780', 'lNONHSAG021846', 'lNONHSAG021874', 'lNONHSAG021878', 'lNONHSAG021882', 'lNONHSAG021893', 'lNONHSAG021909', 'lNONHSAG021976', 'lNONHSAG021981', 'lNONHSAG022009', 'lNONHSAG022030', 'lNONHSAG022078', 'lNONHSAG022088', 'lNONHSAG022094', 'lNONHSAG022103', 'lNONHSAG022110', 'lNONHSAG022125', 'lNONHSAG022127', 'lNONHSAG022162', 'lNONHSAG022311', 'lNONHSAG022327', 'lNONHSAG022335', 'lNONHSAG022339', 'lNONHSAG022378', 'lNONHSAG022495', 'lNONHSAG022510', 'lNONHSAG022551', 'lNONHSAG022579', 'lNONHSAG022595', 'lNONHSAG022597', 'lNONHSAG022655', 'lNONHSAG022690', 'lNONHSAG022743', 'lNONHSAG022750', 'lNONHSAG022845', 'lNONHSAG022851', 'lNONHSAG022888', 'lNONHSAG022893', 'lNONHSAG022972', 'lNONHSAG022980', 'lNONHSAG023003', 'lNONHSAG023049', 'lNONHSAG023051', 'lNONHSAG023073', 'lNONHSAG023375', 'lNONHSAG023387', 'lNONHSAG023494', 'lNONHSAG023512', 'lNONHSAG023553', 'lNONHSAG023579', 'lNONHSAG023607', 'lNONHSAG023614', 'lNONHSAG023630', 'lNONHSAG023633', 'lNONHSAG023635', 'lNONHSAG023661', 'lNONHSAG023668', 'lNONHSAG023740', 'lNONHSAG023837', 'lNONHSAG023864', 'lNONHSAG023885', 'lNONHSAG023888', 'lNONHSAG023930', 'lNONHSAG023964', 'lNONHSAG024117', 'lNONHSAG024141', 'lNONHSAG024146', 'lNONHSAG024171', 'lNONHSAG024224', 'lNONHSAG024244', 'lNONHSAG024332', 'lNONHSAG024340', 'lNONHSAG024341', 'lNONHSAG024354', 'lNONHSAG024362', 'lNONHSAG024364', 'lNONHSAG024381', 'lNONHSAG024391', 'lNONHSAG024393', 'lNONHSAG024395', 'lNONHSAG024428', 'lNONHSAG024540', 'lNONHSAG024637', 'lNONHSAG024668', 'lNONHSAG024671', 'lNONHSAG024676', 'lNONHSAG024681', 'lNONHSAG024809', 'lNONHSAG024810', 'lNONHSAG024818', 'lNONHSAG024826', 'lNONHSAG024903', 'lNONHSAG024905', 'lNONHSAG024908', 'lNONHSAG024913', 'lNONHSAG024921', 'lNONHSAG024923', 'lNONHSAG024925', 'lNONHSAG024979', 'lNONHSAG025011', 'lNONHSAG025135', 'lNONHSAG025137', 'lNONHSAG025157', 'lNONHSAG025185', 'lNONHSAG025319', 'lNONHSAG025352', 'lNONHSAG025483', 'lNONHSAG025485', 'lNONHSAG025609', 'lNONHSAG025712', 'lNONHSAG025743', 'lNONHSAG025744', 'lNONHSAG025864', 'lNONHSAG025865', 'lNONHSAG025867', 'lNONHSAG025907', 'lNONHSAG025934', 'lNONHSAG025939', 'lNONHSAG025964', 'lNONHSAG025997', 'lNONHSAG026053', 'lNONHSAG026089', 'lNONHSAG026091', 'lNONHSAG026103', 'lNONHSAG026153', 'lNONHSAG026176', 'lNONHSAG026274', 'lNONHSAG026364', 'lNONHSAG026386', 'lNONHSAG026575', 'lNONHSAG026599', 'lNONHSAG026631', 'lNONHSAG026661', 'lNONHSAG026720', 'lNONHSAG026721', 'lNONHSAG026737', 'lNONHSAG026743', 'lNONHSAG026781', 'lNONHSAG026852', 'lNONHSAG026854', 'lNONHSAG026856', 'lNONHSAG027017', 'lNONHSAG027075', 'lNONHSAG027110', 'lNONHSAG027276', 'lNONHSAG027278', 'lNONHSAG027374', 'lNONHSAG027421', 'lNONHSAG027482', 'lNONHSAG027598', 'lNONHSAG027618', 'lNONHSAG027675', 'lNONHSAG027692', 'lNONHSAG027694', 'lNONHSAG027709', 'lNONHSAG027837', 'lNONHSAG027874', 'lNONHSAG028045', 'lNONHSAG028083', 'lNONHSAG028093', 'lNONHSAG028112', 'lNONHSAG028141', 'lNONHSAG028142', 'lNONHSAG028159', 'lNONHSAG028403', 'lNONHSAG028713', 'lNONHSAG028720', 'lNONHSAG028820', 'lNONHSAG028857', 'lNONHSAG028870', 'lNONHSAG028913', 'lNONHSAG028948', 'lNONHSAG028996', 'lNONHSAG029033', 'lNONHSAG029080', 'lNONHSAG029124', 'lNONHSAG029267', 'lNONHSAG029312', 'lNONHSAG029336', 'lNONHSAG029377', 'lNONHSAG029467', 'lNONHSAG029830', 'lNONHSAG029873', 'lNONHSAG029880', 'lNONHSAG029933', 'lNONHSAG029956', 'lNONHSAG029957', 'lNONHSAG029958', 'lNONHSAG029959', 'lNONHSAG029960', 'lNONHSAG029961', 'lNONHSAG029962', 'lNONHSAG029964', 'lNONHSAG029965', 'lNONHSAG030074', 'lNONHSAG030113', 'lNONHSAG030129', 'lNONHSAG030244', 'lNONHSAG030258', 'lNONHSAG030278', 'lNONHSAG030279', 'lNONHSAG030304', 'lNONHSAG030333', 'lNONHSAG030410', 'lNONHSAG030440', 'lNONHSAG030487', 'lNONHSAG030516', 'lNONHSAG030525', 'lNONHSAG030582', 'lNONHSAG030583', 'lNONHSAG030738', 'lNONHSAG030739', 'lNONHSAG031025', 'lNONHSAG031035', 'lNONHSAG031123', 'lNONHSAG031261', 'lNONHSAG031385', 'lNONHSAG031425', 'lNONHSAG031452', 'lNONHSAG031453', 'lNONHSAG031481', 'lNONHSAG031563', 'lNONHSAG031565', 'lNONHSAG031581', 'lNONHSAG031584', 'lNONHSAG031636', 'lNONHSAG031696', 'lNONHSAG031853', 'lNONHSAG031900', 'lNONHSAG031913', 'lNONHSAG031991', 'lNONHSAG032063', 'lNONHSAG032126', 'lNONHSAG032247', 'lNONHSAG032267', 'lNONHSAG032297', 'lNONHSAG032302', 'lNONHSAG032309', 'lNONHSAG032312', 'lNONHSAG032537', 'lNONHSAG032560', 'lNONHSAG032664', 'lNONHSAG032682', 'lNONHSAG032724', 'lNONHSAG032735', 'lNONHSAG032737', 'lNONHSAG032748', 'lNONHSAG032750', 'lNONHSAG033027', 'lNONHSAG033061', 'lNONHSAG033100', 'lNONHSAG033105', 'lNONHSAG033121', 'lNONHSAG033168', 'lNONHSAG033170', 'lNONHSAG033216', 'lNONHSAG033224', 'lNONHSAG033254', 'lNONHSAG033263', 'lNONHSAG033266', 'lNONHSAG033298', 'lNONHSAG033328', 'lNONHSAG033342', 'lNONHSAG033352', 'lNONHSAG033368', 'lNONHSAG033386', 'lNONHSAG033390', 'lNONHSAG033435', 'lNONHSAG033459', 'lNONHSAG033471', 'lNONHSAG033480', 'lNONHSAG033528', 'lNONHSAG033589', 'lNONHSAG033611', 'lNONHSAG033645', 'lNONHSAG033691', 'lNONHSAG033716', 'lNONHSAG033735', 'lNONHSAG033748', 'lNONHSAG033810', 'lNONHSAG033862', 'lNONHSAG033896', 'lNONHSAG033898', 'lNONHSAG033899', 'lNONHSAG033937', 'lNONHSAG034006', 'lNONHSAG034014', 'lNONHSAG034021', 'lNONHSAG034032', 'lNONHSAG034217', 'lNONHSAG034417', 'lNONHSAG034418', 'lNONHSAG034492', 'lNONHSAG034508', 'lNONHSAG034527', 'lNONHSAG034676', 'lNONHSAG034678', 'lNONHSAG034801', 'lNONHSAG034845', 'lNONHSAG034846', 'lNONHSAG034935', 'lNONHSAG034973', 'lNONHSAG035096', 'lNONHSAG035103', 'lNONHSAG035262', 'lNONHSAG035287', 'lNONHSAG035382', 'lNONHSAG035456', 'lNONHSAG035531', 'lNONHSAG035568', 'lNONHSAG035806', 'lNONHSAG035914', 'lNONHSAG035916', 'lNONHSAG035919', 'lNONHSAG035923', 'lNONHSAG036047', 'lNONHSAG036054', 'lNONHSAG036115', 'lNONHSAG036120', 'lNONHSAG036263', 'lNONHSAG036273', 'lNONHSAG036403', 'lNONHSAG036407', 'lNONHSAG036412', 'lNONHSAG036413', 'lNONHSAG036667', 'lNONHSAG036718', 'lNONHSAG036783', 'lNONHSAG036866', 'lNONHSAG036922', 'lNONHSAG036926', 'lNONHSAG037025', 'lNONHSAG037061', 'lNONHSAG037072', 'lNONHSAG037073', 'lNONHSAG037080', 'lNONHSAG037082', 'lNONHSAG037083', 'lNONHSAG037096', 'lNONHSAG037137', 'lNONHSAG037146', 'lNONHSAG037164', 'lNONHSAG037241', 'lNONHSAG037348', 'lNONHSAG037559', 'lNONHSAG037891', 'lNONHSAG037946', 'lNONHSAG038001', 'lNONHSAG038024', 'lNONHSAG038060', 'lNONHSAG038091', 'lNONHSAG038162', 'lNONHSAG038343', 'lNONHSAG038397', 'lNONHSAG038502', 'lNONHSAG038530', 'lNONHSAG038561', 'lNONHSAG038578', 'lNONHSAG038663', 'lNONHSAG038675', 'lNONHSAG038676', 'lNONHSAG038836', 'lNONHSAG039037', 'lNONHSAG039038', 'lNONHSAG039147', 'lNONHSAG039293', 'lNONHSAG039295', 'lNONHSAG039319', 'lNONHSAG039617', 'lNONHSAG039620', 'lNONHSAG039634', 'lNONHSAG039637', 'lNONHSAG039654', 'lNONHSAG039664', 'lNONHSAG039749', 'lNONHSAG039872', 'lNONHSAG039951', 'lNONHSAG040179', 'lNONHSAG040188', 'lNONHSAG040226', 'lNONHSAG040241', 'lNONHSAG040269', 'lNONHSAG040320', 'lNONHSAG040329', 'lNONHSAG040408', 'lNONHSAG040444', 'lNONHSAG040481', 'lNONHSAG040542', 'lNONHSAG040560', 'lNONHSAG040601', 'lNONHSAG040692', 'lNONHSAG040700', 'lNONHSAG040729', 'lNONHSAG040804', 'lNONHSAG040859', 'lNONHSAG040870', 'lNONHSAG040909', 'lNONHSAG040945', 'lNONHSAG040969', 'lNONHSAG040976', 'lNONHSAG041002', 'lNONHSAG041017', 'lNONHSAG041023', 'lNONHSAG041241', 'lNONHSAG041480', 'lNONHSAG041529', 'lNONHSAG041592', 'lNONHSAG041707', 'lNONHSAG041716', 'lNONHSAG041758', 'lNONHSAG041844', 'lNONHSAG041966', 'lNONHSAG041981', 'lNONHSAG042033', 'lNONHSAG042050', 'lNONHSAG042062', 'lNONHSAG042080', 'lNONHSAG042132', 'lNONHSAG042138', 'lNONHSAG042218', 'lNONHSAG042257', 'lNONHSAG042270', 'lNONHSAG042306', 'lNONHSAG042370', 'lNONHSAG042433', 'lNONHSAG042476', 'lNONHSAG042491', 'lNONHSAG042500', 'lNONHSAG042722', 'lNONHSAG042724', 'lNONHSAG042836', 'lNONHSAG042855', 'lNONHSAG042957', 'lNONHSAG042966', 'lNONHSAG042970', 'lNONHSAG042991', 'lNONHSAG043138', 'lNONHSAG043159', 'lNONHSAG043229', 'lNONHSAG043250', 'lNONHSAG043303', 'lNONHSAG043433', 'lNONHSAG043550', 'lNONHSAG043592', 'lNONHSAG043625', 'lNONHSAG043657', 'lNONHSAG043770', 'lNONHSAG043851', 'lNONHSAG043934', 'lNONHSAG044022', 'lNONHSAG044041', 'lNONHSAG044064', 'lNONHSAG044283', 'lNONHSAG044350', 'lNONHSAG044429', 'lNONHSAG044533', 'lNONHSAG044624', 'lNONHSAG044709', 'lNONHSAG044751', 'lNONHSAG044791', 'lNONHSAG045131', 'lNONHSAG045160', 'lNONHSAG045163', 'lNONHSAG045166', 'lNONHSAG045306', 'lNONHSAG045383', 'lNONHSAG045430', 'lNONHSAG046730', 'lNONHSAG046765', 'lNONHSAG046781', 'lNONHSAG046811', 'lNONHSAG046839', 'lNONHSAG046953', 'lNONHSAG047182', 'lNONHSAG047191', 'lNONHSAG047197', 'lNONHSAG047260', 'lNONHSAG047319', 'lNONHSAG047433', 'lNONHSAG047463', 'lNONHSAG047469', 'lNONHSAG047471', 'lNONHSAG047543', 'lNONHSAG047544', 'lNONHSAG047547', 'lNONHSAG047619', 'lNONHSAG047620', 'lNONHSAG047725', 'lNONHSAG047792', 'lNONHSAG047796', 'lNONHSAG047830', 'lNONHSAG047840', 'lNONHSAG047842', 'lNONHSAG047851', 'lNONHSAG047951', 'lNONHSAG047973', 'lNONHSAG048057', 'lNONHSAG048101', 'lNONHSAG048114', 'lNONHSAG048189', 'lNONHSAG048191', 'lNONHSAG048201', 'lNONHSAG048228', 'lNONHSAG048231', 'lNONHSAG048270', 'lNONHSAG048302', 'lNONHSAG048323', 'lNONHSAG048354', 'lNONHSAG048439', 'lNONHSAG048464', 'lNONHSAG048598', 'lNONHSAG048602', 'lNONHSAG048603', 'lNONHSAG048610', 'lNONHSAG048623', 'lNONHSAG048624', 'lNONHSAG048626', 'lNONHSAG048641', 'lNONHSAG048682', 'lNONHSAG048781', 'lNONHSAG048817', 'lNONHSAG049050', 'lNONHSAG049051', 'lNONHSAG049119', 'lNONHSAG049129', 'lNONHSAG049157', 'lNONHSAG049185', 'lNONHSAG049191', 'lNONHSAG049288', 'lNONHSAG049356', 'lNONHSAG049421', 'lNONHSAG049507', 'lNONHSAG049626', 'lNONHSAG049655', 'lNONHSAG049754', 'lNONHSAG049801', 'lNONHSAG049901', 'lNONHSAG050073', 'lNONHSAG050167', 'lNONHSAG050168', 'lNONHSAG050272', 'lNONHSAG050273', 'lNONHSAG050284', 'lNONHSAG050423', 'lNONHSAG050445', 'lNONHSAG050493', 'lNONHSAG050518', 'lNONHSAG050670', 'lNONHSAG050769', 'lNONHSAG050786', 'lNONHSAG050815', 'lNONHSAG050929', 'lNONHSAG050985', 'lNONHSAG051010', 'lNONHSAG051015', 'lNONHSAG051166', 'lNONHSAG051196', 'lNONHSAG051245', 'lNONHSAG051250', 'lNONHSAG051255', 'lNONHSAG051259', 'lNONHSAG051260', 'lNONHSAG051263', 'lNONHSAG051266', 'lNONHSAG051291', 'lNONHSAG051448', 'lNONHSAG051454', 'lNONHSAG051523', 'lNONHSAG051542', 'lNONHSAG051567', 'lNONHSAG051568', 'lNONHSAG051770', 'lNONHSAG051898', 'lNONHSAG051958', 'lNONHSAG052046', 'lNONHSAG052119', 'lNONHSAG052149', 'lNONHSAG052151', 'lNONHSAG052179', 'lNONHSAG052454', 'lNONHSAG052491', 'lNONHSAG052492', 'lNONHSAG052495', 'lNONHSAG052510', 'lNONHSAG052511', 'lNONHSAG052609', 'lNONHSAG052680', 'lNONHSAG052686', 'lNONHSAG052709', 'lNONHSAG052726', 'lNONHSAG052925', 'lNONHSAG052929', 'lNONHSAG052931', 'lNONHSAG052933', 'lNONHSAG053007', 'lNONHSAG053014', 'lNONHSAG053028', 'lNONHSAG053033', 'lNONHSAG053082', 'lNONHSAG053108', 'lNONHSAG053162', 'lNONHSAG053228', 'lNONHSAG053419', 'lNONHSAG053456', 'lNONHSAG053499', 'lNONHSAG053500', 'lNONHSAG053502', 'lNONHSAG053546', 'lNONHSAG053547', 'lNONHSAG053590', 'lNONHSAG053602', 'lNONHSAG053626', 'lNONHSAG053631', 'lNONHSAG053651', 'lNONHSAG053716', 'lNONHSAG053719', 'lNONHSAG053748', 'lNONHSAG053796', 'lNONHSAG053802', 'lNONHSAG053842', 'lNONHSAG054024', 'lNONHSAG054038', 'lNONHSAG054212', 'lNONHSAG054213', 'lNONHSAG054214', 'lNONHSAG054215', 'lNONHSAG054216', 'lNONHSAG054301', 'lNONHSAG054360', 'lNONHSAG054432', 'lNONHSAG054699', 'lNONHSAG054716', 'lNONHSAG054717', 'lNONHSAG054718', 'lNONHSAG054780', 'lNONHSAG054791', 'lNONHSAG054807', 'lNONHSAG054832', 'lNONHSAG055008', 'lNONHSAG055092', 'lNONHSAG055258', 'lNONHSAG055418', 'lNONHSAG055450', 'lNONHSAG055546', 'lNONHSAG055558', 'lNONHSAG055565', 'lNONHSAG055577', 'lNONHSAG055582', 'lNONHSAG056025', 'lNONHSAG056029', 'lNONHSAG056053', 'lNONHSAG056451', 'lNONHSAG056733', 'lNONHSAG056746', 'lNONHSAG056868', 'lNONHSAG056875', 'lNONHSAG057260', 'lNONHSAG058006', 'lNONHSAG058109', 'lNONHSAG058112', 'lNONHSAG058118', 'lNONHSAG058128', 'lNONHSAG058533', 'lNONHSAG059768', 'lNONHSAG060586', 'lNONHSAG061096', 'lNONHSAG061404', 'lNONHSAG061492', 'lNONHSAG063700', 'lNONHSAG064962', 'lNONHSAG065252', 'lNONHSAG068402', 'lNONHSAG068639', 'lNONHSAG069030', 'lNONHSAG069147', 'lNONHSAG069876', 'lNONHSAG070257', 'lNONHSAG071444', 'lNONHSAG072176', 'lNONHSAG072945', 'lNONHSAG073025', 'lNONHSAG073380', 'lNONHSAG073406', 'lNONHSAG073419', 'lNONHSAG073786', 'lNONHSAG074052', 'lNONHSAG074661', 'lNONHSAG075363', 'lNONHSAG077475', 'lNONHSAG077527', 'lNONHSAG077551', 'lNONHSAG079231', 'lNONHSAG080772', 'lNONHSAG081227', 'lNONHSAG081583', 'lNONHSAG081993', 'lNONHSAG082891', 'lNONHSAG083209', 'lNONHSAG083289', 'lNONHSAG083615', 'lNONHSAG083859', 'lNONHSAG083883', 'lNONHSAG083894', 'lNONHSAG084701', 'lNONHSAG084832', 'lNONHSAG084937', 'lNONHSAG085975', 'lNONHSAG088562', 'lNONHSAG089857', 'lNONHSAG091284', 'lNONHSAG091452', 'lNONHSAG091943', 'lNONHSAG092907', 'lNONHSAG093064', 'lNONHSAG093078', 'lNONHSAG093517', 'lNONHSAG094075', 'lNONHSAG094129', 'lNONHSAG094269', 'lNONHSAG096130', 'lNONHSAG096227', 'lNONHSAG096230', 'lNONHSAG097344', 'lNONHSAG097347', 'lNONHSAG098653', 'lNONHSAG099082', 'lNONHSAG099120', 'lNONHSAG099126', 'lNONHSAG099742', 'lNONHSAG099774', 'lNONHSAG101229', 'lNONHSAG102572', 'lNONHSAG102979', 'lNONHSAG103259', 'lNONHSAG103457', 'lNONHSAG103817', 'lNONHSAG110420', 'lNONHSAG110858', 'lNONHSAG111667', 'lNONHSAG112396', 'lNONHSAG113761', 'lNONHSAG114445', 'lENSG00000103472', 'lENSG00000163364', 'lENSG00000171889', 'lENSG00000175061', 'lENSG00000177410', 'lENSG00000179406', 'lENSG00000189295', 'lENSG00000198221', 'lENSG00000198468', 'lENSG00000203497', 'lENSG00000205611', 'lENSG00000223764', 'lENSG00000223783', 'lENSG00000224057', 'lENSG00000224078', 'lENSG00000224614', 'lENSG00000225470', 'lENSG00000225855', 'lENSG00000226137', 'lENSG00000227082', 'lENSG00000227256', 'lENSG00000227963', 'lENSG00000228022', 'lENSG00000228526', 'lENSG00000229335', 'lENSG00000229388', 'lENSG00000230046', 'lENSG00000230061', 'lENSG00000230257', 'lENSG00000230313', 'lENSG00000230400', 'lENSG00000230866', 'lENSG00000231019', 'lENSG00000231437', 'lENSG00000231473', 'lENSG00000231663', 'lENSG00000232265', 'lENSG00000232442', 'lENSG00000232500', 'lENSG00000233047', 'lENSG00000233387', 'lENSG00000233532', 'lENSG00000233590', 'lENSG00000234169', 'lENSG00000234222', 'lENSG00000234455', 'lENSG00000234546', 'lENSG00000234625', 'lENSG00000235385', 'lENSG00000235535', 'lENSG00000236535', 'lENSG00000237167', 'lENSG00000237396', 'lENSG00000237880', 'lENSG00000241388', 'lENSG00000242207', 'lENSG00000243479', 'lENSG00000244124', 'lENSG00000245067', 'lENSG00000245146', 'lENSG00000245614', 'lENSG00000246560', 'lENSG00000247095', 'lENSG00000247373', 'lENSG00000247400', 'lENSG00000249532', 'lENSG00000249786', 'lENSG00000249835', 'lENSG00000249993', 'lENSG00000250635', 'lENSG00000251003', 'lENSG00000251061', 'lENSG00000253315', 'lENSG00000254418', 'lENSG00000254480', 'lENSG00000254508', 'lENSG00000254635', 'lENSG00000254791', 'lENSG00000255427', 'lENSG00000255553', 'lENSG00000256742', 'lENSG00000256769', 'lENSG00000257084', 'lENSG00000257557', 'lENSG00000258197', 'lENSG00000258912', 'lENSG00000259289', 'lENSG00000259424', 'lENSG00000260219', 'lENSG00000260280', 'lENSG00000260924', 'lENSG00000260969', 'lENSG00000261423', 'lENSG00000261780', 'lENSG00000263718', 'lENSG00000264672', 'lENSG00000265374', 'lENSG00000266402', 'lENSG00000266970', 'lENSG00000267296', 'lENSG00000267321', 'lENSG00000267395', 'lENSG00000267413', 'lENSG00000267440', 'lENSG00000267858', 'lENSG00000269019', 'lENSG00000269911', 'lENSG00000269939', 'lENSG00000270084', 'lENSG00000270344', 'lENSG00000270959', 'lENSG00000274372', 'lENSG00000278709', 'lENSG00000278970', 'lENSG00000279296', 'lENSG00000281189', 'lENSG00000284070', 'lENSG00000285644', 'lENSG00000286004', 'lENSG00000286737', 'lENSG00000288080', 'lENSG00000224167', 'lENSG00000224739', 'lA1BG-AS1', 'lADAMTS9-AS2', 'lANKRD62P1-PARP4P3', 'lAQP4-AS1', 'lASMTL-AS1', 'lBANCR', 'lCCAT2', 'lCDKN2B-AS1', 'lCRNDE', 'lDGKK', 'lDLX6-AS1', 'lEGOT', 'lFEZF1-AS1', 'lGATA3-AS1', 'lGHET1', 'lHEIH', 'lHOTAIRM1', 'lHOXA-AS3', 'lINHBA-AS1', 'lJPX', 'lJRK', 'lKCTD21-AS1', 'lKTN1-AS1', 'lLAMTOR5-AS1', 'lLBX2-AS1', 'lLINC00173', 'lLINC00174', 'lLINC00240', 'lLINC00333', 'lLINC00472', 'lLPP-AS2', 'lMCM3AP-AS1', 'lMEG3', 'lMIR181A1HG', 'lMIR31HG', 'lMYLK-AS1', 'lPANDAR', 'lPCGEM1', 'lPVT1', 'lRMST', 'lSNHG15', 'lSNHG16', 'lSNX29P2', 'lTPTEP1', 'lTRAM2-AS1', 'lZFAS1', 'lZNF286B', 'lLINC00461', 'lLINC00514', 'lSLC2A1-AS1', 'lSRP14-AS1', 'lAC007009.1', 'lPWAR6', 'lAC004840.8', 'lAC061992.2', 'lAC103564.7', 'lAC137932.5', 'lAL928742.12', 'lCTB-60B18.10', 'lCTB-91J4.1', 'lCTC-338M12.2', 'lCTD-2165H16.4', 'lCTD-2195B23.3', 'lCTD-2540L5.5', 'lKB-7G2.8', 'lLA16c-321D4.2', 'lLA16c-380H5.3', 'lLL22NC03-23C6.13', 'lRP1-283E3.8', 'lRP11-100F15.1', 'lRP11-104E19.1', 'lRP11-108M9.3', 'lRP11-123O10.4', 'lRP11-137H2.4', 'lRP11-197N18.2', 'lRP11-21J18.1', 'lRP11-227H15.4', 'lRP11-243J18.2', 'lRP11-24P14.1', 'lRP11-264B17.3', 'lRP11-276H7.2', 'lRP11-2C24.4', 'lRP11-305P14.1', 'lRP11-439K3.1', 'lRP11-49K24.4', 'lRP11-514P8.8', 'lRP11-550C4.6', 'lRP4-756H11.3', 'lRP5-1061H20.4', 'lRP5-1074L1.1', 'lRP5-1160K1.8', 'lXXbac-B444P24.8', 'lXXbac-BPG300A18.13', 'lAC018766.4', 'lCTD-2231H16.1', 'lHNRNPU-AS1', 'lRP11-672A2.1', 'lRP5-1063M23.1', 'lRP11-495P10.8', 'lCTA-250D10.23', 'lRP4-610C12.4', 'lLINC00035', 'lRP11-408H20.2', 'lNONHSAG000157', 'lNONHSAG000265', 'lNONHSAG000297', 'lNONHSAG000298', 'lNONHSAG000623', 'lNONHSAG000636', 'lNONHSAG000677', 'lNONHSAG000896', 'lNONHSAG000969', 'lNONHSAG000994', 'lNONHSAG001008', 'lNONHSAG001014', 'lNONHSAG001028', 'lNONHSAG001030', 'lNONHSAG001033', 'lNONHSAG001147', 'lNONHSAG001171', 'lNONHSAG001207', 'lNONHSAG001240', 'lNONHSAG001258', 'lNONHSAG001419', 'lNONHSAG001435', 'lNONHSAG001613', 'lNONHSAG002403', 'lNONHSAG002487', 'lNONHSAG002726', 'lNONHSAG002790', 'lNONHSAG002816', 'lNONHSAG003227', 'lNONHSAG003308', 'lNONHSAG003418', 'lNONHSAG003459', 'lNONHSAG003810', 'lNONHSAG003881', 'lNONHSAG004227', 'lNONHSAG004351', 'lNONHSAG004475', 'lNONHSAG004507', 'lNONHSAG004638', 'lNONHSAG005249', 'lNONHSAG005363', 'lNONHSAG005473', 'lNONHSAG005652', 'lNONHSAG005679', 'lNONHSAG005690', 'lNONHSAG005717', 'lNONHSAG005725', 'lNONHSAG005727', 'lNONHSAG005739', 'lNONHSAG005740', 'lNONHSAG005746', 'lNONHSAG005747', 'lNONHSAG005760', 'lNONHSAG005761', 'lNONHSAG005789', 'lNONHSAG005797', 'lNONHSAG005809', 'lNONHSAG005821', 'lNONHSAG005830', 'lNONHSAG005842', 'lNONHSAG005847', 'lNONHSAG005851', 'lNONHSAG005852', 'lNONHSAG005853', 'lNONHSAG005855', 'lNONHSAG005856', 'lNONHSAG005857', 'lNONHSAG005859', 'lNONHSAG005862', 'lNONHSAG005870', 'lNONHSAG005885', 'lNONHSAG005901', 'lNONHSAG005915', 'lNONHSAG005935', 'lNONHSAG005936', 'lNONHSAG005939', 'lNONHSAG005985', 'lNONHSAG005986', 'lNONHSAG006012', 'lNONHSAG006022', 'lNONHSAG006078', 'lNONHSAG006086', 'lNONHSAG006091', 'lNONHSAG006097', 'lNONHSAG006103', 'lNONHSAG006160', 'lNONHSAG006166', 'lNONHSAG006183', 'lNONHSAG006186', 'lNONHSAG006188', 'lNONHSAG006221', 'lNONHSAG006240', 'lNONHSAG006274', 'lNONHSAG006290', 'lNONHSAG006293', 'lNONHSAG006300', 'lNONHSAG006314', 'lNONHSAG006324', 'lNONHSAG006376', 'lNONHSAG006377', 'lNONHSAG006382', 'lNONHSAG006388', 'lNONHSAG006395', 'lNONHSAG006399', 'lNONHSAG006405', 'lNONHSAG006407', 'lNONHSAG006412', 'lNONHSAG006415', 'lNONHSAG006434', 'lNONHSAG006440', 'lNONHSAG006450', 'lNONHSAG006459', 'lNONHSAG006479', 'lNONHSAG006487', 'lNONHSAG006493', 'lNONHSAG006507', 'lNONHSAG006527', 'lNONHSAG006536', 'lNONHSAG006551', 'lNONHSAG006554', 'lNONHSAG006557', 'lNONHSAG006573', 'lNONHSAG006576', 'lNONHSAG006579', 'lNONHSAG006581', 'lNONHSAG006586', 'lNONHSAG006591', 'lNONHSAG006602', 'lNONHSAG006646', 'lNONHSAG006653', 'lNONHSAG006716', 'lNONHSAG006748', 'lNONHSAG006750', 'lNONHSAG006765', 'lNONHSAG006779', 'lNONHSAG006808', 'lNONHSAG006830', 'lNONHSAG006832', 'lNONHSAG006837', 'lNONHSAG006855', 'lNONHSAG006863', 'lNONHSAG006883', 'lNONHSAG006889', 'lNONHSAG006894', 'lNONHSAG006909', 'lNONHSAG006915', 'lNONHSAG006922', 'lNONHSAG006967', 'lNONHSAG006970', 'lNONHSAG006976', 'lNONHSAG007000', 'lNONHSAG007008', 'lNONHSAG007020', 'lNONHSAG007023', 'lNONHSAG007029', 'lNONHSAG007031', 'lNONHSAG007035', 'lNONHSAG007063', 'lNONHSAG007065', 'lNONHSAG007087', 'lNONHSAG007093', 'lNONHSAG007103', 'lNONHSAG007118', 'lNONHSAG007123', 'lNONHSAG007129', 'lNONHSAG007139', 'lNONHSAG007155', 'lNONHSAG007166', 'lNONHSAG007172', 'lNONHSAG007222', 'lNONHSAG007224', 'lNONHSAG007225', 'lNONHSAG007242', 'lNONHSAG007259', 'lNONHSAG007268', 'lNONHSAG007298', 'lNONHSAG007414', 'lNONHSAG007419', 'lNONHSAG007429', 'lNONHSAG007458', 'lNONHSAG007488', 'lNONHSAG007531', 'lNONHSAG007533', 'lNONHSAG007543', 'lNONHSAG007544', 'lNONHSAG007563', 'lNONHSAG007574', 'lNONHSAG007578', 'lNONHSAG007587', 'lNONHSAG007599', 'lNONHSAG007621', 'lNONHSAG007632', 'lNONHSAG007638', 'lNONHSAG007730', 'lNONHSAG007932', 'lENSG00000083622', 'lENSG00000105501', 'lENSG00000122043', 'lENSG00000149443', 'lENSG00000167920', 'lENSG00000177596', 'lENSG00000178248', 'lENSG00000197644', 'lENSG00000197880', 'lENSG00000198054', 'lENSG00000203307', 'lENSG00000203434', 'lENSG00000203469', 'lENSG00000203472', 'lENSG00000203605', 'lENSG00000203864', 'lENSG00000204393', 'lENSG00000204464', 'lENSG00000205018', 'lENSG00000205452', 'lENSG00000205500', 'lENSG00000212856', 'lENSG00000219410', 'lENSG00000221845', 'lENSG00000222000', 'lENSG00000222032', 'lENSG00000222044', 'lENSG00000223374', 'lENSG00000223381', 'lENSG00000223400', 'lENSG00000223537', 'lENSG00000223563', 'lENSG00000223598', 'lENSG00000223634', 'lENSG00000223641', 'lENSG00000223643', 'lENSG00000223647', 'lENSG00000223720', 'lENSG00000223727', 'lENSG00000223786', 'lENSG00000223809', 'lENSG00000223831', 'lENSG00000223870', 'lENSG00000223881', 'lENSG00000223966', 'lENSG00000223993', 'lENSG00000224031', 'lENSG00000224075', 'lENSG00000224087', 'lENSG00000224095', 'lENSG00000224220', 'lENSG00000224277', 'lENSG00000224330', 'lENSG00000224384', 'lENSG00000224500', 'lENSG00000224535', 'lENSG00000224541', 'lENSG00000224549', 'lENSG00000224595', 'lENSG00000224645', 'lENSG00000224655', 'lENSG00000224794', 'lENSG00000224821', 'lENSG00000224844', 'lENSG00000224857', 'lENSG00000224922', 'lENSG00000224972', 'lENSG00000225012', 'lENSG00000225050', 'lENSG00000225129', 'lENSG00000225146', 'lENSG00000225325', 'lENSG00000225334', 'lENSG00000225457', 'lENSG00000225537', 'lENSG00000225570', 'lENSG00000225588', 'lENSG00000225647', 'lENSG00000225750', 'lENSG00000225751', 'lENSG00000225761', 'lENSG00000225886', 'lENSG00000225919', 'lENSG00000225929', 'lENSG00000226047', 'lENSG00000226089', 'lENSG00000226143', 'lENSG00000226193', 'lENSG00000226194', 'lENSG00000226238', 'lENSG00000226323', 'lENSG00000226337', 'lENSG00000226352', 'lENSG00000226398', 'lENSG00000226442', 'lENSG00000226454', 'lENSG00000226486', 'lENSG00000226508', 'lENSG00000226522', 'lENSG00000226542', 'lENSG00000226566', 'lENSG00000226576', 'lENSG00000226601', 'lENSG00000226647', 'lENSG00000226699', 'lENSG00000226770', 'lENSG00000226813', 'lENSG00000226883', 'lENSG00000226925', 'lENSG00000226956', 'lENSG00000227075', 'lENSG00000227076', 'lENSG00000227125', 'lENSG00000227131', 'lENSG00000227181', 'lENSG00000227197', 'lENSG00000227330', 'lENSG00000227360', 'lENSG00000227459', 'lENSG00000227482', 'lENSG00000227496', 'lENSG00000227509', 'lENSG00000227512', 'lENSG00000227606', 'lENSG00000227611', 'lENSG00000227680', 'lENSG00000227716', 'lENSG00000227718', 'lENSG00000227769', 'lENSG00000227930', 'lENSG00000227958', 'lENSG00000227960', 'lENSG00000228028', 'lENSG00000228082', 'lENSG00000228170', 'lENSG00000228215', 'lENSG00000228231', 'lENSG00000228261', 'lENSG00000228272', 'lENSG00000228351', 'lENSG00000228372', 'lENSG00000228470', 'lENSG00000228485', 'lENSG00000228548', 'lENSG00000228627', 'lENSG00000228826', 'lENSG00000228852', 'lENSG00000228939', 'lENSG00000228950', 'lENSG00000229152', 'lENSG00000229162', 'lENSG00000229167', 'lENSG00000229190', 'lENSG00000229224', 'lENSG00000229297', 'lENSG00000229331', 'lENSG00000229345', 'lENSG00000229370', 'lENSG00000229379', 'lENSG00000229444', 'lENSG00000229457', 'lENSG00000229487', 'lENSG00000229502', 'lENSG00000229528', 'lENSG00000229679', 'lENSG00000229688', 'lENSG00000229848', 'lENSG00000229953', 'lENSG00000229999', 'lENSG00000230010', 'lENSG00000230105', 'lENSG00000230109', 'lENSG00000230121', 'lENSG00000230131', 'lENSG00000230153', 'lENSG00000230155', 'lENSG00000230190', 'lENSG00000230197', 'lENSG00000230212', 'lENSG00000230233', 'lENSG00000230234', 'lENSG00000230323', 'lENSG00000230432', 'lENSG00000230483', 'lENSG00000230499', 'lENSG00000230599', 'lENSG00000230668', 'lENSG00000230735', 'lENSG00000230741', 'lENSG00000230759', 'lENSG00000230790', 'lENSG00000230794', 'lENSG00000230826', 'lENSG00000230830', 'lENSG00000230912', 'lENSG00000230918', 'lENSG00000230972', 'lENSG00000231081', 'lENSG00000231082', 'lENSG00000231092', 'lENSG00000231102', 'lENSG00000231114', 'lENSG00000231143', 'lENSG00000231253', 'lENSG00000231272', 'lENSG00000231407', 'lENSG00000231413', 'lENSG00000231440', 'lENSG00000231496', 'lENSG00000231539', 'lENSG00000231597', 'lENSG00000231678', 'lENSG00000231681', 'lENSG00000231724', 'lENSG00000231760', 'lENSG00000231781', 'lENSG00000231912', 'lENSG00000231914', 'lENSG00000231937', 'lENSG00000231953', 'lENSG00000231964', 'lENSG00000232031', 'lENSG00000232058', 'lENSG00000232072', 'lENSG00000232086', 'lENSG00000232120', 'lENSG00000232192', 'lENSG00000232197', 'lENSG00000232252', 'lENSG00000232286', 'lENSG00000232310', 'lENSG00000232328', 'lENSG00000232335', 'lENSG00000232359', 'lENSG00000232396', 'lENSG00000232451', 'lENSG00000232464', 'lENSG00000232465', 'lENSG00000232564', 'lENSG00000232596', 'lENSG00000232604', 'lENSG00000232710', 'lENSG00000232719', 'lENSG00000232746', 'lENSG00000232806', 'lENSG00000232893', 'lENSG00000232895', 'lENSG00000232930', 'lENSG00000232939', 'lENSG00000233070', 'lENSG00000233079', 'lENSG00000233179', 'lENSG00000233219', 'lENSG00000233222', 'lENSG00000233339', 'lENSG00000233407', 'lENSG00000233472', 'lENSG00000233479', 'lENSG00000233534', 'lENSG00000233574', 'lENSG00000233581', 'lENSG00000233613', 'lENSG00000233625', 'lENSG00000233656', 'lENSG00000233665', 'lENSG00000233689', 'lENSG00000233706', 'lENSG00000233851', 'lENSG00000233891', 'lENSG00000233960', 'lENSG00000233969', 'lENSG00000233985', 'lENSG00000234021', 'lENSG00000234055', 'lENSG00000234117', 'lENSG00000234149', 'lENSG00000234160', 'lENSG00000234172', 'lENSG00000234318', 'lENSG00000234504', 'lENSG00000234567', 'lENSG00000234622', 'lENSG00000234626', 'lENSG00000234653', 'lENSG00000234690', 'lENSG00000234693', 'lENSG00000234714', 'lENSG00000234756', 'lENSG00000234860', 'lENSG00000234900', 'lENSG00000234953', 'lENSG00000234961', 'lENSG00000234979', 'lENSG00000235011', 'lENSG00000235035', 'lENSG00000235050', 'lENSG00000235086', 'lENSG00000235122', 'lENSG00000235168', 'lENSG00000235262', 'lENSG00000235435', 'lENSG00000235494', 'lENSG00000235503', 'lENSG00000235533', 'lENSG00000235628', 'lENSG00000235635', 'lENSG00000235669', 'lENSG00000235786', 'lENSG00000235813', 'lENSG00000236022', 'lENSG00000236109', 'lENSG00000236242', 'lENSG00000236272', 'lENSG00000236324', 'lENSG00000236326', 'lENSG00000236358', 'lENSG00000236414', 'lENSG00000236452', 'lENSG00000236463', 'lENSG00000236498', 'lENSG00000236559', 'lENSG00000236648', 'lENSG00000236662', 'lENSG00000236723', 'lENSG00000236744', 'lENSG00000236758', 'lENSG00000236800', 'lENSG00000236828', 'lENSG00000236854', 'lENSG00000236921', 'lENSG00000236951', 'lENSG00000236953', 'lENSG00000236975', 'lENSG00000237015', 'lENSG00000237058', 'lENSG00000237073', 'lENSG00000237200', 'lENSG00000237293', 'lENSG00000237312', 'lENSG00000237324', 'lENSG00000237331', 'lENSG00000237337', 'lENSG00000237435', 'lENSG00000237463', 'lENSG00000237477', 'lENSG00000237481', 'lENSG00000237494', 'lENSG00000237520', 'lENSG00000237571', 'lENSG00000237576', 'lENSG00000237581', 'lENSG00000237670', 'lENSG00000237734', 'lENSG00000237756', 'lENSG00000237768', 'lENSG00000237802', 'lENSG00000237919', 'lENSG00000237921', 'lENSG00000237937', 'lENSG00000237993', 'lENSG00000238131', 'lENSG00000238140', 'lENSG00000238185', 'lENSG00000238282', 'lENSG00000238291', 'lENSG00000239314', 'lENSG00000239415', 'lENSG00000239482', 'lENSG00000239593', 'lENSG00000240354', 'lENSG00000240573', 'lENSG00000240868', 'lENSG00000241383', 'lENSG00000241397', 'lENSG00000241577', 'lENSG00000241593', 'lENSG00000241985', 'lENSG00000242012', 'lENSG00000242072', 'lENSG00000242339', 'lENSG00000242391', 'lENSG00000242545', 'lENSG00000242568', 'lENSG00000242618', 'lENSG00000242795', 'lENSG00000242861', 'lENSG00000243149', 'lENSG00000243273', 'lENSG00000243368', 'lENSG00000243797', 'lENSG00000243903', 'lENSG00000243961', 'lENSG00000244278', 'lENSG00000244327', 'lENSG00000244461', 'lENSG00000244701', 'lENSG00000245148', 'lENSG00000245385', 'lENSG00000247867', 'lENSG00000247925', 'lENSG00000248125', 'lENSG00000248145', 'lENSG00000248172', 'lENSG00000248245', 'lENSG00000248358', 'lENSG00000248373', 'lENSG00000248393', 'lENSG00000248397', 'lENSG00000248416', 'lENSG00000248457', 'lENSG00000248490', 'lENSG00000248599', 'lENSG00000248627', 'lENSG00000248789', 'lENSG00000248802', 'lENSG00000248925', 'lENSG00000248935', 'lENSG00000248969', 'lENSG00000248975', 'lENSG00000248984', 'lENSG00000249066', 'lENSG00000249071', 'lENSG00000249099', 'lENSG00000249111', 'lENSG00000249114', 'lENSG00000249297', 'lENSG00000249334', 'lENSG00000249382', 'lENSG00000249409', 'lENSG00000249419', 'lENSG00000249426', 'lENSG00000249441', 'lENSG00000249451', 'lENSG00000249474', 'lENSG00000249547', 'lENSG00000249605', 'lENSG00000249613', 'lENSG00000249697', 'lENSG00000249706', 'lENSG00000249742', 'lENSG00000249782', 'lENSG00000249806', 'lENSG00000249830', 'lENSG00000249865', 'lENSG00000249892', 'lENSG00000250062', 'lENSG00000250092', 'lENSG00000250186', 'lENSG00000250195', 'lENSG00000250242', 'lENSG00000250524', 'lENSG00000250541', 'lENSG00000250626', 'lENSG00000250629', 'lENSG00000250646', 'lENSG00000250657', 'lENSG00000250665', 'lENSG00000250698', 'lENSG00000250761', 'lENSG00000250820', 'lENSG00000250865', 'lENSG00000250866', 'lENSG00000250877', 'lENSG00000250910', 'lENSG00000250929', 'lENSG00000250949', 'lENSG00000250950', 'lENSG00000250955', 'lENSG00000250993', 'lENSG00000251059', 'lENSG00000251072', 'lENSG00000251088', 'lENSG00000251185', 'lENSG00000251194', 'lENSG00000251256', 'lENSG00000251266', 'lENSG00000251281', 'lENSG00000251283', 'lENSG00000251412', 'lENSG00000251414', 'lENSG00000251438', 'lENSG00000251688', 'lENSG00000253134', 'lENSG00000253142', 'lENSG00000253147', 'lENSG00000253167', 'lENSG00000253171', 'lENSG00000253189', 'lENSG00000253282', 'lENSG00000253397', 'lENSG00000253449', 'lENSG00000253456', 'lENSG00000253503', 'lENSG00000253507', 'lENSG00000253526', 'lENSG00000253530', 'lENSG00000253539', 'lENSG00000253577', 'lENSG00000253616', 'lENSG00000253619', 'lENSG00000253627', 'lENSG00000253643', 'lENSG00000253645', 'lENSG00000253660', 'lENSG00000253665', 'lENSG00000253717', 'lENSG00000253722', 'lENSG00000253754', 'lENSG00000253782', 'lENSG00000253851', 'lENSG00000253858', 'lENSG00000253865', 'lENSG00000253871', 'lENSG00000253875', 'lENSG00000253880', 'lENSG00000253927', 'lENSG00000253947', 'lENSG00000253976', 'lENSG00000254011', 'lENSG00000254021', 'lENSG00000254026', 'lENSG00000254031', 'lENSG00000254033', 'lENSG00000254035', 'lENSG00000254043', 'lENSG00000254084', 'lENSG00000254094', 'lENSG00000254123', 'lENSG00000254141', 'lENSG00000254171', 'lENSG00000254177', 'lENSG00000254239', 'lENSG00000254242', 'lENSG00000254263', 'lENSG00000254314', 'lENSG00000254325', 'lENSG00000254330', 'lENSG00000254347', 'lENSG00000254350', 'lENSG00000254380', 'lENSG00000254428', 'lENSG00000254429', 'lENSG00000254456', 'lENSG00000254516', 'lENSG00000254559', 'lENSG00000254563', 'lENSG00000254574', 'lENSG00000254592', 'lENSG00000254604', 'lENSG00000254626', 'lENSG00000254689', 'lENSG00000254787', 'lENSG00000254829', 'lENSG00000254842', 'lENSG00000254846', 'lENSG00000254847', 'lENSG00000254864', 'lENSG00000254879', 'lENSG00000254913', 'lENSG00000254921', 'lENSG00000254972', 'lENSG00000254983', 'lENSG00000254990', 'lENSG00000255027', 'lENSG00000255039', 'lENSG00000255041', 'lENSG00000255084', 'lENSG00000255114', 'lENSG00000255121', 'lENSG00000255159', 'lENSG00000255167', 'lENSG00000255241', 'lENSG00000255247', 'lENSG00000255252', 'lENSG00000255271', 'lENSG00000255300', 'lENSG00000255343', 'lENSG00000255357', 'lENSG00000255366', 'lENSG00000255375', 'lENSG00000255388', 'lENSG00000255390', 'lENSG00000255443', 'lENSG00000255462', 'lENSG00000255482', 'lENSG00000255487', 'lENSG00000255496', 'lENSG00000255498', 'lENSG00000255506', 'lENSG00000255523', 'lENSG00000255528', 'lENSG00000255539', 'lENSG00000255555', 'lENSG00000255565', 'lENSG00000255572', 'lENSG00000255580', 'lENSG00000255808', 'lENSG00000255839', 'lENSG00000255893', 'lENSG00000255949', 'lENSG00000256007', 'lENSG00000256071', 'lENSG00000256072', 'lENSG00000256083', 'lENSG00000256209', 'lENSG00000256226', 'lENSG00000256234', 'lENSG00000256292', 'lENSG00000256364', 'lENSG00000256448', 'lENSG00000256452', 'lENSG00000256482', 'lENSG00000256484', 'lENSG00000256568', 'lENSG00000256582', 'lENSG00000256670', 'lENSG00000256733', 'lENSG00000256897', 'lENSG00000256972', 'lENSG00000257004', 'lENSG00000257022', 'lENSG00000257096', 'lENSG00000257105', 'lENSG00000257137', 'lENSG00000257165', 'lENSG00000257235', 'lENSG00000257261', 'lENSG00000257264', 'lENSG00000257275', 'lENSG00000257342', 'lENSG00000257381', 'lENSG00000257407', 'lENSG00000257470', 'lENSG00000257488', 'lENSG00000257494', 'lENSG00000257500', 'lENSG00000257514', 'lENSG00000257527', 'lENSG00000257541', 'lENSG00000257587', 'lENSG00000257634', 'lENSG00000257653', 'lENSG00000257682', 'lENSG00000257732', 'lENSG00000257750', 'lENSG00000257764', 'lENSG00000257787', 'lENSG00000257860', 'lENSG00000257904', 'lENSG00000257925', 'lENSG00000257997', 'lENSG00000258007', 'lENSG00000258044', 'lENSG00000258084', 'lENSG00000258108', 'lENSG00000258167', 'lENSG00000258185', 'lENSG00000258210', 'lENSG00000258220', 'lENSG00000258234', 'lENSG00000258272', 'lENSG00000258292', 'lENSG00000258308', 'lENSG00000258312', 'lENSG00000258313', 'lENSG00000258323', 'lENSG00000258331', 'lENSG00000258378', 'lENSG00000258379', 'lENSG00000258390', 'lENSG00000258394', 'lENSG00000258425', 'lENSG00000258451', 'lENSG00000258460', 'lENSG00000258515', 'lENSG00000258516', 'lENSG00000258520', 'lENSG00000258610', 'lENSG00000258657', 'lENSG00000258670', 'lENSG00000258690', 'lENSG00000258695', 'lENSG00000258698', 'lENSG00000258742', 'lENSG00000258745', 'lENSG00000258784', 'lENSG00000258800', 'lENSG00000258824', 'lENSG00000258826', 'lENSG00000258829', 'lENSG00000258850', 'lENSG00000258869', 'lENSG00000258892', 'lENSG00000258904', 'lENSG00000258908', 'lENSG00000258944', 'lENSG00000258958', 'lENSG00000259007', 'lENSG00000259026', 'lENSG00000259187', 'lENSG00000259188', 'lENSG00000259194', 'lENSG00000259202', 'lENSG00000259211', 'lENSG00000259223', 'lENSG00000259250', 'lENSG00000259256', 'lENSG00000259265', 'lENSG00000259290', 'lENSG00000259294', 'lENSG00000259307', 'lENSG00000259342', 'lENSG00000259351', 'lENSG00000259352', 'lENSG00000259360', 'lENSG00000259385', 'lENSG00000259432', 'lENSG00000259532', 'lENSG00000259544', 'lENSG00000259595', 'lENSG00000259631', 'lENSG00000259636', 'lENSG00000259649', 'lENSG00000259659', 'lENSG00000259678', 'lENSG00000259757', 'lENSG00000259759', 'lENSG00000259767', 'lENSG00000259805', 'lENSG00000259935', 'lENSG00000259945', 'lENSG00000259955', 'lENSG00000259967', 'lENSG00000260003', 'lENSG00000260022', 'lENSG00000260058', 'lENSG00000260158', 'lENSG00000260186', 'lENSG00000260190', 'lENSG00000260237', 'lENSG00000260246', 'lENSG00000260304', 'lENSG00000260454', 'lENSG00000260476', 'lENSG00000260586', 'lENSG00000260605', 'lENSG00000260626', 'lENSG00000260659', 'lENSG00000260720', 'lENSG00000260741', 'lENSG00000260773', 'lENSG00000260798', 'lENSG00000260884', 'lENSG00000260911', 'lENSG00000260934', 'lENSG00000260970', 'lENSG00000260986', 'lENSG00000260999', 'lENSG00000261014', 'lENSG00000261036', 'lENSG00000261065', 'lENSG00000261066', 'lENSG00000261070', 'lENSG00000261243', 'lENSG00000261248', 'lENSG00000261261', 'lENSG00000261266', 'lENSG00000261307', 'lENSG00000261332', 'lENSG00000261379', 'lENSG00000261432', 'lENSG00000261475', 'lENSG00000261507', 'lENSG00000261523', 'lENSG00000261552', 'lENSG00000261569', 'lENSG00000261671', 'lENSG00000261697', 'lENSG00000261723', 'lENSG00000261729', 'lENSG00000261761', 'lENSG00000261838', 'lENSG00000261864', 'lENSG00000262151', 'lENSG00000262298', 'lENSG00000262434', 'lENSG00000262533', 'lENSG00000262652', 'lENSG00000262777', 'lENSG00000262815', 'lENSG00000263080', 'lENSG00000263257', 'lENSG00000263300', 'lENSG00000263321', 'lENSG00000263335', 'lENSG00000263417', 'lENSG00000263466', 'lENSG00000263585', 'lENSG00000263594', 'lENSG00000263618', 'lENSG00000263684', 'lENSG00000263709', 'lENSG00000263765', 'lENSG00000263847', 'lENSG00000263873', 'lENSG00000263952', 'lENSG00000263982', 'lENSG00000263986', 'lENSG00000264016', 'lENSG00000264023', 'lENSG00000264066', 'lENSG00000264107', 'lENSG00000264151', 'lENSG00000264254', 'lENSG00000264486', 'lENSG00000264513', 'lENSG00000264520', 'lENSG00000264558', 'lENSG00000264577', 'lENSG00000264595', 'lENSG00000264622', 'lENSG00000264734', 'lENSG00000264769', 'lENSG00000264825', 'lENSG00000264924', 'lENSG00000265125', 'lENSG00000265168', 'lENSG00000265265', 'lENSG00000265334', 'lENSG00000265359', 'lENSG00000265400', 'lENSG00000265443', 'lENSG00000265474', 'lENSG00000265554', 'lENSG00000265643', 'lENSG00000265728', 'lENSG00000265739', 'lENSG00000265743', 'lENSG00000265791', 'lENSG00000265840', 'lENSG00000265844', 'lENSG00000265845', 'lENSG00000265980', 'lENSG00000265987', 'lENSG00000265994', 'lENSG00000266102', 'lENSG00000266153', 'lENSG00000266311', 'lENSG00000266341', 'lENSG00000266368', 'lENSG00000266397', 'lENSG00000266535', 'lENSG00000266538', 'lENSG00000266541', 'lENSG00000266651', 'lENSG00000266696', 'lENSG00000266801', 'lENSG00000266839', 'lENSG00000266844', 'lENSG00000266877', 'lENSG00000266936', 'lENSG00000266985', 'lENSG00000266993', 'lENSG00000267000', 'lENSG00000267028', 'lENSG00000267057', 'lENSG00000267063', 'lENSG00000267225', 'lENSG00000267234', 'lENSG00000267255', 'lENSG00000267263', 'lENSG00000267274', 'lENSG00000267320', 'lENSG00000267341', 'lENSG00000267354', 'lENSG00000267364', 'lENSG00000267378', 'lENSG00000267387', 'lENSG00000267436', 'lENSG00000267437', 'lENSG00000267501', 'lENSG00000267543', 'lENSG00000267583', 'lENSG00000267593', 'lENSG00000267615', 'lENSG00000267617', 'lENSG00000267633', 'lENSG00000267638', 'lENSG00000267665', 'lENSG00000267711', 'lENSG00000267791', 'lENSG00000267838', 'lENSG00000267922', 'lENSG00000267980', 'lENSG00000268015', 'lENSG00000268049', 'lENSG00000268051', 'lENSG00000268069', 'lENSG00000268078', 'lENSG00000268203', 'lENSG00000268240', 'lENSG00000268289', 'lENSG00000268292', 'lENSG00000268296', 'lENSG00000268520', 'lENSG00000268605', 'lENSG00000268734', 'lENSG00000268743', 'lENSG00000268798', 'lENSG00000268833', 'lENSG00000268906', 'lENSG00000268981', 'lENSG00000269044', 'lENSG00000269085', 'lENSG00000269145', 'lENSG00000269191', 'lENSG00000269292', 'lENSG00000269321', 'lENSG00000269350', 'lENSG00000269495', 'lENSG00000269504', 'lENSG00000269578', 'lENSG00000269656', 'lENSG00000269802', 'lENSG00000269843', 'lENSG00000269867', 'lENSG00000269901', 'lENSG00000269950', 'lENSG00000269987', 'lENSG00000270082', 'lENSG00000270094', 'lENSG00000270108', 'lENSG00000270380', 'lENSG00000270726', 'lENSG00000270996', 'lENSG00000271032', 'lENSG00000271314', 'lENSG00000271579', 'lENSG00000271717', 'lENSG00000271763', 'lENSG00000271787', 'lENSG00000271833', 'lENSG00000271901', 'lENSG00000271936', 'lENSG00000271945', 'lENSG00000272027', 'lENSG00000272072', 'lENSG00000272149', 'lENSG00000272159', 'lENSG00000272338', 'lENSG00000272510', 'lENSG00000272540', 'lENSG00000272642', 'lENSG00000272661', 'lENSG00000272742', 'lENSG00000272810', 'lENSG00000272814', 'lENSG00000272995', 'lENSG00000273035', 'lENSG00000273110', 'lENSG00000273198', 'lENSG00000273226', 'lENSG00000273257', 'lENSG00000273271', 'lENSG00000273360', 'lENSG00000273449', 'lENSG00000273461', 'lENSG00000273485', 'lENSG00000273550', 'lENSG00000273568', 'lENSG00000273877', 'lENSG00000273919', 'lENSG00000274177', 'lENSG00000274227', 'lENSG00000274561', 'lENSG00000274624', 'lENSG00000274678', 'lENSG00000274737', 'lENSG00000274863', 'lENSG00000274893', 'lENSG00000275173', 'lENSG00000275345', 'lENSG00000275356', 'lENSG00000275401', 'lENSG00000275484', 'lENSG00000275576', 'lENSG00000275638', 'lENSG00000275871', 'lENSG00000275963', 'lENSG00000276054', 'lENSG00000276107', 'lENSG00000276266', 'lENSG00000276488', 'lENSG00000276527', 'lENSG00000276533', 'lENSG00000276668', 'lENSG00000276997', 'lENSG00000277173', 'lENSG00000277332', 'lENSG00000277639', 'lENSG00000278000', 'lENSG00000278013', 'lENSG00000278202', 'lENSG00000278351', 'lENSG00000278630', 'lENSG00000278766', 'lENSG00000278944', 'lENSG00000279088', 'lENSG00000279240', 'lENSG00000279484', 'lENSG00000279501', 'lENSG00000279623', 'lENSG00000279687', 'lENSG00000279751', 'lENSG00000279920', 'lENSG00000280206', 'lENSG00000280224', 'lENSG00000280455', 'lENSG00000280580', 'lENSG00000280703', 'lENSG00000280870', 'lENSG00000281021', 'lENSG00000281831', 'lENSG00000282478', 'lENSG00000282828', 'lENSG00000282950', 'lENSG00000283083', 'lENSG00000283286', 'lENSG00000283347', 'lENSG00000283457', 'lENSG00000283631', 'lENSG00000283766', 'lENSG00000283973', 'lENSG00000284376', 'lENSG00000284418', 'lENSG00000284500', 'lENSG00000284513', 'lENSG00000284699', 'lENSG00000284846', 'lENSG00000284994', 'lENSG00000285012', 'lENSG00000285117', 'lENSG00000285325', 'lENSG00000285354', 'lENSG00000285473', 'lENSG00000285518', 'lENSG00000285524', 'lENSG00000285550', 'lENSG00000285551', 'lENSG00000285619', 'lENSG00000285621', 'lENSG00000285654', 'lENSG00000285699', 'lENSG00000285709', 'lENSG00000285857', 'lENSG00000285861', 'lENSG00000285889', 'lENSG00000285954', 'lENSG00000285998', 'lENSG00000286002', 'lENSG00000286010', 'lENSG00000286018', 'lENSG00000286020', 'lENSG00000286050', 'lENSG00000286076', 'lENSG00000286089', 'lENSG00000286093', 'lENSG00000286101', 'lENSG00000286168', 'lENSG00000286188', 'lENSG00000286194', 'lENSG00000286197', 'lENSG00000286206', 'lENSG00000286244', 'lENSG00000286276', 'lENSG00000286303', 'lENSG00000286331', 'lENSG00000286333', 'lENSG00000286338', 'lENSG00000286357', 'lENSG00000286419', 'lENSG00000286430', 'lENSG00000286436', 'lENSG00000286453', 'lENSG00000286461', 'lENSG00000286474', 'lENSG00000286515', 'lENSG00000286565', 'lENSG00000286578', 'lENSG00000286584', 'lENSG00000286588', 'lENSG00000286598', 'lENSG00000286617', 'lENSG00000286639', 'lENSG00000286645', 'lENSG00000286670', 'lENSG00000286689', 'lENSG00000286690', 'lENSG00000286698', 'lENSG00000286715', 'lENSG00000286716', 'lENSG00000286722', 'lENSG00000286735', 'lENSG00000286738', 'lENSG00000286751', 'lENSG00000286759', 'lENSG00000286767', 'lENSG00000286770', 'lENSG00000286776', 'lENSG00000286781', 'lENSG00000286795', 'lENSG00000286803', 'lENSG00000286822', 'lENSG00000286838', 'lENSG00000286850', 'lENSG00000286887', 'lENSG00000286908', 'lENSG00000286963', 'lENSG00000287006', 'lENSG00000287020', 'lENSG00000287028', 'lENSG00000287030', 'lENSG00000287066', 'lENSG00000287094', 'lENSG00000287107', 'lENSG00000287108', 'lENSG00000287128', 'lENSG00000287155', 'lENSG00000287159', 'lENSG00000287191', 'lENSG00000287198', 'lENSG00000287202', 'lENSG00000287213', 'lENSG00000287236', 'lENSG00000287270', 'lENSG00000287285', 'lENSG00000287321', 'lENSG00000287335', 'lENSG00000287358', 'lENSG00000287359', 'lENSG00000287366', 'lENSG00000287367', 'lENSG00000287381', 'lENSG00000287423', 'lENSG00000287441', 'lENSG00000287451', 'lENSG00000287456', 'lENSG00000287462', 'lENSG00000287501', 'lENSG00000287511', 'lENSG00000287517', 'lENSG00000287518', 'lENSG00000287545', 'lENSG00000287550', 'lENSG00000287556', 'lENSG00000287587', 'lENSG00000287618', 'lENSG00000287660', 'lENSG00000287684', 'lENSG00000287687', 'lENSG00000287691', 'lENSG00000287704', 'lENSG00000211683', 'lENSG00000214955', 'lENSG00000223379', 'lENSG00000224884', 'lENSG00000225393', 'lENSG00000228538', 'lENSG00000229454', 'lENSG00000229458', 'lENSG00000230600', 'lENSG00000230649', 'lENSG00000231212', 'lENSG00000231616', 'lENSG00000232056', 'lENSG00000232636', 'lENSG00000233200', 'lENSG00000233987', 'lENSG00000234083', 'lENSG00000234810', 'lENSG00000234998', 'lENSG00000235337', 'lENSG00000235795', 'lENSG00000236453', 'lENSG00000239801', 'lENSG00000241792', 'lENSG00000242375', 'lENSG00000244620', 'lENSG00000247810', 'lENSG00000248359', 'lENSG00000248991', 'lENSG00000249159', 'lENSG00000250481', 'lENSG00000250567', 'lENSG00000250670', 'lENSG00000250686', 'lENSG00000250777', 'lENSG00000250948', 'lENSG00000251506', 'lENSG00000251654', 'lENSG00000253766', 'lENSG00000254306', 'lENSG00000254927', 'lENSG00000255279', 'lENSG00000255325', 'lENSG00000256686', 'lENSG00000257603', 'lENSG00000257715', 'lENSG00000257962', 'lENSG00000258088', 'lENSG00000258196', 'lENSG00000258386', 'lENSG00000258949', 'lENSG00000259123', 'lENSG00000259209', 'lENSG00000259222', 'lENSG00000259244', 'lENSG00000259255', 'lENSG00000259306', 'lENSG00000259407', 'lENSG00000260983', 'lENSG00000261193', 'lENSG00000261470', 'lENSG00000261775', 'lENSG00000264660', 'lENSG00000265174', 'lENSG00000266893', 'lENSG00000267081', 'lENSG00000267521', 'lENSG00000267581', 'lENSG00000269391', 'lENSG00000269460', 'lENSG00000272369', 'lENSG00000273138', 'lENSG00000273403', 'lENSG00000275232', 'lENSG00000279672', 'lENSG00000282887', 'lENSG00000286164', 'lENSG00000226032', 'lENSG00000235736', 'lENSG00000251613', 'lENSG00000263316', 'lENSG00000258631', 'lENSG00000260141', 'lENSG00000279472', 'lENSG00000272934', 'lENSG00000265556', 'lENSG00000271840', 'lENSG00000253701', 'lENSG00000281408', 'lENSG00000268166', 'lALG13-AS1', 'lDSCR8', 'lMIR145', 'lMIR24-2', 'lMIR3179-2', 'lACA64', 'lCDKN2B-AS']","[1.0, 1.0, 0.0, 1.0, 1.0, 0.0, 1.0, 0.0, 1.0, 1.0, 0.0, 0.0, 1.0, 0.0, 1.0, 0.0, 1.0, 0.0, 1.0, 1.0, 0.0, 0.0, 1.0, 1.0, 1.0, 1.0, 0.0, 1.0, 0.0, 1.0, 1.0, 1.0, 0.0, 0.0, 1.0, 1.0, 0.0, 1.0, 0.0, 1.0, 1.0, 0.0, 1.0, 0.0, 0.0, 0.0, 0.0, 0.0, 1.0, 1.0, 1.0, 1.0, 1.0, 0.0, 1.0, 0.0, 1.0, 1.0, 1.0, 0.0, 1.0, 1.0, 1.0, 0.0, 0.0, 1.0, 1.0, 1.0, 1.0, 1.0, 1.0, 0.0, 0.0, 0.0, 1.0, 0.0, 1.0, 1.0, 0.0, 0.0, 1.0, 1.0, 0.0, 1.0, 0.0, 1.0, 1.0, 1.0, 0.0, 1.0, 1.0, 1.0, 0.0, 0.0, 1.0, 0.0, 1.0, 1.0, 1.0, 0.0, 1.0, 1.0, 0.0, 0.0, 1.0, 1.0, 1.0, 0.0, 0.0, 1.0, 0.0, 0.0, 0.0, 1.0, 1.0, 1.0, 0.0, 1.0, 1.0, 1.0, 1.0, 1.0, 1.0, 1.0, 1.0, 0.0, 1.0, 0.0, 1.0, 0.0, 0.0, 0.0, 1.0, 0.0, 0.0, 0.0, 0.0, 1.0, 1.0, 0.0, 1.0, 1.0, 0.0, 1.0, 0.0, 1.0, 1.0, 0.0, 0.0, 1.0, 1.0, 1.0, 1.0, 1.0, 0.0, 0.0, 1.0, 1.0, 0.0, 1.0, 0.0, 0.0, 0.0, 1.0, 1.0, 0.0, 1.0, 0.0, 1.0, 0.0, 0.0, 0.0, 1.0, 0.0, 1.0, 0.0, 0.0, 1.0, 1.0, 1.0, 1.0, 0.0, 0.0, 1.0, 0.0, 0.0, 1.0, 1.0, 0.0, 0.0, 1.0, 0.0, 1.0, 1.0, 0.0, 1.0, 1.0, 0.0, 1.0, 1.0, 1.0, 0.0, 0.0, 0.0, 1.0, 1.0, 0.0, 1.0, 0.0, 1.0, 1.0, 0.0, 0.0, 0.0, 0.0, 0.0, 1.0, 0.0, 0.0, 1.0, 1.0, 0.0, 0.0, 0.0, 0.0, 0.0, 0.0, 1.0, 1.0, 1.0, 1.0, 0.0, 1.0, 1.0, 1.0, 0.0, 1.0, 0.0, 1.0, 1.0, 1.0, 1.0, 1.0, 1.0, 0.0, 0.0, 0.0, 0.0, 1.0, 0.0, 1.0, 0.0, 0.0, 0.0, 1.0, 0.0, 1.0, 1.0, 1.0, 0.0, 0.0, 0.0, 0.0, 1.0, 1.0, 1.0, 1.0, 1.0, 1.0, 1.0, 0.0, 0.0, 1.0, 0.0, 0.0, 1.0, 1.0, 1.0, 0.0, 1.0, 0.0, 1.0, 0.0, 0.0, 1.0, 1.0, 1.0, 0.0, 0.0, 1.0, 1.0, 1.0, 1.0, 0.0, 0.0, 0.0, 0.0, 0.0, 0.0, 0.0, 0.0, 1.0, 1.0, 1.0, 1.0, 0.0, 1.0, 1.0, 0.0, 1.0, 0.0, 0.0, 1.0, 0.0, 0.0, 1.0, 1.0, 1.0, 1.0, 1.0, 1.0, 0.0, 1.0, 1.0, 0.0, 0.0, 0.0, 1.0, 0.0, 1.0, 1.0, 0.0, 0.0, 0.0, 1.0, 0.0, 1.0, 1.0, 1.0, 0.0, 1.0, 0.0, 0.0, 0.0, 0.0, 1.0, 0.0, 1.0, 1.0, 1.0, 1.0, 0.0, 1.0, 0.0, 1.0, 0.0, 0.0, 1.0, 1.0, 0.0, 0.0, 0.0, 1.0, 1.0, 1.0, 1.0, 0.0, 0.0, 0.0, 1.0, 1.0, 0.0, 1.0, 0.0, 0.0, 0.0, 0.0, 0.0, 0.0, 1.0, 0.0, 0.0, 1.0, 1.0, 0.0, 0.0, 0.0, 0.0, 0.0, 1.0, 1.0, 0.0, 1.0, 0.0, 0.0, 0.0, 1.0, 1.0, 0.0, 0.0, 1.0, 0.0, 1.0, 1.0, 1.0, 0.0, 0.0, 0.0, 0.0, 1.0, 0.0, 0.0, 1.0, 0.0, 0.0, 0.0, 0.0, 1.0, 1.0, 0.0, 1.0, 1.0, 1.0, 0.0, 1.0, 0.0, 1.0, 1.0, 0.0, 1.0, 1.0, 0.0, 0.0, 0.0, 0.0, 1.0, 1.0, 1.0, 0.0, 1.0, 0.0, 1.0, 1.0, 0.0, 1.0, 0.0, 1.0, 1.0, 1.0, 0.0, 0.0, 1.0, 0.0, 1.0, 1.0, 1.0, 0.0, 1.0, 0.0, 1.0, 0.0, 1.0, 1.0, 0.0, 1.0, 1.0, 1.0, 0.0, 0.0, 1.0, 0.0, 1.0, 1.0, 0.0, 0.0, 0.0, 1.0, 1.0, 0.0, 0.0, 0.0, 1.0, 0.0, 1.0, 0.0, 0.0, 0.0, 1.0, 1.0, 0.0, 0.0, 1.0, 1.0, 1.0, 0.0, 0.0, 1.0, 0.0, 1.0, 0.0, 1.0, 0.0, 1.0, 0.0, 0.0, 0.0, 1.0, 1.0, 0.0, 1.0, 1.0, 0.0, 0.0, 1.0, 0.0, 0.0, 1.0, 1.0, 0.0, 0.0, 0.0, 1.0, 1.0, 1.0, 1.0, 0.0, 0.0, 0.0, 1.0, 1.0, 0.0, 1.0, 1.0, 0.0, 0.0, 1.0, 1.0, 1.0, 0.0, 0.0, 1.0, 1.0, 0.0, 1.0, 1.0, 0.0, 0.0, 1.0, 1.0, 1.0, 0.0, 0.0, 0.0, 0.0, 1.0, 0.0, 0.0, 1.0, 0.0, 0.0, 1.0, 0.0, 0.0, 1.0, 1.0, 0.0, 1.0, 0.0, 1.0, 0.0, 1.0, 1.0, 0.0, 0.0, 1.0, 1.0, 0.0, 1.0, 1.0, 0.0, 0.0, 0.0, 1.0, 0.0, 0.0, 0.0, 0.0, 1.0, 1.0, 1.0, 1.0, 1.0, 1.0, 0.0, 0.0, 0.0, 1.0, 1.0, 0.0, 0.0, 1.0, 0.0, 0.0, 0.0, 0.0, 1.0, 1.0, 1.0, 1.0, 1.0, 0.0, 0.0, 0.0, 1.0, 1.0, 0.0, 1.0, 0.0, 1.0, 1.0, 1.0, 1.0, 1.0, 1.0, 0.0, 0.0, 0.0, 1.0, 1.0, 1.0, 1.0, 1.0, 1.0, 0.0, 1.0, 1.0, 1.0, 0.0, 1.0, 1.0, 0.0, 1.0, 1.0, 0.0, 1.0, 0.0, 1.0, 1.0, 0.0, 0.0, 0.0, 0.0, 0.0, 1.0, 0.0, 1.0, 1.0, 0.0, 1.0, 1.0, 1.0, 0.0, 1.0, 1.0, 1.0, 1.0, 1.0, 0.0, 1.0, 0.0, 0.0, 0.0, 0.0, 1.0, 0.0, 1.0, 1.0, 1.0, 1.0, 0.0, 1.0, 0.0, 1.0, 1.0, 0.0, 1.0, 1.0, 0.0, 0.0, 1.0, 0.0, 0.0, 1.0, 0.0, 0.0, 1.0, 1.0, 0.0, 1.0, 0.0, 1.0, 0.0, 0.0, 0.0, 1.0, 0.0, 0.0, 0.0, 1.0, 0.0, 1.0, 1.0, 0.0, 0.0, 1.0, 0.0, 0.0, 1.0, 0.0, 0.0, 0.0, 0.0, 1.0, 0.0, 0.0, 0.0, 1.0, 1.0, 0.0, 0.0, 1.0, 1.0, 1.0, 1.0, 0.0, 0.0, 0.0, 0.0, 1.0, 1.0, 0.0, 0.0, 1.0, 0.0, 0.0, 1.0, 1.0, 0.0, 1.0, 1.0, 1.0, 0.0, 0.0, 1.0, 1.0, 1.0, 0.0, 0.0, 1.0, 0.0, 1.0, 0.0, 0.0, 0.0, 1.0, 0.0, 0.0, 1.0, 0.0, 1.0, 1.0, 0.0, 0.0, 1.0, 1.0, 1.0, 0.0, 1.0, 1.0, 0.0, 1.0, 0.0, 0.0, 1.0, 1.0, 1.0, 1.0, 1.0, 1.0, 1.0, 0.0, 0.0, 0.0, 0.0, 0.0, 1.0, 0.0, 1.0, 0.0, 1.0, 0.0, 1.0, 0.0, 1.0, 1.0, 0.0, 1.0, 0.0, 0.0, 0.0, 1.0, 1.0, 0.0, 1.0, 1.0, 1.0, 0.0, 0.0, 0.0, 1.0, 0.0, 0.0, 1.0, 1.0, 0.0, 1.0, 1.0, 0.0, 1.0, 0.0, 1.0, 0.0, 0.0, 0.0, 1.0, 1.0, 0.0, 0.0, 1.0, 0.0, 0.0, 0.0, 1.0, 1.0, 1.0, 0.0, 1.0, 1.0, 1.0, 1.0, 0.0, 1.0, 0.0, 0.0, 0.0, 0.0, 1.0, 1.0, 1.0, 1.0, 1.0, 0.0, 1.0, 0.0, 0.0, 0.0, 0.0, 0.0, 1.0, 0.0, 1.0, 1.0, 0.0, 1.0, 1.0, 0.0, 1.0, 0.0, 0.0, 0.0, 0.0, 0.0, 1.0, 0.0, 1.0, 0.0, 1.0, 0.0, 1.0, 0.0, 1.0, 1.0, 1.0, 1.0, 0.0, 0.0, 1.0, 0.0, 0.0, 0.0, 0.0, 1.0, 0.0, 0.0, 1.0, 0.0, 1.0, 0.0, 0.0, 0.0, 1.0, 1.0, 1.0, 0.0, 0.0, 0.0, 1.0, 0.0, 1.0, 1.0, 0.0, 0.0, 0.0, 1.0, 0.0, 1.0, 0.0, 0.0, 0.0, 1.0, 1.0, 0.0, 0.0, 1.0, 0.0, 1.0, 0.0, 0.0, 0.0, 1.0, 1.0, 0.0, 1.0, 0.0, 0.0, 1.0, 1.0, 1.0, 0.0, 0.0, 0.0, 0.0, 0.0, 1.0, 0.0, 0.0, 1.0, 1.0, 0.0, 0.0, 0.0, 0.0, 1.0, 0.0, 0.0, 0.0, 0.0, 0.0, 1.0, 1.0, 1.0, 1.0, 0.0, 1.0, 1.0, 1.0, 0.0, 0.0, 0.0, 0.0, 1.0, 0.0, 0.0, 0.0, 1.0, 0.0, 1.0, 0.0, 1.0, 0.0, 1.0, 0.0, 0.0, 0.0, 0.0, 1.0, 0.0, 1.0, 0.0, 0.0, 1.0, 0.0, 1.0, 0.0, 0.0, 0.0, 0.0, 1.0, 1.0, 1.0, 0.0, 0.0, 1.0, 0.0, 0.0, 1.0, 1.0, 1.0, 0.0, 0.0, 1.0, 0.0, 1.0, 0.0, 1.0, 0.0, 0.0, 1.0, 1.0, 1.0, 0.0, 1.0, 1.0, 0.0, 1.0, 1.0, 0.0, 0.0, 1.0, 1.0, 0.0, 0.0, 1.0, 1.0, 0.0, 0.0, 0.0, 1.0, 1.0, 1.0, 1.0, 0.0, 1.0, 0.0, 1.0, 1.0, 0.0, 0.0, 0.0, 1.0, 1.0, 1.0, 0.0, 0.0, 0.0, 1.0, 0.0, 1.0, 0.0, 0.0, 1.0, 1.0, 1.0, 1.0, 0.0, 1.0, 1.0, 1.0, 1.0, 1.0, 0.0, 0.0, 1.0, 1.0, 1.0, 0.0, 1.0, 0.0, 0.0, 0.0, 1.0, 0.0, 0.0, 1.0, 1.0, 1.0, 1.0, 1.0, 0.0, 1.0, 0.0, 0.0, 0.0, 0.0, 1.0, 1.0, 1.0, 1.0, 1.0, 0.0, 0.0, 1.0, 1.0, 0.0, 0.0, 0.0, 1.0, 1.0, 1.0, 1.0, 1.0, 0.0, 1.0, 0.0, 0.0, 1.0, 0.0, 0.0, 0.0, 0.0, 1.0, 0.0, 0.0, 1.0, 1.0, 0.0, 0.0, 1.0, 0.0, 1.0, 1.0, 1.0, 0.0, 0.0, 0.0, 1.0, 1.0, 1.0, 0.0, 1.0, 0.0, 1.0, 1.0, 0.0, 0.0, 1.0, 0.0, 1.0, 0.0, 0.0, 0.0, 0.0, 1.0, 0.0, 0.0, 0.0, 1.0, 1.0, 0.0, 1.0, 0.0, 0.0, 1.0, 1.0, 0.0, 0.0, 1.0, 0.0, 0.0, 1.0, 0.0, 1.0, 1.0, 0.0, 0.0, 0.0, 1.0, 0.0, 0.0, 1.0, 1.0, 1.0, 0.0, 1.0, 0.0, 1.0, 1.0, 0.0, 1.0, 0.0, 1.0, 1.0, 0.0, 1.0, 0.0, 0.0, 1.0, 1.0, 0.0, 1.0, 1.0, 1.0, 1.0, 1.0, 0.0, 0.0, 0.0, 0.0, 0.0, 0.0, 0.0, 0.0, 1.0, 1.0, 1.0, 1.0, 1.0, 0.0, 0.0, 0.0, 1.0, 0.0, 1.0, 1.0, 0.0, 0.0, 0.0, 1.0, 0.0, 0.0, 0.0, 0.0, 0.0, 0.0, 1.0, 1.0, 0.0, 0.0, 1.0, 0.0, 0.0, 1.0, 1.0, 0.0, 1.0, 0.0, 0.0, 1.0, 1.0, 1.0, 0.0, 1.0, 0.0, 0.0, 0.0, 1.0, 1.0, 0.0, 0.0, 1.0, 0.0, 0.0, 0.0, 1.0, 1.0, 0.0, 1.0, 0.0, 1.0, 1.0, 0.0, 0.0, 0.0, 1.0, 0.0, 1.0, 0.0, 0.0, 0.0, 1.0, 1.0, 0.0, 0.0, 0.0, 1.0, 0.0, 0.0, 0.0, 1.0, 0.0, 1.0, 0.0, 0.0, 1.0, 0.0, 0.0, 1.0, 0.0, 0.0, 1.0, 1.0, 0.0, 1.0, 1.0, 1.0, 0.0, 0.0, 1.0, 0.0, 0.0, 0.0, 0.0, 1.0, 0.0, 1.0, 0.0, 0.0, 0.0, 0.0, 1.0, 1.0, 1.0, 0.0, 0.0, 0.0, 0.0, 1.0, 0.0, 0.0, 1.0, 0.0, 0.0, 0.0, 0.0, 1.0, 1.0, 0.0, 0.0, 1.0, 0.0, 1.0, 0.0, 1.0, 1.0, 1.0, 0.0, 1.0, 1.0, 0.0, 1.0, 0.0, 0.0, 1.0, 0.0, 0.0, 1.0, 1.0, 1.0, 1.0, 0.0, 1.0, 0.0, 1.0, 1.0, 1.0, 1.0, 0.0, 1.0, 0.0, 0.0, 0.0, 0.0, 1.0, 0.0, 1.0, 0.0, 0.0, 1.0, 0.0, 1.0, 0.0, 1.0, 1.0, 1.0, 0.0, 1.0, 1.0, 0.0, 1.0, 0.0, 1.0, 1.0, 1.0, 1.0, 0.0, 1.0, 0.0, 1.0, 0.0, 1.0, 0.0, 0.0, 0.0, 0.0, 1.0, 1.0, 1.0, 1.0, 0.0, 1.0, 1.0, 1.0, 1.0, 1.0, 0.0, 1.0, 0.0, 1.0, 0.0, 0.0, 0.0, 1.0, 0.0, 1.0, 0.0, 0.0, 0.0, 0.0, 0.0, 0.0, 1.0, 1.0, 1.0, 0.0, 0.0, 0.0, 0.0, 0.0, 1.0, 1.0, 1.0, 0.0, 0.0, 1.0, 0.0, 1.0, 1.0, 0.0, 1.0, 0.0, 1.0, 0.0, 1.0, 1.0, 1.0, 1.0, 1.0, 1.0, 1.0, 1.0, 0.0, 0.0, 0.0, 1.0, 0.0, 0.0, 1.0, 1.0, 0.0, 1.0, 1.0, 0.0, 0.0, 0.0, 1.0, 1.0, 1.0, 0.0, 0.0, 1.0, 0.0, 0.0, 0.0, 0.0, 1.0, 0.0, 1.0, 1.0, 1.0, 1.0, 0.0, 0.0, 1.0, 1.0, 0.0, 0.0, 0.0, 1.0, 1.0, 0.0, 1.0, 1.0, 1.0, 0.0, 1.0, 0.0, 1.0, 1.0, 1.0, 1.0, 1.0, 1.0, 0.0, 0.0, 1.0, 1.0, 1.0, 0.0, 0.0, 1.0, 1.0, 1.0, 0.0, 1.0, 1.0, 0.0, 1.0, 0.0, 1.0, 0.0, 1.0, 0.0, 1.0, 0.0, 0.0, 1.0, 1.0, 1.0, 1.0, 0.0, 0.0, 0.0, 1.0, 0.0, 0.0, 0.0, 1.0, 1.0, 0.0, 0.0, 0.0, 0.0, 1.0, 1.0, 0.0, 1.0, 1.0, 1.0, 0.0, 1.0, 1.0, 0.0, 0.0, 0.0, 0.0, 1.0, 0.0, 1.0, 0.0, 0.0, 0.0, 0.0, 0.0, 0.0, 1.0, 1.0, 0.0, 0.0, 1.0, 0.0, 0.0, 1.0, 0.0, 1.0, 0.0, 0.0, 1.0, 1.0, 0.0, 1.0, 1.0, 1.0, 0.0, 0.0, 0.0, 0.0, 0.0, 1.0, 1.0, 1.0, 1.0, 0.0, 0.0, 0.0, 0.0, 1.0, 1.0, 0.0, 1.0, 1.0, 0.0, 0.0, 1.0, 1.0, 1.0, 1.0, 1.0, 1.0, 0.0, 1.0, 1.0, 0.0, 0.0, 0.0, 1.0, 1.0, 1.0, 0.0, 0.0, 1.0, 1.0, 0.0, 0.0, 1.0, 1.0, 0.0, 0.0, 0.0, 0.0, 1.0, 1.0, 0.0, 0.0, 0.0, 1.0, 1.0, 0.0, 0.0, 1.0, 0.0, 1.0, 0.0, 0.0, 0.0, 0.0, 0.0, 0.0, 0.0, 1.0, 0.0, 0.0, 0.0, 1.0, 1.0, 0.0, 0.0, 1.0, 1.0, 0.0, 0.0, 0.0, 1.0, 0.0, 1.0, 0.0, 0.0, 1.0, 1.0, 0.0, 0.0, 1.0, 1.0, 1.0, 1.0, 1.0, 0.0, 0.0, 1.0, 1.0, 0.0, 1.0, 0.0, 0.0, 1.0, 0.0, 1.0, 1.0, 0.0, 1.0, 1.0, 1.0, 0.0, 1.0, 1.0, 1.0, 0.0, 0.0, 1.0, 0.0, 0.0, 0.0, 1.0, 0.0, 0.0, 0.0, 1.0, 1.0, 1.0, 1.0, 0.0, 1.0, 0.0, 0.0, 0.0, 1.0, 0.0, 1.0, 1.0, 0.0, 1.0, 1.0, 1.0, 1.0, 0.0, 1.0, 0.0, 1.0, 1.0, 0.0, 0.0, 0.0, 1.0, 1.0, 1.0, 0.0, 0.0, 1.0, 1.0, 1.0, 0.0, 1.0, 0.0, 0.0, 1.0, 1.0, 1.0, 1.0, 1.0, 1.0, 1.0, 0.0, 0.0, 0.0, 0.0, 0.0, 0.0, 1.0, 1.0, 0.0, 1.0, 0.0, 1.0, 1.0, 0.0, 1.0, 1.0, 1.0, 0.0, 1.0, 0.0, 0.0, 0.0, 0.0, 0.0, 0.0, 0.0, 0.0, 1.0, 0.0, 0.0, 0.0, 1.0, 0.0, 0.0, 1.0, 1.0, 0.0, 1.0, 0.0, 1.0, 0.0, 0.0, 0.0, 1.0, 0.0, 0.0, 0.0, 1.0, 1.0, 0.0, 0.0, 0.0, 1.0, 0.0, 1.0, 0.0, 1.0, 0.0, 1.0, 0.0, 1.0, 1.0, 1.0, 0.0, 1.0, 0.0, 0.0, 0.0, 0.0, 0.0, 0.0, 0.0, 0.0, 0.0, 1.0, 0.0, 0.0, 0.0, 0.0, 1.0, 1.0, 1.0, 0.0, 1.0, 1.0, 1.0, 0.0, 0.0, 1.0, 1.0, 1.0, 1.0, 1.0, 0.0, 1.0, 1.0, 0.0, 0.0, 1.0, 1.0, 1.0, 1.0, 1.0, 1.0, 0.0, 0.0, 0.0, 1.0, 1.0, 1.0, 1.0, 1.0, 1.0, 0.0, 0.0, 0.0, 0.0, 0.0, 1.0, 0.0, 0.0, 0.0, 0.0, 1.0, 1.0, 0.0, 1.0, 0.0, 0.0, 1.0, 1.0, 0.0, 1.0, 1.0, 0.0, 1.0, 0.0, 1.0, 1.0, 1.0, 1.0, 0.0, 0.0, 0.0, 0.0, 0.0, 1.0, 1.0, 1.0, 0.0, 1.0, 0.0, 1.0, 1.0, 1.0, 0.0, 1.0, 0.0, 1.0, 1.0, 0.0, 1.0, 0.0, 0.0, 0.0, 0.0, 1.0, 0.0, 0.0, 0.0, 0.0, 1.0, 1.0, 0.0, 1.0, 0.0, 0.0, 0.0, 1.0, 1.0, 1.0, 1.0, 1.0, 1.0, 1.0, 0.0, 1.0, 0.0, 0.0, 1.0, 1.0, 0.0, 0.0, 0.0, 1.0, 1.0, 0.0, 0.0, 0.0, 0.0, 0.0, 0.0, 1.0, 1.0, 0.0, 1.0, 1.0, 1.0, 0.0, 0.0, 0.0, 1.0, 1.0, 1.0, 1.0, 1.0, 1.0, 1.0, 0.0, 1.0, 0.0, 0.0, 1.0, 1.0, 0.0, 0.0, 0.0, 0.0, 1.0, 0.0, 0.0, 0.0, 0.0, 0.0, 0.0, 0.0, 1.0, 0.0, 1.0, 1.0, 1.0, 0.0, 0.0, 0.0, 0.0, 1.0, 0.0, 1.0, 1.0, 1.0, 0.0, 0.0, 1.0, 0.0, 1.0, 0.0, 0.0, 1.0, 0.0, 1.0, 1.0, 1.0, 1.0, 1.0, 1.0, 1.0, 0.0, 0.0, 0.0, 0.0, 0.0, 1.0, 0.0, 1.0, 1.0, 1.0, 1.0, 1.0, 0.0, 1.0, 1.0, 0.0, 1.0, 0.0, 1.0, 0.0, 1.0, 0.0, 1.0, 1.0, 1.0, 1.0, 0.0, 1.0, 0.0, 1.0, 0.0, 0.0, 1.0, 0.0, 1.0, 0.0, 1.0, 0.0, 0.0, 0.0, 0.0, 1.0, 1.0, 1.0, 0.0, 0.0, 1.0, 0.0, 1.0, 1.0, 1.0, 0.0, 1.0, 0.0, 0.0, 0.0, 0.0, 1.0, 0.0, 0.0, 1.0, 0.0, 1.0, 0.0, 0.0, 0.0, 1.0, 0.0, 1.0, 1.0, 1.0, 1.0, 0.0, 1.0, 0.0, 0.0, 1.0, 0.0, 1.0, 0.0, 1.0, 1.0, 0.0, 0.0, 1.0, 1.0, 0.0, 1.0, 0.0, 0.0, 1.0, 1.0, 1.0, 0.0, 1.0, 1.0, 1.0, 1.0, 0.0, 0.0, 0.0, 0.0, 0.0, 1.0, 0.0, 0.0, 1.0, 1.0, 0.0, 1.0, 1.0, 1.0, 1.0, 0.0, 0.0, 0.0, 0.0, 0.0, 1.0, 1.0, 0.0, 0.0, 1.0, 1.0, 0.0, 0.0, 1.0, 0.0, 0.0, 1.0, 0.0, 1.0, 1.0, 1.0, 1.0, 1.0, 1.0, 0.0, 0.0, 1.0, 0.0, 1.0, 0.0, 1.0, 1.0, 1.0, 0.0, 1.0, 1.0, 0.0, 0.0, 0.0, 0.0, 0.0, 0.0, 1.0, 1.0, 1.0, 1.0, 0.0, 0.0, 1.0, 0.0, 1.0, 1.0, 0.0, 0.0, 0.0, 1.0, 1.0, 1.0, 0.0, 0.0, 0.0, 0.0, 1.0, 1.0, 0.0, 0.0, 1.0, 0.0, 0.0, 0.0, 1.0, 0.0, 0.0, 0.0, 1.0, 0.0, 0.0, 1.0, 1.0, 0.0, 1.0, 0.0, 0.0, 1.0, 0.0, 0.0, 1.0, 1.0, 1.0, 0.0, 1.0, 0.0, 1.0, 1.0, 1.0, 1.0, 1.0, 1.0, 0.0, 1.0, 0.0, 1.0, 0.0, 0.0, 1.0, 1.0, 1.0, 0.0, 1.0, 0.0, 1.0, 0.0, 1.0, 0.0, 0.0, 1.0, 1.0, 1.0, 0.0, 1.0, 0.0, 1.0, 1.0, 0.0, 0.0, 1.0, 0.0, 0.0, 1.0, 0.0, 1.0, 0.0, 1.0, 0.0, 1.0, 0.0, 0.0, 0.0, 1.0, 1.0, 1.0, 0.0, 1.0, 0.0, 0.0, 0.0, 1.0, 1.0, 0.0, 1.0, 0.0, 1.0, 0.0, 0.0, 0.0, 0.0, 1.0, 0.0, 0.0, 1.0, 0.0, 0.0, 0.0, 0.0, 1.0, 1.0, 1.0, 1.0, 0.0, 1.0, 1.0, 0.0, 1.0, 0.0, 0.0, 0.0, 0.0, 1.0, 1.0, 0.0, 0.0, 1.0, 0.0, 0.0, 1.0, 0.0, 1.0, 0.0, 0.0, 0.0, 1.0, 0.0, 0.0, 1.0, 0.0, 1.0, 0.0, 0.0, 1.0, 0.0, 0.0, 1.0, 1.0, 1.0, 1.0, 0.0, 0.0, 1.0, 1.0, 0.0, 1.0, 0.0, 0.0, 0.0, 1.0, 1.0, 0.0, 0.0, 1.0, 0.0, 1.0, 0.0, 1.0, 0.0, 0.0, 1.0, 0.0, 0.0, 1.0, 1.0, 1.0, 1.0, 0.0, 1.0, 1.0, 1.0, 0.0, 1.0, 0.0, 1.0, 0.0, 0.0, 1.0, 0.0, 1.0, 1.0, 1.0, 1.0, 0.0, 0.0, 0.0, 0.0, 0.0, 0.0, 1.0, 1.0, 1.0, 0.0, 0.0, 1.0, 0.0, 1.0, 0.0, 1.0, 0.0, 1.0, 0.0, 1.0, 1.0, 0.0, 0.0, 1.0, 0.0, 0.0, 0.0, 0.0, 1.0, 1.0, 0.0, 1.0, 1.0, 1.0, 0.0, 0.0, 1.0, 0.0, 0.0, 0.0, 1.0, 1.0, 1.0, 0.0, 0.0, 1.0, 0.0, 0.0, 1.0, 1.0, 1.0, 1.0, 1.0, 0.0, 0.0, 0.0, 1.0, 1.0, 0.0, 1.0, 0.0, 1.0, 0.0, 0.0, 0.0, 1.0, 1.0, 0.0, 1.0, 1.0, 0.0, 1.0, 1.0, 1.0, 0.0, 0.0, 0.0, 1.0, 0.0, 0.0, 1.0, 1.0, 1.0, 1.0, 1.0, 1.0, 1.0, 1.0, 0.0, 1.0, 1.0, 0.0, 0.0, 0.0, 1.0, 0.0, 1.0, 0.0, 0.0, 1.0, 1.0, 0.0, 1.0, 1.0, 1.0, 0.0, 1.0, 1.0, 0.0, 0.0, 0.0, 0.0, 1.0, 0.0, 1.0, 0.0, 0.0, 1.0, 1.0, 0.0, 1.0, 1.0, 1.0, 0.0, 0.0, 0.0, 1.0, 1.0, 1.0, 1.0, 0.0, 0.0, 1.0, 0.0, 0.0, 1.0, 0.0, 0.0, 1.0, 0.0, 0.0, 0.0, 0.0, 0.0, 1.0, 0.0, 0.0, 0.0, 0.0, 1.0, 0.0, 1.0, 1.0, 0.0, 1.0, 0.0, 1.0, 0.0, 0.0, 1.0, 1.0, 0.0, 1.0, 1.0, 0.0, 0.0, 0.0, 0.0, 1.0, 0.0, 0.0, 0.0, 0.0, 0.0, 1.0, 0.0, 0.0, 1.0, 1.0, 0.0, 0.0, 0.0, 0.0, 0.0, 1.0, 1.0, 0.0, 1.0, 0.0, 1.0, 1.0, 1.0, 1.0, 1.0, 0.0, 0.0, 0.0, 1.0, 1.0, 1.0, 0.0, 1.0, 0.0, 0.0, 0.0, 1.0, 0.0, 1.0, 0.0, 1.0, 0.0, 0.0, 1.0, 1.0, 1.0, 1.0, 0.0, 0.0, 0.0, 0.0, 1.0, 1.0, 1.0, 1.0, 0.0, 1.0, 1.0, 1.0, 0.0, 1.0, 1.0, 1.0, 0.0, 0.0, 1.0, 1.0, 0.0, 1.0, 1.0, 1.0, 1.0, 1.0, 0.0, 0.0, 1.0, 1.0, 1.0, 1.0, 1.0, 0.0, 0.0, 1.0, 1.0, 0.0, 1.0, 1.0, 0.0, 0.0, 0.0, 0.0, 1.0, 1.0, 1.0, 1.0, 0.0, 1.0, 1.0, 1.0, 1.0, 1.0, 1.0, 0.0, 1.0, 1.0, 0.0, 0.0, 0.0, 1.0, 1.0, 1.0, 0.0, 0.0, 0.0, 1.0, 1.0, 0.0, 1.0, 1.0, 1.0, 1.0, 0.0, 1.0, 0.0, 0.0, 1.0, 1.0, 0.0, 0.0, 0.0, 0.0, 1.0, 1.0, 1.0, 0.0, 0.0, 0.0, 1.0, 1.0, 0.0, 0.0, 1.0, 0.0, 1.0, 1.0, 0.0, 0.0, 1.0, 0.0, 0.0, 0.0, 1.0, 0.0, 0.0, 1.0, 0.0, 1.0, 1.0, 1.0, 0.0, 0.0, 0.0, 0.0, 0.0, 1.0, 1.0, 0.0, 0.0, 0.0, 0.0, 0.0, 1.0, 1.0, 0.0, 1.0, 1.0, 0.0, 0.0, 0.0, 0.0, 0.0, 1.0, 1.0, 1.0, 1.0, 1.0, 1.0, 1.0, 1.0, 0.0, 0.0, 0.0, 0.0, 1.0, 1.0, 1.0, 0.0, 1.0, 1.0, 1.0, 1.0, 1.0, 1.0, 1.0, 0.0, 1.0, 0.0, 0.0, 0.0, 0.0, 1.0, 1.0, 0.0, 0.0, 1.0, 1.0, 1.0, 0.0, 0.0, 1.0, 0.0, 0.0, 1.0, 0.0, 0.0, 1.0, 0.0, 0.0, 1.0, 0.0, 0.0, 0.0, 1.0, 1.0, 1.0, 0.0, 0.0, 1.0, 0.0, 1.0, 1.0, 1.0, 0.0, 1.0, 1.0, 0.0, 0.0, 0.0, 1.0, 0.0, 0.0, 0.0, 1.0, 1.0, 1.0, 0.0, 0.0, 0.0, 1.0, 0.0, 1.0, 1.0, 1.0, 0.0, 0.0, 0.0, 1.0, 0.0, 1.0, 0.0, 1.0, 1.0, 0.0, 1.0, 0.0, 1.0, 0.0, 1.0, 1.0, 0.0, 0.0, 0.0, 1.0, 1.0, 0.0, 0.0, 0.0, 0.0, 0.0, 0.0, 1.0, 1.0, 0.0, 0.0, 0.0, 1.0, 0.0, 1.0, 1.0, 0.0, 1.0, 0.0, 1.0, 0.0, 1.0, 0.0, 0.0, 0.0, 1.0, 1.0, 1.0, 0.0, 1.0, 1.0, 1.0, 0.0, 0.0, 0.0, 0.0, 1.0, 0.0, 0.0, 1.0, 0.0, 0.0, 1.0, 0.0, 1.0, 1.0, 0.0, 0.0, 0.0, 1.0, 0.0, 1.0, 0.0, 0.0, 0.0, 0.0, 1.0, 1.0]","['lNONHSAG000059', 'lNONHSAG000195', 'lNONHSAG000498', 'lNONHSAG001375', 'lNONHSAG001468', 'lNONHSAG002343', 'lNONHSAG002669', 'lNONHSAG003900', 'lNONHSAG006054', 'lNONHSAG006212', 'lNONHSAG006526', 'lNONHSAG007384', 'lNONHSAG007692', 'lNONHSAG008354', 'lNONHSAG008615', 'lNONHSAG008693', 'lNONHSAG009755', 'lNONHSAG010792', 'lNONHSAG011057', 'lNONHSAG011230', 'lNONHSAG011518', 'lNONHSAG011854', 'lNONHSAG012099', 'lNONHSAG012617', 'lNONHSAG012791', 'lNONHSAG013912', 'lNONHSAG014332', 'lNONHSAG014496', 'lNONHSAG014679', 'lNONHSAG015044', 'lNONHSAG015591', 'lNONHSAG015787', 'lNONHSAG016487', 'lNONHSAG016771', 'lNONHSAG017232', 'lNONHSAG017567', 'lNONHSAG018054', 'lNONHSAG018180', 'lNONHSAG018416', 'lNONHSAG018656', 'lNONHSAG018711', 'lNONHSAG019003', 'lNONHSAG019370', 'lNONHSAG019670', 'lNONHSAG020068', 'lNONHSAG020273', 'lNONHSAG020307', 'lNONHSAG020869', 'lNONHSAG021820', 'lNONHSAG022058', 'lNONHSAG022328', 'lNONHSAG022806', 'lNONHSAG022836', 'lNONHSAG022965', 'lNONHSAG022982', 'lNONHSAG023175', 'lNONHSAG023237', 'lNONHSAG023392', 'lNONHSAG023598', 'lNONHSAG024282', 'lNONHSAG024361', 'lNONHSAG024542', 'lNONHSAG024741', 'lNONHSAG026205', 'lNONHSAG026794', 'lNONHSAG027323', 'lNONHSAG027342', 'lNONHSAG027682', 'lNONHSAG027876', 'lNONHSAG028817', 'lNONHSAG028918', 'lNONHSAG029668', 'lNONHSAG029792', 'lNONHSAG029985', 'lNONHSAG030742', 'lNONHSAG031456', 'lNONHSAG033107', 'lNONHSAG033334', 'lNONHSAG033348', 'lNONHSAG033940', 'lNONHSAG034316', 'lNONHSAG036255', 'lNONHSAG036612', 'lNONHSAG036615', 'lNONHSAG037420', 'lNONHSAG037827', 'lNONHSAG037936', 'lNONHSAG038344', 'lNONHSAG038682', 'lNONHSAG039669', 'lNONHSAG040544', 'lNONHSAG040958', 'lNONHSAG041250', 'lNONHSAG041256', 'lNONHSAG041257', 'lNONHSAG041528', 'lNONHSAG041670', 'lNONHSAG041883', 'lNONHSAG041938', 'lNONHSAG042307', 'lNONHSAG044406', 'lNONHSAG044666', 'lNONHSAG046722', 'lNONHSAG047507', 'lNONHSAG047974', 'lNONHSAG048695', 'lNONHSAG049037', 'lNONHSAG049303', 'lNONHSAG050104', 'lNONHSAG050345', 'lNONHSAG050725', 'lNONHSAG051484', 'lNONHSAG051514', 'lNONHSAG051517', 'lNONHSAG051603', 'lNONHSAG052082', 'lNONHSAG052097', 'lNONHSAG052459', 'lNONHSAG052853', 'lNONHSAG052908', 'lNONHSAG052943', 'lNONHSAG055088', 'lNONHSAG055151', 'lNONHSAG055350', 'lNONHSAG057043', 'lNONHSAG057222', 'lNONHSAG058967', 'lNONHSAG064784', 'lNONHSAG065364', 'lNONHSAG066253', 'lNONHSAG069277', 'lNONHSAG091116', 'lNONHSAG096627', 'lNONHSAG101725', 'lNONHSAG104186', 'lENSG00000179523', 'lENSG00000225506', 'lENSG00000226115', 'lENSG00000229267', 'lENSG00000232415', 'lENSG00000235724', 'lENSG00000236240', 'lENSG00000236671', 'lENSG00000247498', 'lENSG00000255363', 'lENSG00000255850', 'lENSG00000260455', 'lENSG00000261183', 'lENSG00000272769', 'lGATA6-AS1', 'lRHPN1-AS1', 'lTEN1-CDK3', 'lVCAN-AS1', 'lZNF503-AS2', 'lAC135048.13', 'lAC137723.5', 'lAP001058.3', 'lRP11-467J12.4', 'lRP11-54O7.3', 'lRP11-680A11.5', 'lRP4-790G17.7', 'lRP11-429J17.8', 'lNONHSAG002619', 'lNONHSAG004893', 'lNONHSAG005522', 'lNONHSAG005769', 'lNONHSAG005867', 'lNONHSAG006187', 'lNONHSAG006206', 'lNONHSAG006220', 'lNONHSAG006235', 'lNONHSAG006279', 'lNONHSAG006555', 'lNONHSAG006669', 'lNONHSAG006897', 'lNONHSAG007203', 'lNONHSAG007278', 'lNONHSAG007286', 'lNONHSAG007507', 'lNONHSAG007554', 'lENSG00000175746', 'lENSG00000198671', 'lENSG00000203565', 'lENSG00000223387', 'lENSG00000224885', 'lENSG00000225218', 'lENSG00000225378', 'lENSG00000225798', 'lENSG00000226133', 'lENSG00000226562', 'lENSG00000226957', 'lENSG00000227409', 'lENSG00000227549', 'lENSG00000227579', 'lENSG00000227863', 'lENSG00000227893', 'lENSG00000228108', 'lENSG00000228136', 'lENSG00000228383', 'lENSG00000228596', 'lENSG00000228804', 'lENSG00000229283', 'lENSG00000229498', 'lENSG00000229531', 'lENSG00000229673', 'lENSG00000229851', 'lENSG00000230065', 'lENSG00000231492', 'lENSG00000231772', 'lENSG00000232363', 'lENSG00000232964', 'lENSG00000233178', 'lENSG00000233330', 'lENSG00000233953', 'lENSG00000234191', 'lENSG00000235059', 'lENSG00000235637', 'lENSG00000236031', 'lENSG00000236065', 'lENSG00000236267', 'lENSG00000236366', 'lENSG00000237373', 'lENSG00000237687', 'lENSG00000241666', 'lENSG00000243230', 'lENSG00000246541', 'lENSG00000248148', 'lENSG00000248482', 'lENSG00000248576', 'lENSG00000248758', 'lENSG00000248995', 'lENSG00000249753', 'lENSG00000250791', 'lENSG00000250855', 'lENSG00000250917', 'lENSG00000250945', 'lENSG00000253356', 'lENSG00000253834', 'lENSG00000254207', 'lENSG00000254526', 'lENSG00000254620', 'lENSG00000254627', 'lENSG00000254739', 'lENSG00000254775', 'lENSG00000254928', 'lENSG00000254930', 'lENSG00000255227', 'lENSG00000255327', 'lENSG00000255478', 'lENSG00000256314', 'lENSG00000257265', 'lENSG00000257271', 'lENSG00000259268', 'lENSG00000259503', 'lENSG00000259798', 'lENSG00000260017', 'lENSG00000260814', 'lENSG00000261633', 'lENSG00000261663', 'lENSG00000261695', 'lENSG00000261731', 'lENSG00000262692', 'lENSG00000262810', 'lENSG00000263237', 'lENSG00000263797', 'lENSG00000264116', 'lENSG00000264269', 'lENSG00000264546', 'lENSG00000265205', 'lENSG00000265625', 'lENSG00000265800', 'lENSG00000266981', 'lENSG00000267177', 'lENSG00000267286', 'lENSG00000267510', 'lENSG00000268191', 'lENSG00000268912', 'lENSG00000269621', 'lENSG00000269729', 'lENSG00000269826', 'lENSG00000270871', 'lENSG00000271218', 'lENSG00000271983', 'lENSG00000272575', 'lENSG00000272866', 'lENSG00000273275', 'lENSG00000273493', 'lENSG00000273838', 'lENSG00000277675', 'lENSG00000280881', 'lENSG00000283375', 'lENSG00000283436', 'lENSG00000283573', 'lENSG00000284608', 'lENSG00000285040', 'lENSG00000285409', 'lENSG00000285780', 'lENSG00000286242', 'lENSG00000286441', 'lENSG00000286581', 'lENSG00000286740', 'lENSG00000286820', 'lENSG00000286843', 'lENSG00000287005', 'lENSG00000287551', 'lENSG00000287664', 'lENSG00000223795', 'lENSG00000225836', 'lENSG00000228255', 'lENSG00000229628', 'lENSG00000229964', 'lENSG00000255644', 'lENSG00000259274', 'lENSG00000260511', 'lENSG00000261445', 'lENSG00000272304', 'lENSG00000273486', 'lENSG00000274902', 'lENSG00000278514', 'lENSG00000271870', 'lDGUOK-AS1', 'lMIR3654', 'lC3orf65']","[0.0, 1.0, 1.0, 0.0, 0.0, 0.0, 0.0, 1.0, 0.0, 1.0, 1.0, 0.0, 1.0, 0.0, 1.0, 1.0, 0.0, 1.0, 0.0, 1.0, 1.0, 1.0, 0.0, 1.0, 0.0, 1.0, 0.0, 1.0, 1.0, 1.0, 0.0, 1.0, 0.0, 1.0, 1.0, 0.0, 1.0, 0.0, 1.0, 0.0, 1.0, 0.0, 1.0, 1.0, 0.0, 1.0, 0.0, 1.0, 1.0, 1.0, 0.0, 0.0, 0.0, 0.0, 1.0, 0.0, 0.0, 0.0, 0.0, 0.0, 0.0, 1.0, 0.0, 1.0, 0.0, 0.0, 0.0, 0.0, 1.0, 1.0, 0.0, 1.0, 1.0, 1.0, 0.0, 1.0, 1.0, 1.0, 0.0, 0.0, 1.0, 0.0, 0.0, 0.0, 1.0, 0.0, 1.0, 0.0, 1.0, 0.0, 0.0, 0.0, 1.0, 0.0, 0.0, 1.0, 1.0, 0.0, 1.0, 1.0, 1.0, 1.0, 1.0, 0.0, 1.0, 1.0, 1.0, 0.0, 0.0, 1.0, 1.0, 0.0, 0.0, 1.0, 0.0, 1.0, 0.0, 1.0, 0.0, 1.0, 0.0, 0.0, 0.0, 1.0, 1.0, 0.0, 0.0, 0.0, 0.0, 1.0, 1.0, 0.0, 1.0, 0.0, 1.0, 1.0, 1.0, 0.0, 1.0, 1.0, 1.0, 1.0, 1.0, 1.0, 0.0, 0.0, 1.0, 0.0, 1.0, 0.0, 1.0, 0.0, 1.0, 1.0, 0.0, 0.0, 0.0, 1.0, 1.0, 1.0, 0.0, 1.0, 1.0, 0.0, 0.0, 0.0, 0.0, 1.0, 1.0, 0.0, 1.0, 1.0, 0.0, 0.0, 0.0, 1.0, 0.0, 0.0, 0.0, 1.0, 1.0, 0.0, 0.0, 0.0, 0.0, 1.0, 1.0, 1.0, 1.0, 0.0, 0.0, 0.0, 1.0, 0.0, 1.0, 1.0, 1.0, 1.0, 1.0, 0.0, 1.0, 0.0, 0.0, 1.0, 1.0, 1.0, 1.0, 0.0, 1.0, 1.0, 1.0, 1.0, 0.0, 1.0, 1.0, 1.0, 1.0, 1.0, 1.0, 1.0, 0.0, 1.0, 0.0, 0.0, 1.0, 1.0, 0.0, 1.0, 0.0, 0.0, 1.0, 1.0, 0.0, 1.0, 1.0, 0.0, 1.0, 0.0, 0.0, 1.0, 1.0, 1.0, 1.0, 1.0, 1.0, 1.0, 1.0, 1.0, 0.0, 1.0, 1.0, 0.0, 0.0, 1.0, 1.0, 1.0, 0.0, 1.0, 1.0, 1.0, 1.0, 1.0, 1.0, 0.0, 1.0, 1.0, 0.0, 0.0, 0.0, 1.0, 0.0, 1.0, 0.0, 0.0, 0.0, 1.0, 0.0, 0.0, 0.0, 1.0, 0.0, 1.0, 0.0, 0.0, 0.0, 1.0, 1.0, 1.0, 1.0, 1.0, 1.0, 1.0, 0.0, 1.0, 0.0, 1.0, 1.0, 0.0, 0.0, 0.0, 0.0, 0.0, 1.0, 0.0, 1.0, 0.0, 1.0, 1.0, 1.0, 0.0, 0.0, 0.0, 1.0, 0.0, 1.0, 0.0, 1.0, 0.0, 1.0, 0.0, 0.0, 0.0, 0.0]","[1, 0, 1, 0, 1, 1, 0, 0, 1, 0, 0, 1, 1, 0, 1, 1, 0, 1, 1, 1, 0, 0, 0, 1, 1, 1, 0, 0, 0, 0, 1, 1, 0, 0, 0, 0, 1, 1, 0, 0, 0, 1, 0, 1, 1, 1, 1, 1, 1, 1, 0, 1, 1, 0, 1, 0, 0, 1, 1, 0, 0, 0, 0, 1, 1, 0, 0, 1, 1, 1, 0, 1, 0, 0, 0, 0, 1, 1, 1, 0, 1, 1, 1, 0, 1, 0, 0, 0, 1, 0, 1, 1, 1, 1, 0, 1, 1, 1, 0, 1, 1, 0, 0, 0, 0, 0, 0, 0, 1, 0, 0, 0, 0, 0, 0, 1, 0, 1, 0, 0, 0, 0, 1, 0, 0, 1, 0, 1, 0, 0, 0, 1, 0, 1, 1, 1, 0, 0, 0, 1, 0, 0, 0, 1, 0, 0, 1, 0, 1, 0, 0, 1, 0, 0, 0, 1, 1, 0, 0, 0, 1, 0, 1, 1, 1, 1, 1, 1, 1, 0, 1, 0, 1, 1, 1, 1, 0, 1, 1, 1, 1, 0, 0, 1, 0, 1, 0, 1, 0, 0, 0, 0, 1, 0, 0, 0, 1, 1, 1, 1, 1, 1, 1, 0, 0, 1, 1, 1, 1, 1, 0, 1, 1, 0, 0, 1, 1, 0, 0, 1, 1, 0, 1, 0, 1, 0, 1, 1, 1, 0, 0, 0, 1, 1, 0, 0, 0, 1, 0, 0, 0, 0, 1, 0, 0, 0, 0, 1, 0, 0, 0, 1, 0, 0, 0, 1, 1, 0, 1, 0, 1, 1, 0, 1, 0, 1, 0, 1, 0, 1, 0, 0, 1, 0, 0, 1, 1, 0, 0, 1, 1, 0, 1, 1, 1, 1, 1, 0, 0, 0, 0, 0, 0, 0, 0, 1, 1, 1, 0, 1, 0, 0, 1, 0, 0, 1, 0, 0, 0, 0, 0, 1, 0, 1, 1, 0, 1, 0, 1, 0, 0, 1, 0]","[0.05896069125418649, -0.008189978182638419, 0.34600663257920083, -0.18837352267663451, 0.06136637897883526, 0.19647731779172453, -0.003182460884529198, -0.0014591686958420336, 0.15649075784771352, -0.21157054168395703, -0.20682670849038828, 0.19855459132596723, 0.12605475120978163, -0.0045451867673553525, 0.07943457911889154, 0.10321029876191437, -0.031184019808965208, 0.025150061576257904, 0.3609982430335562, 0.024240935439532124, -0.07329813666025428, -0.04749001270483097, -0.1862312125210119, 0.045179129868143236, 0.15029647330321153, 0.05504251619649361, -0.08496452555738074, -0.04020962898798583, -0.08602041785210554, -0.28950318821559295, 0.13424933920500529, 0.127709492307051, -0.09187660203790823, -0.07710970311951112, -0.0037051318520246734, -0.04558453434447049, 0.04760659171974482, 0.029927554186524735, -0.07149470735539151, -0.12608255521323916, -0.1874618544937869, 0.27921041346735254, -0.04900524935198433, 0.08481540494455311, 0.04406428794447928, 0.002001178328235903, 0.00043650788955432174, 0.04842429697203279, 0.08907611308370125, 0.16173071948807952, -0.09616198606433077, 0.05616543291718459, 0.012389149769024527, -0.023305890761529086, 0.01953060317614888, -0.06936889650216102, -0.1334062685176118, 0.034485368650113896, 0.031280643688339965, -0.3193737081488781, -0.08901533831952221, -0.13236559263488942, -0.08060201139810128, 0.11764476553573247, 0.006227389694344138, -0.16800408172460665, -0.10491446778780664, 0.1781769093004735, 0.1384051612173576, 0.1041778212231195, -0.14464186395626052, 0.2585937384736836, -0.24552522597905632, -0.39074599664011456, -0.14452606231287454, -0.12668194566871047, 0.2021027895079566, 0.08294393024805682, 0.012718008345729698, -0.06456061315662873, 0.016277991689481547, 0.01754427907491854, 0.029813113902873917, -0.2083416951194421, 0.048056292017999463, -0.41898868917253496, -0.12259211220709096, -0.108083754873012, 0.023995670869041225, -0.17193576316683565, 0.06149120074418171, 0.2135085524595415, 0.02657388759855464, 0.1456593380399618, -0.025978589951716397, 0.005504449372212311, 0.13034002275620507, 0.07728965571135407, -0.20036116525470613, 0.07164472307085859, 0.14584767263122347, -0.06777634884754377, -0.0016714093508607142, -0.09705351264402015, -0.02229316526772937, -0.16631515679178197, -0.1885666943331565, -0.038176518825693034, 0.08717723984791828, -0.1569309176267832, -0.17276028663220286, -0.22849996022835503, -0.2285937301016154, -0.02275279953001272, -0.23353560646238522, 0.00817412343998239, -0.0064725608116209254, 0.05265309385070907, -0.14596995277324362, -0.16563123795406318, -0.05770840336090163, -0.08600948986955645, 0.015890755414908614, -0.12555697713677835, -0.047955967645927106, 0.20154998438093832, -0.028549889395145217, 0.02042796412878703, -0.20765134130275406, -0.2881612464729708, -0.02395476825891693, 0.18986727593990985, -0.3948054417278286, 0.13706165585423682, 0.027532795023724327, 0.035423060839320036, -0.12311785417718754, -0.33272335014085486, -0.056395938348174884, 0.10254444469107707, -0.10285600337628528, -0.3603344128104877, -0.030277760888927502, 0.055204293160998646, -0.14495947604682088, -0.01743485367376449, 0.09545112327184382, -0.3077474488975327, 0.24900309122389078, -0.48211030608239835, -0.19429007078526125, 0.0021112447875306917, -0.026138448860435454, -0.08851059495168553, -0.1570809525832126, 0.08179957847075262, 0.07262633218213835, -0.026738557914757183, -0.04475458098256577, -0.15641357197598846, 0.11265542016528876, -0.12914724783826823, 0.08342583473595225, 0.1274356868258, 0.030008974522024473, 0.1017316347826556, 0.033805223200071205, 0.07323792772996843, 0.17801959908032153, -0.14865931813066544, 0.04688174509742907, -0.007597547886897232, 0.37135195163119006, 0.17813567642951725, 0.17208875252002612, 0.06602453680083345, -0.014136762979684442, 0.09703812700697448, 0.007473186286052674, 0.09483876366500923, 0.06958336871786333, -0.11979803723112312, -0.7441507710675255, 0.20227163906972948, -0.09857615113845039, 0.14714974897558467, -0.015114506175549297, 0.1880590816582355, -0.3197846589251838, -0.1206573092167482, -0.16825872776866888, -0.33396134613969886, 0.15034162802796416, -0.34263941428694755, -0.0930041543548061, -0.07720650763305656, 0.16186354367605496, 0.02698551098361815, 0.06486621124653949, 0.32004383850765716, 0.02153628824553991, 0.16326049523839695, 0.0002761620621119232, -0.060659806195429516, -0.35360348638175565, 0.005863596342147198, 0.07021239624967748, 0.009523739984687724, 0.11268577015382289, 0.10716935901406657, -0.4701395411756575, 0.02531175674945388, 0.17852450342276918, -0.029134649166912857, -0.17175935376510917, 0.04402293044190422, 0.21304221135078974, -0.10342597566686804, -0.14434344332716728, 0.3053132774275855, 0.04040338960700421, -0.2215347428345, 0.09721634197437393, -0.23120841984929205, 0.2061354872866681, -0.2142114917906814, 0.22984699213777862, 0.09319542828435015, 0.13381464183229122, -0.018582904178843423, -0.16221756444201027, -0.04573788080142435, 0.0477335688558618, 0.34322094151006843, -0.0691498363528826, -0.12135845627890982, -0.0536422524174964, 0.06717497349811488, -0.10689476976690868, -0.13514342835782564, -0.12214003076323962, -0.06710985671978317, 0.2178697619766308, -0.1059050955174092, -0.0704827046325098, -0.3002234431669246, -0.2382646097766352, 0.3693931106318631, -0.20154830917539687, -0.14286851569502398, -0.06015644430493225, 0.030170759641668515, -0.07995972097700196, -0.1742826886264288, -0.035723821191350175, 0.015851118217006716, 0.03417654175359422, -0.1851913808619787, 0.02455543538109975, -0.24255921525660293, 0.10333081338287656, 0.13587277970078485, -0.17405793938438194, 0.1656363720299752, -0.12351247886701097, 0.04191500113160343, -0.18581902900324263, 0.31426832776677815, -0.009019426475841835, 0.2057406899619212, -0.1601401608335504, -0.12267881591019611, 0.08241927341112579, -0.053925140494524654, -0.06658951466276417, 0.16623887377291105, 0.11615728853400345, -0.05663826030270577, -0.17743032111485155, 0.14904850123367622, 0.19590916134139993, -0.17725950826699075, 0.08617896629502189, 0.011157329518326514, 0.06769145558371406, 0.08238817854461258, 0.010849274258675462, -0.1938271870182164, -0.12636713706595867, -0.11413469699256759, -0.13118854362819096, -0.09922302105346967, -0.09583149901445129, -0.014866347335123126, -0.1522784547317879, 0.06250389304824847, 0.1671615200775938, 0.004063789987664795, -0.16815888142133792, 0.19598696289804332, -0.10888097207953981, -0.038374196005985545, 0.09029119486838069, -0.27904388657751666, -0.21123831249548017, 0.004511339878342319, -0.1778573816870159, -0.1660619302987387, -0.0631362897643177, -0.016386472123863544, -0.12605511078856077, 0.21724056180761434, -0.13200089599508333, 0.0868032215194853, 0.10680918450506852, -0.08766735082340757, 0.1357482594320876, -0.1259145429694903, 0.0241640551056366, -0.2015911527519609, -0.08927698948533755, 0.22170918422854105, -0.2120621175250552]"
7,"['lNONHSAG000008', 'lNONHSAG000047', 'lNONHSAG000059', 'lNONHSAG000069', 'lNONHSAG000130', 'lNONHSAG000158', 'lNONHSAG000195', 'lNONHSAG000241', 'lNONHSAG000253', 'lNONHSAG000310', 'lNONHSAG000374', 'lNONHSAG000381', 'lNONHSAG000464', 'lNONHSAG000484', 'lNONHSAG000498', 'lNONHSAG000579', 'lNONHSAG000584', 'lNONHSAG000603', 'lNONHSAG000625', 'lNONHSAG000742', 'lNONHSAG000769', 'lNONHSAG000840', 'lNONHSAG000843', 'lNONHSAG000884', 'lNONHSAG000918', 'lNONHSAG000938', 'lNONHSAG001142', 'lNONHSAG001172', 'lNONHSAG001238', 'lNONHSAG001247', 'lNONHSAG001259', 'lNONHSAG001278', 'lNONHSAG001284', 'lNONHSAG001360', 'lNONHSAG001375', 'lNONHSAG001448', 'lNONHSAG001468', 'lNONHSAG001499', 'lNONHSAG001696', 'lNONHSAG001724', 'lNONHSAG001773', 'lNONHSAG001837', 'lNONHSAG001941', 'lNONHSAG001993', 'lNONHSAG002056', 'lNONHSAG002058', 'lNONHSAG002086', 'lNONHSAG002134', 'lNONHSAG002135', 'lNONHSAG002343', 'lNONHSAG002376', 'lNONHSAG002378', 'lNONHSAG002454', 'lNONHSAG002490', 'lNONHSAG002549', 'lNONHSAG002617', 'lNONHSAG002669', 'lNONHSAG002701', 'lNONHSAG002719', 'lNONHSAG002731', 'lNONHSAG002752', 'lNONHSAG002859', 'lNONHSAG002883', 'lNONHSAG002978', 'lNONHSAG003053', 'lNONHSAG003056', 'lNONHSAG003068', 'lNONHSAG003077', 'lNONHSAG003119', 'lNONHSAG003134', 'lNONHSAG003156', 'lNONHSAG003198', 'lNONHSAG003244', 'lNONHSAG003260', 'lNONHSAG003269', 'lNONHSAG003374', 'lNONHSAG003504', 'lNONHSAG003505', 'lNONHSAG003512', 'lNONHSAG003645', 'lNONHSAG003820', 'lNONHSAG003874', 'lNONHSAG003884', 'lNONHSAG003886', 'lNONHSAG003900', 'lNONHSAG003911', 'lNONHSAG003912', 'lNONHSAG003957', 'lNONHSAG003976', 'lNONHSAG004026', 'lNONHSAG004054', 'lNONHSAG004095', 'lNONHSAG004303', 'lNONHSAG004305', 'lNONHSAG004373', 'lNONHSAG004619', 'lNONHSAG004673', 'lNONHSAG004714', 'lNONHSAG004743', 'lNONHSAG004779', 'lNONHSAG004868', 'lNONHSAG005084', 'lNONHSAG005153', 'lNONHSAG005339', 'lNONHSAG005377', 'lNONHSAG005403', 'lNONHSAG005482', 'lNONHSAG005669', 'lNONHSAG005699', 'lNONHSAG005711', 'lNONHSAG005721', 'lNONHSAG005728', 'lNONHSAG005732', 'lNONHSAG005742', 'lNONHSAG005780', 'lNONHSAG005866', 'lNONHSAG005920', 'lNONHSAG006049', 'lNONHSAG006050', 'lNONHSAG006054', 'lNONHSAG006071', 'lNONHSAG006163', 'lNONHSAG006204', 'lNONHSAG006212', 'lNONHSAG006238', 'lNONHSAG006301', 'lNONHSAG006341', 'lNONHSAG006362', 'lNONHSAG006454', 'lNONHSAG006457', 'lNONHSAG006474', 'lNONHSAG006477', 'lNONHSAG006526', 'lNONHSAG006633', 'lNONHSAG006735', 'lNONHSAG006756', 'lNONHSAG006763', 'lNONHSAG006772', 'lNONHSAG006865', 'lNONHSAG006945', 'lNONHSAG006966', 'lNONHSAG007109', 'lNONHSAG007295', 'lNONHSAG007324', 'lNONHSAG007384', 'lNONHSAG007430', 'lNONHSAG007431', 'lNONHSAG007434', 'lNONHSAG007455', 'lNONHSAG007487', 'lNONHSAG007538', 'lNONHSAG007631', 'lNONHSAG007692', 'lNONHSAG007708', 'lNONHSAG007868', 'lNONHSAG007961', 'lNONHSAG007983', 'lNONHSAG007984', 'lNONHSAG008015', 'lNONHSAG008037', 'lNONHSAG008056', 'lNONHSAG008167', 'lNONHSAG008199', 'lNONHSAG008354', 'lNONHSAG008517', 'lNONHSAG008540', 'lNONHSAG008552', 'lNONHSAG008589', 'lNONHSAG008615', 'lNONHSAG008654', 'lNONHSAG008670', 'lNONHSAG008675', 'lNONHSAG008693', 'lNONHSAG008726', 'lNONHSAG008728', 'lNONHSAG008759', 'lNONHSAG008859', 'lNONHSAG008937', 'lNONHSAG008952', 'lNONHSAG008966', 'lNONHSAG009021', 'lNONHSAG009039', 'lNONHSAG009059', 'lNONHSAG009062', 'lNONHSAG009124', 'lNONHSAG009130', 'lNONHSAG009133', 'lNONHSAG009134', 'lNONHSAG009174', 'lNONHSAG009180', 'lNONHSAG009193', 'lNONHSAG009228', 'lNONHSAG009544', 'lNONHSAG009546', 'lNONHSAG009613', 'lNONHSAG009636', 'lNONHSAG009747', 'lNONHSAG009755', 'lNONHSAG009757', 'lNONHSAG009782', 'lNONHSAG009913', 'lNONHSAG009938', 'lNONHSAG009945', 'lNONHSAG009950', 'lNONHSAG009968', 'lNONHSAG009989', 'lNONHSAG010021', 'lNONHSAG010117', 'lNONHSAG010179', 'lNONHSAG010184', 'lNONHSAG010186', 'lNONHSAG010189', 'lNONHSAG010190', 'lNONHSAG010193', 'lNONHSAG010194', 'lNONHSAG010200', 'lNONHSAG010352', 'lNONHSAG010405', 'lNONHSAG010416', 'lNONHSAG010543', 'lNONHSAG010657', 'lNONHSAG010658', 'lNONHSAG010716', 'lNONHSAG010792', 'lNONHSAG010798', 'lNONHSAG010940', 'lNONHSAG010986', 'lNONHSAG010989', 'lNONHSAG011028', 'lNONHSAG011057', 'lNONHSAG011070', 'lNONHSAG011084', 'lNONHSAG011086', 'lNONHSAG011090', 'lNONHSAG011121', 'lNONHSAG011125', 'lNONHSAG011211', 'lNONHSAG011230', 'lNONHSAG011264', 'lNONHSAG011337', 'lNONHSAG011343', 'lNONHSAG011375', 'lNONHSAG011439', 'lNONHSAG011446', 'lNONHSAG011518', 'lNONHSAG011524', 'lNONHSAG011576', 'lNONHSAG011633', 'lNONHSAG011658', 'lNONHSAG011790', 'lNONHSAG011854', 'lNONHSAG011870', 'lNONHSAG011935', 'lNONHSAG012076', 'lNONHSAG012077', 'lNONHSAG012099', 'lNONHSAG012297', 'lNONHSAG012303', 'lNONHSAG012339', 'lNONHSAG012367', 'lNONHSAG012375', 'lNONHSAG012423', 'lNONHSAG012476', 'lNONHSAG012534', 'lNONHSAG012540', 'lNONHSAG012549', 'lNONHSAG012555', 'lNONHSAG012594', 'lNONHSAG012614', 'lNONHSAG012617', 'lNONHSAG012751', 'lNONHSAG012791', 'lNONHSAG013060', 'lNONHSAG013095', 'lNONHSAG013098', 'lNONHSAG013109', 'lNONHSAG013388', 'lNONHSAG013431', 'lNONHSAG013475', 'lNONHSAG013515', 'lNONHSAG013534', 'lNONHSAG013568', 'lNONHSAG013708', 'lNONHSAG013730', 'lNONHSAG013790', 'lNONHSAG013809', 'lNONHSAG013912', 'lNONHSAG013917', 'lNONHSAG013942', 'lNONHSAG013944', 'lNONHSAG013946', 'lNONHSAG013954', 'lNONHSAG013992', 'lNONHSAG014098', 'lNONHSAG014112', 'lNONHSAG014130', 'lNONHSAG014267', 'lNONHSAG014289', 'lNONHSAG014332', 'lNONHSAG014362', 'lNONHSAG014372', 'lNONHSAG014496', 'lNONHSAG014546', 'lNONHSAG014562', 'lNONHSAG014591', 'lNONHSAG014672', 'lNONHSAG014679', 'lNONHSAG014730', 'lNONHSAG014890', 'lNONHSAG014891', 'lNONHSAG015044', 'lNONHSAG015163', 'lNONHSAG015234', 'lNONHSAG015352', 'lNONHSAG015417', 'lNONHSAG015461', 'lNONHSAG015505', 'lNONHSAG015591', 'lNONHSAG015623', 'lNONHSAG015692', 'lNONHSAG015723', 'lNONHSAG015787', 'lNONHSAG015788', 'lNONHSAG015961', 'lNONHSAG016068', 'lNONHSAG016118', 'lNONHSAG016199', 'lNONHSAG016307', 'lNONHSAG016395', 'lNONHSAG016403', 'lNONHSAG016487', 'lNONHSAG016576', 'lNONHSAG016611', 'lNONHSAG016618', 'lNONHSAG016623', 'lNONHSAG016733', 'lNONHSAG016741', 'lNONHSAG016749', 'lNONHSAG016771', 'lNONHSAG016822', 'lNONHSAG016893', 'lNONHSAG017020', 'lNONHSAG017060', 'lNONHSAG017232', 'lNONHSAG017238', 'lNONHSAG017254', 'lNONHSAG017282', 'lNONHSAG017288', 'lNONHSAG017344', 'lNONHSAG017347', 'lNONHSAG017349', 'lNONHSAG017376', 'lNONHSAG017379', 'lNONHSAG017417', 'lNONHSAG017486', 'lNONHSAG017504', 'lNONHSAG017567', 'lNONHSAG017666', 'lNONHSAG017767', 'lNONHSAG017783', 'lNONHSAG017882', 'lNONHSAG017890', 'lNONHSAG017899', 'lNONHSAG018053', 'lNONHSAG018054', 'lNONHSAG018058', 'lNONHSAG018110', 'lNONHSAG018180', 'lNONHSAG018203', 'lNONHSAG018236', 'lNONHSAG018313', 'lNONHSAG018326', 'lNONHSAG018341', 'lNONHSAG018344', 'lNONHSAG018372', 'lNONHSAG018374', 'lNONHSAG018414', 'lNONHSAG018415', 'lNONHSAG018416', 'lNONHSAG018417', 'lNONHSAG018420', 'lNONHSAG018461', 'lNONHSAG018530', 'lNONHSAG018586', 'lNONHSAG018635', 'lNONHSAG018656', 'lNONHSAG018659', 'lNONHSAG018707', 'lNONHSAG018709', 'lNONHSAG018711', 'lNONHSAG018829', 'lNONHSAG018889', 'lNONHSAG018903', 'lNONHSAG018980', 'lNONHSAG019003', 'lNONHSAG019012', 'lNONHSAG019014', 'lNONHSAG019021', 'lNONHSAG019023', 'lNONHSAG019031', 'lNONHSAG019049', 'lNONHSAG019051', 'lNONHSAG019079', 'lNONHSAG019090', 'lNONHSAG019134', 'lNONHSAG019158', 'lNONHSAG019221', 'lNONHSAG019270', 'lNONHSAG019332', 'lNONHSAG019370', 'lNONHSAG019439', 'lNONHSAG019493', 'lNONHSAG019569', 'lNONHSAG019667', 'lNONHSAG019670', 'lNONHSAG019767', 'lNONHSAG019813', 'lNONHSAG019814', 'lNONHSAG019848', 'lNONHSAG019852', 'lNONHSAG019878', 'lNONHSAG019898', 'lNONHSAG019967', 'lNONHSAG020053', 'lNONHSAG020066', 'lNONHSAG020068', 'lNONHSAG020075', 'lNONHSAG020091', 'lNONHSAG020107', 'lNONHSAG020153', 'lNONHSAG020155', 'lNONHSAG020218', 'lNONHSAG020223', 'lNONHSAG020252', 'lNONHSAG020259', 'lNONHSAG020260', 'lNONHSAG020273', 'lNONHSAG020277', 'lNONHSAG020278', 'lNONHSAG020281', 'lNONHSAG020304', 'lNONHSAG020307', 'lNONHSAG020312', 'lNONHSAG020321', 'lNONHSAG020325', 'lNONHSAG020339', 'lNONHSAG020361', 'lNONHSAG020367', 'lNONHSAG020372', 'lNONHSAG020374', 'lNONHSAG020382', 'lNONHSAG020403', 'lNONHSAG020474', 'lNONHSAG020476', 'lNONHSAG020600', 'lNONHSAG020616', 'lNONHSAG020729', 'lNONHSAG020731', 'lNONHSAG020755', 'lNONHSAG020759', 'lNONHSAG020760', 'lNONHSAG020762', 'lNONHSAG020771', 'lNONHSAG020869', 'lNONHSAG020957', 'lNONHSAG020990', 'lNONHSAG021042', 'lNONHSAG021072', 'lNONHSAG021307', 'lNONHSAG021309', 'lNONHSAG021315', 'lNONHSAG021342', 'lNONHSAG021347', 'lNONHSAG021390', 'lNONHSAG021400', 'lNONHSAG021408', 'lNONHSAG021431', 'lNONHSAG021432', 'lNONHSAG021433', 'lNONHSAG021471', 'lNONHSAG021557', 'lNONHSAG021566', 'lNONHSAG021567', 'lNONHSAG021584', 'lNONHSAG021638', 'lNONHSAG021641', 'lNONHSAG021698', 'lNONHSAG021760', 'lNONHSAG021780', 'lNONHSAG021820', 'lNONHSAG021846', 'lNONHSAG021874', 'lNONHSAG021878', 'lNONHSAG021882', 'lNONHSAG021893', 'lNONHSAG021909', 'lNONHSAG021976', 'lNONHSAG021981', 'lNONHSAG022009', 'lNONHSAG022030', 'lNONHSAG022058', 'lNONHSAG022078', 'lNONHSAG022088', 'lNONHSAG022094', 'lNONHSAG022103', 'lNONHSAG022110', 'lNONHSAG022125', 'lNONHSAG022127', 'lNONHSAG022162', 'lNONHSAG022311', 'lNONHSAG022327', 'lNONHSAG022328', 'lNONHSAG022335', 'lNONHSAG022339', 'lNONHSAG022378', 'lNONHSAG022495', 'lNONHSAG022510', 'lNONHSAG022551', 'lNONHSAG022579', 'lNONHSAG022595', 'lNONHSAG022597', 'lNONHSAG022690', 'lNONHSAG022743', 'lNONHSAG022750', 'lNONHSAG022806', 'lNONHSAG022836', 'lNONHSAG022845', 'lNONHSAG022851', 'lNONHSAG022888', 'lNONHSAG022893', 'lNONHSAG022965', 'lNONHSAG022972', 'lNONHSAG022980', 'lNONHSAG022982', 'lNONHSAG023003', 'lNONHSAG023049', 'lNONHSAG023051', 'lNONHSAG023073', 'lNONHSAG023175', 'lNONHSAG023237', 'lNONHSAG023375', 'lNONHSAG023392', 'lNONHSAG023494', 'lNONHSAG023512', 'lNONHSAG023553', 'lNONHSAG023598', 'lNONHSAG023607', 'lNONHSAG023614', 'lNONHSAG023630', 'lNONHSAG023633', 'lNONHSAG023635', 'lNONHSAG023661', 'lNONHSAG023668', 'lNONHSAG023740', 'lNONHSAG023837', 'lNONHSAG023864', 'lNONHSAG023885', 'lNONHSAG023888', 'lNONHSAG023930', 'lNONHSAG023964', 'lNONHSAG024117', 'lNONHSAG024146', 'lNONHSAG024171', 'lNONHSAG024224', 'lNONHSAG024244', 'lNONHSAG024282', 'lNONHSAG024340', 'lNONHSAG024341', 'lNONHSAG024354', 'lNONHSAG024361', 'lNONHSAG024362', 'lNONHSAG024364', 'lNONHSAG024381', 'lNONHSAG024391', 'lNONHSAG024393', 'lNONHSAG024395', 'lNONHSAG024428', 'lNONHSAG024540', 'lNONHSAG024542', 'lNONHSAG024637', 'lNONHSAG024668', 'lNONHSAG024671', 'lNONHSAG024676', 'lNONHSAG024681', 'lNONHSAG024741', 'lNONHSAG024809', 'lNONHSAG024810', 'lNONHSAG024818', 'lNONHSAG024826', 'lNONHSAG024903', 'lNONHSAG024905', 'lNONHSAG024908', 'lNONHSAG024913', 'lNONHSAG024921', 'lNONHSAG024923', 'lNONHSAG024925', 'lNONHSAG024979', 'lNONHSAG025011', 'lNONHSAG025135', 'lNONHSAG025137', 'lNONHSAG025157', 'lNONHSAG025185', 'lNONHSAG025319', 'lNONHSAG025352', 'lNONHSAG025483', 'lNONHSAG025485', 'lNONHSAG025609', 'lNONHSAG025712', 'lNONHSAG025743', 'lNONHSAG025744', 'lNONHSAG025867', 'lNONHSAG025907', 'lNONHSAG025934', 'lNONHSAG025939', 'lNONHSAG025964', 'lNONHSAG025997', 'lNONHSAG026053', 'lNONHSAG026089', 'lNONHSAG026091', 'lNONHSAG026103', 'lNONHSAG026153', 'lNONHSAG026176', 'lNONHSAG026205', 'lNONHSAG026274', 'lNONHSAG026364', 'lNONHSAG026386', 'lNONHSAG026575', 'lNONHSAG026599', 'lNONHSAG026631', 'lNONHSAG026661', 'lNONHSAG026720', 'lNONHSAG026721', 'lNONHSAG026737', 'lNONHSAG026743', 'lNONHSAG026781', 'lNONHSAG026794', 'lNONHSAG026852', 'lNONHSAG026854', 'lNONHSAG026856', 'lNONHSAG027017', 'lNONHSAG027110', 'lNONHSAG027276', 'lNONHSAG027278', 'lNONHSAG027323', 'lNONHSAG027342', 'lNONHSAG027374', 'lNONHSAG027421', 'lNONHSAG027482', 'lNONHSAG027618', 'lNONHSAG027675', 'lNONHSAG027682', 'lNONHSAG027692', 'lNONHSAG027709', 'lNONHSAG027837', 'lNONHSAG027874', 'lNONHSAG027876', 'lNONHSAG028093', 'lNONHSAG028112', 'lNONHSAG028141', 'lNONHSAG028142', 'lNONHSAG028159', 'lNONHSAG028403', 'lNONHSAG028713', 'lNONHSAG028720', 'lNONHSAG028817', 'lNONHSAG028857', 'lNONHSAG028870', 'lNONHSAG028913', 'lNONHSAG028918', 'lNONHSAG028948', 'lNONHSAG028996', 'lNONHSAG029033', 'lNONHSAG029124', 'lNONHSAG029267', 'lNONHSAG029312', 'lNONHSAG029336', 'lNONHSAG029467', 'lNONHSAG029668', 'lNONHSAG029792', 'lNONHSAG029830', 'lNONHSAG029873', 'lNONHSAG029880', 'lNONHSAG029933', 'lNONHSAG029957', 'lNONHSAG029959', 'lNONHSAG029960', 'lNONHSAG029961', 'lNONHSAG029962', 'lNONHSAG029964', 'lNONHSAG029965', 'lNONHSAG029985', 'lNONHSAG030074', 'lNONHSAG030113', 'lNONHSAG030129', 'lNONHSAG030244', 'lNONHSAG030278', 'lNONHSAG030279', 'lNONHSAG030304', 'lNONHSAG030333', 'lNONHSAG030410', 'lNONHSAG030440', 'lNONHSAG030487', 'lNONHSAG030516', 'lNONHSAG030525', 'lNONHSAG030582', 'lNONHSAG030738', 'lNONHSAG030739', 'lNONHSAG030742', 'lNONHSAG031025', 'lNONHSAG031035', 'lNONHSAG031261', 'lNONHSAG031385', 'lNONHSAG031452', 'lNONHSAG031453', 'lNONHSAG031456', 'lNONHSAG031481', 'lNONHSAG031563', 'lNONHSAG031565', 'lNONHSAG031581', 'lNONHSAG031584', 'lNONHSAG031636', 'lNONHSAG031696', 'lNONHSAG031853', 'lNONHSAG031900', 'lNONHSAG031913', 'lNONHSAG031991', 'lNONHSAG032063', 'lNONHSAG032247', 'lNONHSAG032267', 'lNONHSAG032297', 'lNONHSAG032302', 'lNONHSAG032309', 'lNONHSAG032537', 'lNONHSAG032560', 'lNONHSAG032664', 'lNONHSAG032682', 'lNONHSAG032724', 'lNONHSAG032735', 'lNONHSAG032748', 'lNONHSAG032750', 'lNONHSAG033027', 'lNONHSAG033061', 'lNONHSAG033100', 'lNONHSAG033105', 'lNONHSAG033107', 'lNONHSAG033121', 'lNONHSAG033168', 'lNONHSAG033216', 'lNONHSAG033254', 'lNONHSAG033266', 'lNONHSAG033328', 'lNONHSAG033334', 'lNONHSAG033342', 'lNONHSAG033348', 'lNONHSAG033368', 'lNONHSAG033386', 'lNONHSAG033390', 'lNONHSAG033435', 'lNONHSAG033471', 'lNONHSAG033480', 'lNONHSAG033528', 'lNONHSAG033589', 'lNONHSAG033611', 'lNONHSAG033645', 'lNONHSAG033691', 'lNONHSAG033716', 'lNONHSAG033735', 'lNONHSAG033748', 'lNONHSAG033810', 'lNONHSAG033862', 'lNONHSAG033896', 'lNONHSAG033898', 'lNONHSAG033899', 'lNONHSAG033940', 'lNONHSAG034006', 'lNONHSAG034014', 'lNONHSAG034021', 'lNONHSAG034032', 'lNONHSAG034217', 'lNONHSAG034316', 'lNONHSAG034417', 'lNONHSAG034418', 'lNONHSAG034492', 'lNONHSAG034508', 'lNONHSAG034527', 'lNONHSAG034676', 'lNONHSAG034678', 'lNONHSAG034801', 'lNONHSAG034845', 'lNONHSAG034935', 'lNONHSAG034973', 'lNONHSAG035096', 'lNONHSAG035103', 'lNONHSAG035262', 'lNONHSAG035287', 'lNONHSAG035382', 'lNONHSAG035456', 'lNONHSAG035531', 'lNONHSAG035806', 'lNONHSAG035914', 'lNONHSAG035916', 'lNONHSAG035919', 'lNONHSAG035923', 'lNONHSAG036047', 'lNONHSAG036054', 'lNONHSAG036115', 'lNONHSAG036120', 'lNONHSAG036255', 'lNONHSAG036263', 'lNONHSAG036273', 'lNONHSAG036403', 'lNONHSAG036407', 'lNONHSAG036412', 'lNONHSAG036413', 'lNONHSAG036612', 'lNONHSAG036615', 'lNONHSAG036667', 'lNONHSAG036718', 'lNONHSAG036783', 'lNONHSAG036866', 'lNONHSAG036922', 'lNONHSAG036926', 'lNONHSAG037025', 'lNONHSAG037061', 'lNONHSAG037072', 'lNONHSAG037073', 'lNONHSAG037083', 'lNONHSAG037096', 'lNONHSAG037137', 'lNONHSAG037164', 'lNONHSAG037241', 'lNONHSAG037348', 'lNONHSAG037420', 'lNONHSAG037827', 'lNONHSAG037891', 'lNONHSAG037936', 'lNONHSAG037946', 'lNONHSAG038001', 'lNONHSAG038024', 'lNONHSAG038162', 'lNONHSAG038343', 'lNONHSAG038344', 'lNONHSAG038397', 'lNONHSAG038502', 'lNONHSAG038530', 'lNONHSAG038561', 'lNONHSAG038578', 'lNONHSAG038663', 'lNONHSAG038675', 'lNONHSAG038676', 'lNONHSAG038682', 'lNONHSAG039038', 'lNONHSAG039293', 'lNONHSAG039295', 'lNONHSAG039319', 'lNONHSAG039617', 'lNONHSAG039634', 'lNONHSAG039637', 'lNONHSAG039654', 'lNONHSAG039664', 'lNONHSAG039669', 'lNONHSAG039749', 'lNONHSAG040179', 'lNONHSAG040188', 'lNONHSAG040226', 'lNONHSAG040241', 'lNONHSAG040269', 'lNONHSAG040320', 'lNONHSAG040329', 'lNONHSAG040408', 'lNONHSAG040444', 'lNONHSAG040481', 'lNONHSAG040542', 'lNONHSAG040544', 'lNONHSAG040560', 'lNONHSAG040601', 'lNONHSAG040700', 'lNONHSAG040729', 'lNONHSAG040804', 'lNONHSAG040859', 'lNONHSAG040870', 'lNONHSAG040909', 'lNONHSAG040945', 'lNONHSAG040958', 'lNONHSAG040969', 'lNONHSAG040976', 'lNONHSAG041002', 'lNONHSAG041017', 'lNONHSAG041023', 'lNONHSAG041241', 'lNONHSAG041250', 'lNONHSAG041256', 'lNONHSAG041257', 'lNONHSAG041528', 'lNONHSAG041529', 'lNONHSAG041670', 'lNONHSAG041716', 'lNONHSAG041758', 'lNONHSAG041844', 'lNONHSAG041883', 'lNONHSAG041938', 'lNONHSAG041966', 'lNONHSAG041981', 'lNONHSAG042033', 'lNONHSAG042050', 'lNONHSAG042062', 'lNONHSAG042080', 'lNONHSAG042132', 'lNONHSAG042218', 'lNONHSAG042257', 'lNONHSAG042270', 'lNONHSAG042306', 'lNONHSAG042307', 'lNONHSAG042370', 'lNONHSAG042433', 'lNONHSAG042476', 'lNONHSAG042491', 'lNONHSAG042500', 'lNONHSAG042724', 'lNONHSAG042836', 'lNONHSAG042855', 'lNONHSAG042957', 'lNONHSAG042966', 'lNONHSAG042970', 'lNONHSAG042991', 'lNONHSAG043138', 'lNONHSAG043159', 'lNONHSAG043229', 'lNONHSAG043250', 'lNONHSAG043303', 'lNONHSAG043433', 'lNONHSAG043550', 'lNONHSAG043592', 'lNONHSAG043625', 'lNONHSAG043657', 'lNONHSAG043770', 'lNONHSAG043851', 'lNONHSAG043934', 'lNONHSAG044022', 'lNONHSAG044041', 'lNONHSAG044064', 'lNONHSAG044283', 'lNONHSAG044350', 'lNONHSAG044406', 'lNONHSAG044533', 'lNONHSAG044624', 'lNONHSAG044666', 'lNONHSAG044709', 'lNONHSAG044751', 'lNONHSAG045131', 'lNONHSAG045160', 'lNONHSAG045163', 'lNONHSAG045166', 'lNONHSAG045306', 'lNONHSAG045383', 'lNONHSAG045430', 'lNONHSAG046722', 'lNONHSAG046730', 'lNONHSAG046765', 'lNONHSAG046781', 'lNONHSAG046811', 'lNONHSAG046839', 'lNONHSAG046953', 'lNONHSAG047182', 'lNONHSAG047191', 'lNONHSAG047197', 'lNONHSAG047260', 'lNONHSAG047319', 'lNONHSAG047433', 'lNONHSAG047469', 'lNONHSAG047471', 'lNONHSAG047507', 'lNONHSAG047543', 'lNONHSAG047544', 'lNONHSAG047547', 'lNONHSAG047619', 'lNONHSAG047620', 'lNONHSAG047725', 'lNONHSAG047792', 'lNONHSAG047796', 'lNONHSAG047830', 'lNONHSAG047840', 'lNONHSAG047842', 'lNONHSAG047851', 'lNONHSAG047951', 'lNONHSAG047973', 'lNONHSAG047974', 'lNONHSAG048101', 'lNONHSAG048114', 'lNONHSAG048189', 'lNONHSAG048191', 'lNONHSAG048201', 'lNONHSAG048228', 'lNONHSAG048231', 'lNONHSAG048270', 'lNONHSAG048302', 'lNONHSAG048323', 'lNONHSAG048354', 'lNONHSAG048439', 'lNONHSAG048464', 'lNONHSAG048598', 'lNONHSAG048602', 'lNONHSAG048603', 'lNONHSAG048610', 'lNONHSAG048624', 'lNONHSAG048626', 'lNONHSAG048682', 'lNONHSAG048695', 'lNONHSAG048781', 'lNONHSAG049037', 'lNONHSAG049050', 'lNONHSAG049051', 'lNONHSAG049119', 'lNONHSAG049129', 'lNONHSAG049157', 'lNONHSAG049185', 'lNONHSAG049191', 'lNONHSAG049303', 'lNONHSAG049356', 'lNONHSAG049421', 'lNONHSAG049507', 'lNONHSAG049626', 'lNONHSAG049655', 'lNONHSAG049754', 'lNONHSAG049801', 'lNONHSAG049901', 'lNONHSAG050073', 'lNONHSAG050104', 'lNONHSAG050167', 'lNONHSAG050168', 'lNONHSAG050272', 'lNONHSAG050273', 'lNONHSAG050284', 'lNONHSAG050345', 'lNONHSAG050423', 'lNONHSAG050445', 'lNONHSAG050493', 'lNONHSAG050518', 'lNONHSAG050670', 'lNONHSAG050725', 'lNONHSAG050769', 'lNONHSAG050786', 'lNONHSAG050815', 'lNONHSAG050929', 'lNONHSAG050985', 'lNONHSAG051010', 'lNONHSAG051015', 'lNONHSAG051166', 'lNONHSAG051196', 'lNONHSAG051245', 'lNONHSAG051250', 'lNONHSAG051255', 'lNONHSAG051259', 'lNONHSAG051260', 'lNONHSAG051263', 'lNONHSAG051266', 'lNONHSAG051291', 'lNONHSAG051448', 'lNONHSAG051454', 'lNONHSAG051484', 'lNONHSAG051514', 'lNONHSAG051517', 'lNONHSAG051523', 'lNONHSAG051542', 'lNONHSAG051567', 'lNONHSAG051568', 'lNONHSAG051603', 'lNONHSAG051898', 'lNONHSAG051958', 'lNONHSAG052046', 'lNONHSAG052082', 'lNONHSAG052097', 'lNONHSAG052119', 'lNONHSAG052149', 'lNONHSAG052151', 'lNONHSAG052179', 'lNONHSAG052454', 'lNONHSAG052459', 'lNONHSAG052491', 'lNONHSAG052492', 'lNONHSAG052495', 'lNONHSAG052510', 'lNONHSAG052511', 'lNONHSAG052609', 'lNONHSAG052680', 'lNONHSAG052686', 'lNONHSAG052709', 'lNONHSAG052726', 'lNONHSAG052853', 'lNONHSAG052908', 'lNONHSAG052925', 'lNONHSAG052929', 'lNONHSAG052931', 'lNONHSAG052933', 'lNONHSAG052943', 'lNONHSAG053007', 'lNONHSAG053082', 'lNONHSAG053108', 'lNONHSAG053162', 'lNONHSAG053228', 'lNONHSAG053419', 'lNONHSAG053456', 'lNONHSAG053499', 'lNONHSAG053500', 'lNONHSAG053502', 'lNONHSAG053546', 'lNONHSAG053547', 'lNONHSAG053590', 'lNONHSAG053602', 'lNONHSAG053626', 'lNONHSAG053631', 'lNONHSAG053651', 'lNONHSAG053716', 'lNONHSAG053719', 'lNONHSAG053748', 'lNONHSAG053802', 'lNONHSAG053842', 'lNONHSAG054024', 'lNONHSAG054038', 'lNONHSAG054212', 'lNONHSAG054213', 'lNONHSAG054214', 'lNONHSAG054215', 'lNONHSAG054216', 'lNONHSAG054301', 'lNONHSAG054360', 'lNONHSAG054432', 'lNONHSAG054699', 'lNONHSAG054716', 'lNONHSAG054717', 'lNONHSAG054718', 'lNONHSAG054780', 'lNONHSAG054791', 'lNONHSAG054807', 'lNONHSAG054832', 'lNONHSAG055008', 'lNONHSAG055088', 'lNONHSAG055092', 'lNONHSAG055151', 'lNONHSAG055350', 'lNONHSAG055418', 'lNONHSAG055450', 'lNONHSAG055546', 'lNONHSAG055558', 'lNONHSAG055565', 'lNONHSAG055577', 'lNONHSAG055582', 'lNONHSAG056025', 'lNONHSAG056029', 'lNONHSAG056053', 'lNONHSAG056451', 'lNONHSAG056733', 'lNONHSAG056746', 'lNONHSAG056868', 'lNONHSAG056875', 'lNONHSAG057043', 'lNONHSAG057222', 'lNONHSAG057260', 'lNONHSAG058006', 'lNONHSAG058109', 'lNONHSAG058112', 'lNONHSAG058118', 'lNONHSAG058128', 'lNONHSAG058533', 'lNONHSAG058967', 'lNONHSAG059768', 'lNONHSAG060586', 'lNONHSAG061404', 'lNONHSAG063700', 'lNONHSAG064784', 'lNONHSAG064962', 'lNONHSAG065252', 'lNONHSAG065364', 'lNONHSAG066253', 'lNONHSAG068402', 'lNONHSAG069030', 'lNONHSAG069147', 'lNONHSAG069277', 'lNONHSAG069876', 'lNONHSAG070257', 'lNONHSAG071444', 'lNONHSAG072176', 'lNONHSAG072945', 'lNONHSAG073025', 'lNONHSAG073380', 'lNONHSAG073406', 'lNONHSAG073419', 'lNONHSAG073786', 'lNONHSAG074661', 'lNONHSAG077527', 'lNONHSAG077551', 'lNONHSAG079231', 'lNONHSAG081227', 'lNONHSAG081583', 'lNONHSAG082891', 'lNONHSAG083209', 'lNONHSAG083289', 'lNONHSAG083859', 'lNONHSAG083883', 'lNONHSAG084701', 'lNONHSAG084832', 'lNONHSAG084937', 'lNONHSAG085975', 'lNONHSAG088562', 'lNONHSAG089857', 'lNONHSAG091116', 'lNONHSAG091284', 'lNONHSAG091452', 'lNONHSAG091943', 'lNONHSAG092907', 'lNONHSAG093064', 'lNONHSAG093078', 'lNONHSAG094129', 'lNONHSAG094269', 'lNONHSAG096130', 'lNONHSAG096227', 'lNONHSAG096230', 'lNONHSAG096627', 'lNONHSAG097344', 'lNONHSAG098653', 'lNONHSAG099082', 'lNONHSAG099120', 'lNONHSAG099126', 'lNONHSAG099742', 'lNONHSAG101229', 'lNONHSAG101725', 'lNONHSAG102572', 'lNONHSAG102979', 'lNONHSAG103259', 'lNONHSAG103457', 'lNONHSAG103817', 'lNONHSAG104186', 'lNONHSAG110420', 'lNONHSAG110858', 'lNONHSAG111667', 'lNONHSAG112396', 'lNONHSAG113761', 'lNONHSAG114445', 'lENSG00000103472', 'lENSG00000163364', 'lENSG00000171889', 'lENSG00000175061', 'lENSG00000177410', 'lENSG00000179406', 'lENSG00000179523', 'lENSG00000189295', 'lENSG00000198221', 'lENSG00000198468', 'lENSG00000203497', 'lENSG00000205611', 'lENSG00000223764', 'lENSG00000223783', 'lENSG00000224057', 'lENSG00000224078', 'lENSG00000224614', 'lENSG00000225506', 'lENSG00000225855', 'lENSG00000226115', 'lENSG00000227082', 'lENSG00000227256', 'lENSG00000228526', 'lENSG00000229267', 'lENSG00000229335', 'lENSG00000229388', 'lENSG00000230046', 'lENSG00000230061', 'lENSG00000230313', 'lENSG00000230400', 'lENSG00000230866', 'lENSG00000231019', 'lENSG00000231437', 'lENSG00000231473', 'lENSG00000232265', 'lENSG00000232415', 'lENSG00000232442', 'lENSG00000232500', 'lENSG00000233047', 'lENSG00000233387', 'lENSG00000233532', 'lENSG00000233590', 'lENSG00000234169', 'lENSG00000234222', 'lENSG00000234455', 'lENSG00000234546', 'lENSG00000234625', 'lENSG00000235385', 'lENSG00000235535', 'lENSG00000235724', 'lENSG00000236240', 'lENSG00000236535', 'lENSG00000236671', 'lENSG00000237167', 'lENSG00000237396', 'lENSG00000237880', 'lENSG00000242207', 'lENSG00000243479', 'lENSG00000244124', 'lENSG00000245067', 'lENSG00000245146', 'lENSG00000246560', 'lENSG00000247095', 'lENSG00000247373', 'lENSG00000247400', 'lENSG00000247498', 'lENSG00000249532', 'lENSG00000249786', 'lENSG00000249835', 'lENSG00000249993', 'lENSG00000250635', 'lENSG00000251003', 'lENSG00000251061', 'lENSG00000253315', 'lENSG00000254418', 'lENSG00000254480', 'lENSG00000254508', 'lENSG00000254635', 'lENSG00000254791', 'lENSG00000255363', 'lENSG00000255427', 'lENSG00000255553', 'lENSG00000255850', 'lENSG00000256742', 'lENSG00000256769', 'lENSG00000257084', 'lENSG00000257557', 'lENSG00000258197', 'lENSG00000258912', 'lENSG00000259289', 'lENSG00000259424', 'lENSG00000260219', 'lENSG00000260280', 'lENSG00000260455', 'lENSG00000260924', 'lENSG00000260969', 'lENSG00000261183', 'lENSG00000261423', 'lENSG00000261780', 'lENSG00000263718', 'lENSG00000264672', 'lENSG00000266402', 'lENSG00000266970', 'lENSG00000267296', 'lENSG00000267321', 'lENSG00000267395', 'lENSG00000267413', 'lENSG00000267440', 'lENSG00000267858', 'lENSG00000269019', 'lENSG00000269939', 'lENSG00000270084', 'lENSG00000270344', 'lENSG00000270959', 'lENSG00000272769', 'lENSG00000274372', 'lENSG00000278709', 'lENSG00000278970', 'lENSG00000281189', 'lENSG00000284070', 'lENSG00000285644', 'lENSG00000286004', 'lENSG00000286737', 'lENSG00000288080', 'lENSG00000224167', 'lENSG00000224739', 'lADAMTS9-AS2', 'lAQP4-AS1', 'lASMTL-AS1', 'lBANCR', 'lCCAT2', 'lCDKN2B-AS1', 'lCRNDE', 'lDLX6-AS1', 'lEGOT', 'lFEZF1-AS1', 'lGATA3-AS1', 'lGATA6-AS1', 'lHEIH', 'lHOTAIRM1', 'lHOXA-AS3', 'lINHBA-AS1', 'lJPX', 'lJRK', 'lKTN1-AS1', 'lLINC00173', 'lLINC00174', 'lLINC00240', 'lLINC00333', 'lLINC00472', 'lMCM3AP-AS1', 'lMEG3', 'lMIR181A1HG', 'lMIR31HG', 'lPANDAR', 'lPCGEM1', 'lPVT1', 'lRHPN1-AS1', 'lRMST', 'lSNHG15', 'lSNHG16', 'lSNX29P2', 'lTEN1-CDK3', 'lTPTEP1', 'lTRAM2-AS1', 'lVCAN-AS1', 'lZFAS1', 'lZNF286B', 'lZNF503-AS2', 'lLINC00461', 'lLINC00514', 'lSLC2A1-AS1', 'lSRP14-AS1', 'lAC007009.1', 'lPWAR6', 'lAC004840.8', 'lAC061992.2', 'lAC103564.7', 'lAC135048.13', 'lAC137723.5', 'lAC137932.5', 'lAL928742.12', 'lAP001058.3', 'lCTB-60B18.10', 'lCTB-91J4.1', 'lCTC-338M12.2', 'lCTD-2165H16.4', 'lCTD-2195B23.3', 'lCTD-2540L5.5', 'lKB-7G2.8', 'lLA16c-321D4.2', 'lLA16c-380H5.3', 'lLL22NC03-23C6.13', 'lRP1-283E3.8', 'lRP11-100F15.1', 'lRP11-104E19.1', 'lRP11-108M9.3', 'lRP11-123O10.4', 'lRP11-137H2.4', 'lRP11-197N18.2', 'lRP11-21J18.1', 'lRP11-227H15.4', 'lRP11-243J18.2', 'lRP11-24P14.1', 'lRP11-264B17.3', 'lRP11-276H7.2', 'lRP11-2C24.4', 'lRP11-305P14.1', 'lRP11-439K3.1', 'lRP11-467J12.4', 'lRP11-514P8.8', 'lRP11-54O7.3', 'lRP11-550C4.6', 'lRP11-680A11.5', 'lRP4-756H11.3', 'lRP4-790G17.7', 'lRP5-1074L1.1', 'lRP5-1160K1.8', 'lXXbac-B444P24.8', 'lXXbac-BPG300A18.13', 'lAC018766.4', 'lCTD-2231H16.1', 'lHNRNPU-AS1', 'lRP11-429J17.8', 'lRP11-672A2.1', 'lRP5-1063M23.1', 'lRP11-495P10.8', 'lCTA-250D10.23', 'lRP4-610C12.4', 'lLINC00035', 'lRP11-408H20.2', 'lNONHSAG000265', 'lNONHSAG000297', 'lNONHSAG000298', 'lNONHSAG000623', 'lNONHSAG000636', 'lNONHSAG000677', 'lNONHSAG000969', 'lNONHSAG000994', 'lNONHSAG001008', 'lNONHSAG001014', 'lNONHSAG001028', 'lNONHSAG001030', 'lNONHSAG001033', 'lNONHSAG001147', 'lNONHSAG001171', 'lNONHSAG001207', 'lNONHSAG001240', 'lNONHSAG001258', 'lNONHSAG001419', 'lNONHSAG001435', 'lNONHSAG001613', 'lNONHSAG002403', 'lNONHSAG002619', 'lNONHSAG002726', 'lNONHSAG002790', 'lNONHSAG002816', 'lNONHSAG003227', 'lNONHSAG003418', 'lNONHSAG003459', 'lNONHSAG003810', 'lNONHSAG003881', 'lNONHSAG004227', 'lNONHSAG004351', 'lNONHSAG004475', 'lNONHSAG004507', 'lNONHSAG004638', 'lNONHSAG004893', 'lNONHSAG005249', 'lNONHSAG005363', 'lNONHSAG005522', 'lNONHSAG005652', 'lNONHSAG005679', 'lNONHSAG005690', 'lNONHSAG005717', 'lNONHSAG005725', 'lNONHSAG005727', 'lNONHSAG005739', 'lNONHSAG005740', 'lNONHSAG005746', 'lNONHSAG005760', 'lNONHSAG005761', 'lNONHSAG005769', 'lNONHSAG005789', 'lNONHSAG005797', 'lNONHSAG005809', 'lNONHSAG005821', 'lNONHSAG005830', 'lNONHSAG005842', 'lNONHSAG005847', 'lNONHSAG005851', 'lNONHSAG005852', 'lNONHSAG005853', 'lNONHSAG005855', 'lNONHSAG005856', 'lNONHSAG005857', 'lNONHSAG005859', 'lNONHSAG005862', 'lNONHSAG005867', 'lNONHSAG005870', 'lNONHSAG005885', 'lNONHSAG005901', 'lNONHSAG005935', 'lNONHSAG005936', 'lNONHSAG005939', 'lNONHSAG005985', 'lNONHSAG005986', 'lNONHSAG006012', 'lNONHSAG006022', 'lNONHSAG006091', 'lNONHSAG006097', 'lNONHSAG006103', 'lNONHSAG006160', 'lNONHSAG006166', 'lNONHSAG006183', 'lNONHSAG006187', 'lNONHSAG006188', 'lNONHSAG006206', 'lNONHSAG006220', 'lNONHSAG006221', 'lNONHSAG006235', 'lNONHSAG006240', 'lNONHSAG006274', 'lNONHSAG006279', 'lNONHSAG006290', 'lNONHSAG006293', 'lNONHSAG006300', 'lNONHSAG006314', 'lNONHSAG006324', 'lNONHSAG006376', 'lNONHSAG006382', 'lNONHSAG006388', 'lNONHSAG006395', 'lNONHSAG006405', 'lNONHSAG006407', 'lNONHSAG006412', 'lNONHSAG006415', 'lNONHSAG006434', 'lNONHSAG006440', 'lNONHSAG006450', 'lNONHSAG006459', 'lNONHSAG006479', 'lNONHSAG006487', 'lNONHSAG006493', 'lNONHSAG006507', 'lNONHSAG006527', 'lNONHSAG006536', 'lNONHSAG006551', 'lNONHSAG006554', 'lNONHSAG006555', 'lNONHSAG006557', 'lNONHSAG006573', 'lNONHSAG006576', 'lNONHSAG006579', 'lNONHSAG006586', 'lNONHSAG006591', 'lNONHSAG006602', 'lNONHSAG006646', 'lNONHSAG006653', 'lNONHSAG006669', 'lNONHSAG006716', 'lNONHSAG006748', 'lNONHSAG006750', 'lNONHSAG006765', 'lNONHSAG006779', 'lNONHSAG006830', 'lNONHSAG006832', 'lNONHSAG006837', 'lNONHSAG006855', 'lNONHSAG006863', 'lNONHSAG006883', 'lNONHSAG006889', 'lNONHSAG006894', 'lNONHSAG006897', 'lNONHSAG006909', 'lNONHSAG006915', 'lNONHSAG006922', 'lNONHSAG006967', 'lNONHSAG006970', 'lNONHSAG006976', 'lNONHSAG007000', 'lNONHSAG007008', 'lNONHSAG007020', 'lNONHSAG007023', 'lNONHSAG007029', 'lNONHSAG007031', 'lNONHSAG007035', 'lNONHSAG007063', 'lNONHSAG007065', 'lNONHSAG007087', 'lNONHSAG007093', 'lNONHSAG007103', 'lNONHSAG007123', 'lNONHSAG007139', 'lNONHSAG007155', 'lNONHSAG007166', 'lNONHSAG007172', 'lNONHSAG007203', 'lNONHSAG007222', 'lNONHSAG007224', 'lNONHSAG007225', 'lNONHSAG007242', 'lNONHSAG007259', 'lNONHSAG007268', 'lNONHSAG007278', 'lNONHSAG007286', 'lNONHSAG007298', 'lNONHSAG007414', 'lNONHSAG007419', 'lNONHSAG007429', 'lNONHSAG007458', 'lNONHSAG007488', 'lNONHSAG007507', 'lNONHSAG007531', 'lNONHSAG007533', 'lNONHSAG007543', 'lNONHSAG007544', 'lNONHSAG007554', 'lNONHSAG007563', 'lNONHSAG007574', 'lNONHSAG007578', 'lNONHSAG007587', 'lNONHSAG007599', 'lNONHSAG007621', 'lNONHSAG007632', 'lNONHSAG007638', 'lNONHSAG007932', 'lENSG00000083622', 'lENSG00000105501', 'lENSG00000122043', 'lENSG00000149443', 'lENSG00000167920', 'lENSG00000175746', 'lENSG00000178248', 'lENSG00000197644', 'lENSG00000197880', 'lENSG00000198054', 'lENSG00000198671', 'lENSG00000203307', 'lENSG00000203434', 'lENSG00000203469', 'lENSG00000203472', 'lENSG00000203565', 'lENSG00000204393', 'lENSG00000204464', 'lENSG00000205018', 'lENSG00000205452', 'lENSG00000205500', 'lENSG00000212856', 'lENSG00000219410', 'lENSG00000222000', 'lENSG00000222032', 'lENSG00000223381', 'lENSG00000223387', 'lENSG00000223400', 'lENSG00000223537', 'lENSG00000223563', 'lENSG00000223598', 'lENSG00000223641', 'lENSG00000223643', 'lENSG00000223647', 'lENSG00000223720', 'lENSG00000223727', 'lENSG00000223786', 'lENSG00000223831', 'lENSG00000223870', 'lENSG00000223881', 'lENSG00000223966', 'lENSG00000223993', 'lENSG00000224031', 'lENSG00000224087', 'lENSG00000224095', 'lENSG00000224220', 'lENSG00000224277', 'lENSG00000224330', 'lENSG00000224384', 'lENSG00000224500', 'lENSG00000224535', 'lENSG00000224549', 'lENSG00000224595', 'lENSG00000224645', 'lENSG00000224655', 'lENSG00000224794', 'lENSG00000224821', 'lENSG00000224844', 'lENSG00000224857', 'lENSG00000224885', 'lENSG00000224922', 'lENSG00000224972', 'lENSG00000225050', 'lENSG00000225129', 'lENSG00000225146', 'lENSG00000225218', 'lENSG00000225325', 'lENSG00000225334', 'lENSG00000225378', 'lENSG00000225457', 'lENSG00000225537', 'lENSG00000225570', 'lENSG00000225588', 'lENSG00000225647', 'lENSG00000225750', 'lENSG00000225751', 'lENSG00000225761', 'lENSG00000225798', 'lENSG00000225886', 'lENSG00000225919', 'lENSG00000225929', 'lENSG00000226089', 'lENSG00000226133', 'lENSG00000226143', 'lENSG00000226193', 'lENSG00000226194', 'lENSG00000226238', 'lENSG00000226323', 'lENSG00000226352', 'lENSG00000226398', 'lENSG00000226442', 'lENSG00000226486', 'lENSG00000226522', 'lENSG00000226542', 'lENSG00000226562', 'lENSG00000226566', 'lENSG00000226601', 'lENSG00000226647', 'lENSG00000226699', 'lENSG00000226770', 'lENSG00000226813', 'lENSG00000226883', 'lENSG00000226925', 'lENSG00000226956', 'lENSG00000226957', 'lENSG00000227075', 'lENSG00000227076', 'lENSG00000227125', 'lENSG00000227131', 'lENSG00000227181', 'lENSG00000227197', 'lENSG00000227330', 'lENSG00000227360', 'lENSG00000227409', 'lENSG00000227459', 'lENSG00000227482', 'lENSG00000227496', 'lENSG00000227509', 'lENSG00000227512', 'lENSG00000227549', 'lENSG00000227579', 'lENSG00000227606', 'lENSG00000227611', 'lENSG00000227680', 'lENSG00000227716', 'lENSG00000227718', 'lENSG00000227863', 'lENSG00000227893', 'lENSG00000227930', 'lENSG00000227958', 'lENSG00000227960', 'lENSG00000228028', 'lENSG00000228082', 'lENSG00000228108', 'lENSG00000228136', 'lENSG00000228170', 'lENSG00000228215', 'lENSG00000228231', 'lENSG00000228261', 'lENSG00000228272', 'lENSG00000228351', 'lENSG00000228372', 'lENSG00000228383', 'lENSG00000228470', 'lENSG00000228485', 'lENSG00000228596', 'lENSG00000228627', 'lENSG00000228804', 'lENSG00000228826', 'lENSG00000228852', 'lENSG00000228939', 'lENSG00000229152', 'lENSG00000229162', 'lENSG00000229167', 'lENSG00000229224', 'lENSG00000229283', 'lENSG00000229297', 'lENSG00000229331', 'lENSG00000229345', 'lENSG00000229379', 'lENSG00000229444', 'lENSG00000229457', 'lENSG00000229487', 'lENSG00000229498', 'lENSG00000229502', 'lENSG00000229528', 'lENSG00000229531', 'lENSG00000229673', 'lENSG00000229679', 'lENSG00000229688', 'lENSG00000229848', 'lENSG00000229851', 'lENSG00000229953', 'lENSG00000229999', 'lENSG00000230010', 'lENSG00000230065', 'lENSG00000230105', 'lENSG00000230109', 'lENSG00000230121', 'lENSG00000230131', 'lENSG00000230153', 'lENSG00000230155', 'lENSG00000230190', 'lENSG00000230197', 'lENSG00000230212', 'lENSG00000230233', 'lENSG00000230323', 'lENSG00000230432', 'lENSG00000230483', 'lENSG00000230499', 'lENSG00000230668', 'lENSG00000230735', 'lENSG00000230741', 'lENSG00000230759', 'lENSG00000230790', 'lENSG00000230794', 'lENSG00000230826', 'lENSG00000230830', 'lENSG00000230912', 'lENSG00000230918', 'lENSG00000231081', 'lENSG00000231082', 'lENSG00000231102', 'lENSG00000231114', 'lENSG00000231143', 'lENSG00000231253', 'lENSG00000231272', 'lENSG00000231407', 'lENSG00000231413', 'lENSG00000231440', 'lENSG00000231492', 'lENSG00000231496', 'lENSG00000231539', 'lENSG00000231597', 'lENSG00000231678', 'lENSG00000231681', 'lENSG00000231724', 'lENSG00000231760', 'lENSG00000231772', 'lENSG00000231781', 'lENSG00000231912', 'lENSG00000231914', 'lENSG00000231937', 'lENSG00000231953', 'lENSG00000231964', 'lENSG00000232031', 'lENSG00000232072', 'lENSG00000232086', 'lENSG00000232120', 'lENSG00000232192', 'lENSG00000232197', 'lENSG00000232252', 'lENSG00000232286', 'lENSG00000232310', 'lENSG00000232328', 'lENSG00000232335', 'lENSG00000232359', 'lENSG00000232363', 'lENSG00000232396', 'lENSG00000232464', 'lENSG00000232465', 'lENSG00000232564', 'lENSG00000232604', 'lENSG00000232710', 'lENSG00000232719', 'lENSG00000232746', 'lENSG00000232806', 'lENSG00000232893', 'lENSG00000232895', 'lENSG00000232930', 'lENSG00000232939', 'lENSG00000232964', 'lENSG00000233070', 'lENSG00000233079', 'lENSG00000233178', 'lENSG00000233179', 'lENSG00000233219', 'lENSG00000233222', 'lENSG00000233330', 'lENSG00000233339', 'lENSG00000233472', 'lENSG00000233479', 'lENSG00000233574', 'lENSG00000233581', 'lENSG00000233613', 'lENSG00000233625', 'lENSG00000233665', 'lENSG00000233689', 'lENSG00000233706', 'lENSG00000233851', 'lENSG00000233953', 'lENSG00000233960', 'lENSG00000233985', 'lENSG00000234021', 'lENSG00000234055', 'lENSG00000234149', 'lENSG00000234160', 'lENSG00000234172', 'lENSG00000234191', 'lENSG00000234318', 'lENSG00000234504', 'lENSG00000234567', 'lENSG00000234622', 'lENSG00000234626', 'lENSG00000234653', 'lENSG00000234690', 'lENSG00000234714', 'lENSG00000234756', 'lENSG00000234900', 'lENSG00000234953', 'lENSG00000234961', 'lENSG00000234979', 'lENSG00000235011', 'lENSG00000235035', 'lENSG00000235050', 'lENSG00000235059', 'lENSG00000235086', 'lENSG00000235168', 'lENSG00000235262', 'lENSG00000235494', 'lENSG00000235503', 'lENSG00000235533', 'lENSG00000235628', 'lENSG00000235635', 'lENSG00000235637', 'lENSG00000235786', 'lENSG00000235813', 'lENSG00000236022', 'lENSG00000236031', 'lENSG00000236065', 'lENSG00000236109', 'lENSG00000236242', 'lENSG00000236267', 'lENSG00000236272', 'lENSG00000236324', 'lENSG00000236326', 'lENSG00000236358', 'lENSG00000236366', 'lENSG00000236414', 'lENSG00000236452', 'lENSG00000236463', 'lENSG00000236662', 'lENSG00000236723', 'lENSG00000236744', 'lENSG00000236758', 'lENSG00000236800', 'lENSG00000236828', 'lENSG00000236854', 'lENSG00000236921', 'lENSG00000236951', 'lENSG00000236953', 'lENSG00000236975', 'lENSG00000237015', 'lENSG00000237058', 'lENSG00000237200', 'lENSG00000237293', 'lENSG00000237312', 'lENSG00000237324', 'lENSG00000237331', 'lENSG00000237373', 'lENSG00000237435', 'lENSG00000237463', 'lENSG00000237477', 'lENSG00000237481', 'lENSG00000237494', 'lENSG00000237520', 'lENSG00000237571', 'lENSG00000237576', 'lENSG00000237581', 'lENSG00000237687', 'lENSG00000237734', 'lENSG00000237756', 'lENSG00000237768', 'lENSG00000237802', 'lENSG00000237919', 'lENSG00000237921', 'lENSG00000237937', 'lENSG00000237993', 'lENSG00000238131', 'lENSG00000238140', 'lENSG00000238185', 'lENSG00000238282', 'lENSG00000238291', 'lENSG00000239314', 'lENSG00000239415', 'lENSG00000239482', 'lENSG00000239593', 'lENSG00000240354', 'lENSG00000240868', 'lENSG00000241383', 'lENSG00000241397', 'lENSG00000241577', 'lENSG00000241666', 'lENSG00000241985', 'lENSG00000242012', 'lENSG00000242072', 'lENSG00000242339', 'lENSG00000242545', 'lENSG00000242568', 'lENSG00000242618', 'lENSG00000242795', 'lENSG00000242861', 'lENSG00000243230', 'lENSG00000243273', 'lENSG00000243368', 'lENSG00000243797', 'lENSG00000243903', 'lENSG00000243961', 'lENSG00000244278', 'lENSG00000244327', 'lENSG00000244461', 'lENSG00000244701', 'lENSG00000245385', 'lENSG00000246541', 'lENSG00000247867', 'lENSG00000248125', 'lENSG00000248145', 'lENSG00000248148', 'lENSG00000248172', 'lENSG00000248245', 'lENSG00000248358', 'lENSG00000248373', 'lENSG00000248393', 'lENSG00000248397', 'lENSG00000248416', 'lENSG00000248457', 'lENSG00000248482', 'lENSG00000248490', 'lENSG00000248576', 'lENSG00000248599', 'lENSG00000248627', 'lENSG00000248758', 'lENSG00000248789', 'lENSG00000248802', 'lENSG00000248925', 'lENSG00000248935', 'lENSG00000248969', 'lENSG00000248975', 'lENSG00000248984', 'lENSG00000248995', 'lENSG00000249066', 'lENSG00000249071', 'lENSG00000249099', 'lENSG00000249111', 'lENSG00000249114', 'lENSG00000249297', 'lENSG00000249334', 'lENSG00000249382', 'lENSG00000249409', 'lENSG00000249419', 'lENSG00000249426', 'lENSG00000249451', 'lENSG00000249474', 'lENSG00000249547', 'lENSG00000249605', 'lENSG00000249613', 'lENSG00000249706', 'lENSG00000249742', 'lENSG00000249753', 'lENSG00000249806', 'lENSG00000249830', 'lENSG00000249892', 'lENSG00000250092', 'lENSG00000250186', 'lENSG00000250195', 'lENSG00000250524', 'lENSG00000250541', 'lENSG00000250629', 'lENSG00000250646', 'lENSG00000250657', 'lENSG00000250665', 'lENSG00000250698', 'lENSG00000250761', 'lENSG00000250791', 'lENSG00000250820', 'lENSG00000250855', 'lENSG00000250865', 'lENSG00000250866', 'lENSG00000250877', 'lENSG00000250910', 'lENSG00000250917', 'lENSG00000250929', 'lENSG00000250945', 'lENSG00000250950', 'lENSG00000250955', 'lENSG00000250993', 'lENSG00000251059', 'lENSG00000251072', 'lENSG00000251088', 'lENSG00000251256', 'lENSG00000251266', 'lENSG00000251281', 'lENSG00000251283', 'lENSG00000251412', 'lENSG00000251414', 'lENSG00000251438', 'lENSG00000251688', 'lENSG00000253134', 'lENSG00000253142', 'lENSG00000253147', 'lENSG00000253171', 'lENSG00000253189', 'lENSG00000253356', 'lENSG00000253397', 'lENSG00000253456', 'lENSG00000253503', 'lENSG00000253507', 'lENSG00000253526', 'lENSG00000253530', 'lENSG00000253539', 'lENSG00000253577', 'lENSG00000253616', 'lENSG00000253619', 'lENSG00000253627', 'lENSG00000253643', 'lENSG00000253645', 'lENSG00000253660', 'lENSG00000253717', 'lENSG00000253722', 'lENSG00000253782', 'lENSG00000253834', 'lENSG00000253851', 'lENSG00000253858', 'lENSG00000253865', 'lENSG00000253871', 'lENSG00000253875', 'lENSG00000253880', 'lENSG00000253927', 'lENSG00000253976', 'lENSG00000254011', 'lENSG00000254021', 'lENSG00000254026', 'lENSG00000254031', 'lENSG00000254033', 'lENSG00000254035', 'lENSG00000254043', 'lENSG00000254084', 'lENSG00000254141', 'lENSG00000254177', 'lENSG00000254207', 'lENSG00000254239', 'lENSG00000254242', 'lENSG00000254263', 'lENSG00000254314', 'lENSG00000254330', 'lENSG00000254347', 'lENSG00000254350', 'lENSG00000254428', 'lENSG00000254429', 'lENSG00000254516', 'lENSG00000254526', 'lENSG00000254559', 'lENSG00000254563', 'lENSG00000254574', 'lENSG00000254592', 'lENSG00000254604', 'lENSG00000254620', 'lENSG00000254626', 'lENSG00000254627', 'lENSG00000254689', 'lENSG00000254739', 'lENSG00000254775', 'lENSG00000254787', 'lENSG00000254829', 'lENSG00000254842', 'lENSG00000254846', 'lENSG00000254847', 'lENSG00000254864', 'lENSG00000254879', 'lENSG00000254913', 'lENSG00000254921', 'lENSG00000254928', 'lENSG00000254930', 'lENSG00000254972', 'lENSG00000254983', 'lENSG00000254990', 'lENSG00000255027', 'lENSG00000255039', 'lENSG00000255041', 'lENSG00000255114', 'lENSG00000255121', 'lENSG00000255159', 'lENSG00000255167', 'lENSG00000255227', 'lENSG00000255241', 'lENSG00000255247', 'lENSG00000255252', 'lENSG00000255271', 'lENSG00000255300', 'lENSG00000255327', 'lENSG00000255343', 'lENSG00000255366', 'lENSG00000255375', 'lENSG00000255388', 'lENSG00000255443', 'lENSG00000255462', 'lENSG00000255478', 'lENSG00000255482', 'lENSG00000255487', 'lENSG00000255496', 'lENSG00000255498', 'lENSG00000255506', 'lENSG00000255528', 'lENSG00000255539', 'lENSG00000255555', 'lENSG00000255572', 'lENSG00000255580', 'lENSG00000255808', 'lENSG00000255893', 'lENSG00000255949', 'lENSG00000256007', 'lENSG00000256071', 'lENSG00000256072', 'lENSG00000256083', 'lENSG00000256226', 'lENSG00000256292', 'lENSG00000256314', 'lENSG00000256364', 'lENSG00000256448', 'lENSG00000256452', 'lENSG00000256482', 'lENSG00000256484', 'lENSG00000256568', 'lENSG00000256582', 'lENSG00000256670', 'lENSG00000256733', 'lENSG00000256897', 'lENSG00000256972', 'lENSG00000257004', 'lENSG00000257022', 'lENSG00000257096', 'lENSG00000257105', 'lENSG00000257137', 'lENSG00000257235', 'lENSG00000257261', 'lENSG00000257265', 'lENSG00000257271', 'lENSG00000257275', 'lENSG00000257381', 'lENSG00000257407', 'lENSG00000257470', 'lENSG00000257488', 'lENSG00000257494', 'lENSG00000257500', 'lENSG00000257514', 'lENSG00000257527', 'lENSG00000257587', 'lENSG00000257634', 'lENSG00000257653', 'lENSG00000257682', 'lENSG00000257750', 'lENSG00000257764', 'lENSG00000257787', 'lENSG00000257860', 'lENSG00000257904', 'lENSG00000257925', 'lENSG00000257997', 'lENSG00000258007', 'lENSG00000258084', 'lENSG00000258108', 'lENSG00000258167', 'lENSG00000258185', 'lENSG00000258210', 'lENSG00000258220', 'lENSG00000258234', 'lENSG00000258272', 'lENSG00000258292', 'lENSG00000258308', 'lENSG00000258312', 'lENSG00000258313', 'lENSG00000258323', 'lENSG00000258331', 'lENSG00000258378', 'lENSG00000258379', 'lENSG00000258390', 'lENSG00000258394', 'lENSG00000258451', 'lENSG00000258515', 'lENSG00000258516', 'lENSG00000258520', 'lENSG00000258610', 'lENSG00000258657', 'lENSG00000258690', 'lENSG00000258695', 'lENSG00000258698', 'lENSG00000258745', 'lENSG00000258784', 'lENSG00000258824', 'lENSG00000258826', 'lENSG00000258829', 'lENSG00000258850', 'lENSG00000258869', 'lENSG00000258892', 'lENSG00000258904', 'lENSG00000258908', 'lENSG00000258944', 'lENSG00000258958', 'lENSG00000259007', 'lENSG00000259026', 'lENSG00000259187', 'lENSG00000259188', 'lENSG00000259194', 'lENSG00000259211', 'lENSG00000259223', 'lENSG00000259250', 'lENSG00000259256', 'lENSG00000259265', 'lENSG00000259268', 'lENSG00000259290', 'lENSG00000259294', 'lENSG00000259307', 'lENSG00000259342', 'lENSG00000259351', 'lENSG00000259352', 'lENSG00000259360', 'lENSG00000259385', 'lENSG00000259432', 'lENSG00000259503', 'lENSG00000259532', 'lENSG00000259544', 'lENSG00000259595', 'lENSG00000259631', 'lENSG00000259636', 'lENSG00000259649', 'lENSG00000259659', 'lENSG00000259678', 'lENSG00000259757', 'lENSG00000259759', 'lENSG00000259767', 'lENSG00000259798', 'lENSG00000259805', 'lENSG00000259935', 'lENSG00000259955', 'lENSG00000259967', 'lENSG00000260003', 'lENSG00000260017', 'lENSG00000260022', 'lENSG00000260058', 'lENSG00000260158', 'lENSG00000260190', 'lENSG00000260237', 'lENSG00000260246', 'lENSG00000260304', 'lENSG00000260476', 'lENSG00000260586', 'lENSG00000260626', 'lENSG00000260659', 'lENSG00000260720', 'lENSG00000260741', 'lENSG00000260814', 'lENSG00000260884', 'lENSG00000260911', 'lENSG00000260934', 'lENSG00000260970', 'lENSG00000260986', 'lENSG00000260999', 'lENSG00000261014', 'lENSG00000261036', 'lENSG00000261065', 'lENSG00000261066', 'lENSG00000261070', 'lENSG00000261243', 'lENSG00000261248', 'lENSG00000261261', 'lENSG00000261266', 'lENSG00000261307', 'lENSG00000261332', 'lENSG00000261379', 'lENSG00000261432', 'lENSG00000261475', 'lENSG00000261507', 'lENSG00000261523', 'lENSG00000261552', 'lENSG00000261569', 'lENSG00000261633', 'lENSG00000261663', 'lENSG00000261671', 'lENSG00000261695', 'lENSG00000261697', 'lENSG00000261723', 'lENSG00000261731', 'lENSG00000261761', 'lENSG00000261838', 'lENSG00000261864', 'lENSG00000262298', 'lENSG00000262434', 'lENSG00000262533', 'lENSG00000262652', 'lENSG00000262692', 'lENSG00000262777', 'lENSG00000262810', 'lENSG00000263080', 'lENSG00000263237', 'lENSG00000263257', 'lENSG00000263300', 'lENSG00000263321', 'lENSG00000263335', 'lENSG00000263417', 'lENSG00000263466', 'lENSG00000263594', 'lENSG00000263684', 'lENSG00000263709', 'lENSG00000263765', 'lENSG00000263797', 'lENSG00000263847', 'lENSG00000263952', 'lENSG00000263982', 'lENSG00000263986', 'lENSG00000264016', 'lENSG00000264023', 'lENSG00000264066', 'lENSG00000264107', 'lENSG00000264116', 'lENSG00000264151', 'lENSG00000264254', 'lENSG00000264269', 'lENSG00000264486', 'lENSG00000264513', 'lENSG00000264520', 'lENSG00000264546', 'lENSG00000264558', 'lENSG00000264577', 'lENSG00000264595', 'lENSG00000264769', 'lENSG00000264924', 'lENSG00000265125', 'lENSG00000265168', 'lENSG00000265205', 'lENSG00000265265', 'lENSG00000265359', 'lENSG00000265400', 'lENSG00000265443', 'lENSG00000265554', 'lENSG00000265625', 'lENSG00000265643', 'lENSG00000265728', 'lENSG00000265739', 'lENSG00000265791', 'lENSG00000265800', 'lENSG00000265844', 'lENSG00000265845', 'lENSG00000265980', 'lENSG00000265987', 'lENSG00000265994', 'lENSG00000266102', 'lENSG00000266153', 'lENSG00000266311', 'lENSG00000266341', 'lENSG00000266368', 'lENSG00000266397', 'lENSG00000266535', 'lENSG00000266538', 'lENSG00000266651', 'lENSG00000266696', 'lENSG00000266801', 'lENSG00000266839', 'lENSG00000266844', 'lENSG00000266877', 'lENSG00000266936', 'lENSG00000266981', 'lENSG00000266985', 'lENSG00000266993', 'lENSG00000267028', 'lENSG00000267057', 'lENSG00000267063', 'lENSG00000267177', 'lENSG00000267225', 'lENSG00000267234', 'lENSG00000267255', 'lENSG00000267263', 'lENSG00000267274', 'lENSG00000267286', 'lENSG00000267320', 'lENSG00000267341', 'lENSG00000267354', 'lENSG00000267364', 'lENSG00000267378', 'lENSG00000267387', 'lENSG00000267436', 'lENSG00000267437', 'lENSG00000267501', 'lENSG00000267510', 'lENSG00000267543', 'lENSG00000267583', 'lENSG00000267593', 'lENSG00000267615', 'lENSG00000267617', 'lENSG00000267633', 'lENSG00000267638', 'lENSG00000267665', 'lENSG00000267711', 'lENSG00000267838', 'lENSG00000267922', 'lENSG00000268015', 'lENSG00000268049', 'lENSG00000268051', 'lENSG00000268069', 'lENSG00000268078', 'lENSG00000268191', 'lENSG00000268203', 'lENSG00000268240', 'lENSG00000268292', 'lENSG00000268296', 'lENSG00000268605', 'lENSG00000268734', 'lENSG00000268743', 'lENSG00000268798', 'lENSG00000268833', 'lENSG00000268906', 'lENSG00000268912', 'lENSG00000268981', 'lENSG00000269044', 'lENSG00000269085', 'lENSG00000269145', 'lENSG00000269191', 'lENSG00000269321', 'lENSG00000269350', 'lENSG00000269504', 'lENSG00000269578', 'lENSG00000269621', 'lENSG00000269656', 'lENSG00000269729', 'lENSG00000269802', 'lENSG00000269826', 'lENSG00000269843', 'lENSG00000269867', 'lENSG00000269901', 'lENSG00000269950', 'lENSG00000270726', 'lENSG00000270871', 'lENSG00000270996', 'lENSG00000271218', 'lENSG00000271314', 'lENSG00000271579', 'lENSG00000271717', 'lENSG00000271763', 'lENSG00000271787', 'lENSG00000271833', 'lENSG00000271901', 'lENSG00000271936', 'lENSG00000271983', 'lENSG00000272072', 'lENSG00000272149', 'lENSG00000272159', 'lENSG00000272338', 'lENSG00000272510', 'lENSG00000272540', 'lENSG00000272575', 'lENSG00000272642', 'lENSG00000272661', 'lENSG00000272742', 'lENSG00000272810', 'lENSG00000272814', 'lENSG00000272866', 'lENSG00000272995', 'lENSG00000273110', 'lENSG00000273198', 'lENSG00000273226', 'lENSG00000273257', 'lENSG00000273271', 'lENSG00000273275', 'lENSG00000273360', 'lENSG00000273449', 'lENSG00000273485', 'lENSG00000273493', 'lENSG00000273550', 'lENSG00000273568', 'lENSG00000273838', 'lENSG00000273877', 'lENSG00000273919', 'lENSG00000274177', 'lENSG00000274227', 'lENSG00000274561', 'lENSG00000274624', 'lENSG00000274678', 'lENSG00000274737', 'lENSG00000274863', 'lENSG00000274893', 'lENSG00000275173', 'lENSG00000275345', 'lENSG00000275356', 'lENSG00000275401', 'lENSG00000275484', 'lENSG00000275576', 'lENSG00000275638', 'lENSG00000275871', 'lENSG00000275963', 'lENSG00000276054', 'lENSG00000276107', 'lENSG00000276266', 'lENSG00000276488', 'lENSG00000276527', 'lENSG00000276533', 'lENSG00000276668', 'lENSG00000276997', 'lENSG00000277173', 'lENSG00000277332', 'lENSG00000277639', 'lENSG00000277675', 'lENSG00000278000', 'lENSG00000278013', 'lENSG00000278202', 'lENSG00000278351', 'lENSG00000278630', 'lENSG00000278766', 'lENSG00000278944', 'lENSG00000279088', 'lENSG00000279240', 'lENSG00000279484', 'lENSG00000279501', 'lENSG00000279623', 'lENSG00000279687', 'lENSG00000279751', 'lENSG00000279920', 'lENSG00000280206', 'lENSG00000280224', 'lENSG00000280455', 'lENSG00000280580', 'lENSG00000280703', 'lENSG00000280870', 'lENSG00000280881', 'lENSG00000281021', 'lENSG00000282478', 'lENSG00000282828', 'lENSG00000282950', 'lENSG00000283286', 'lENSG00000283347', 'lENSG00000283375', 'lENSG00000283436', 'lENSG00000283457', 'lENSG00000283573', 'lENSG00000283631', 'lENSG00000283973', 'lENSG00000284376', 'lENSG00000284418', 'lENSG00000284513', 'lENSG00000284608', 'lENSG00000284699', 'lENSG00000284846', 'lENSG00000284994', 'lENSG00000285040', 'lENSG00000285117', 'lENSG00000285325', 'lENSG00000285354', 'lENSG00000285409', 'lENSG00000285518', 'lENSG00000285524', 'lENSG00000285550', 'lENSG00000285551', 'lENSG00000285619', 'lENSG00000285621', 'lENSG00000285654', 'lENSG00000285699', 'lENSG00000285709', 'lENSG00000285780', 'lENSG00000285857', 'lENSG00000285861', 'lENSG00000285954', 'lENSG00000285998', 'lENSG00000286002', 'lENSG00000286010', 'lENSG00000286018', 'lENSG00000286050', 'lENSG00000286076', 'lENSG00000286089', 'lENSG00000286093', 'lENSG00000286101', 'lENSG00000286168', 'lENSG00000286188', 'lENSG00000286194', 'lENSG00000286197', 'lENSG00000286206', 'lENSG00000286242', 'lENSG00000286244', 'lENSG00000286303', 'lENSG00000286333', 'lENSG00000286338', 'lENSG00000286357', 'lENSG00000286430', 'lENSG00000286436', 'lENSG00000286441', 'lENSG00000286453', 'lENSG00000286461', 'lENSG00000286474', 'lENSG00000286565', 'lENSG00000286578', 'lENSG00000286581', 'lENSG00000286584', 'lENSG00000286588', 'lENSG00000286598', 'lENSG00000286617', 'lENSG00000286639', 'lENSG00000286670', 'lENSG00000286689', 'lENSG00000286690', 'lENSG00000286698', 'lENSG00000286715', 'lENSG00000286716', 'lENSG00000286722', 'lENSG00000286735', 'lENSG00000286738', 'lENSG00000286740', 'lENSG00000286751', 'lENSG00000286759', 'lENSG00000286767', 'lENSG00000286770', 'lENSG00000286776', 'lENSG00000286781', 'lENSG00000286795', 'lENSG00000286803', 'lENSG00000286820', 'lENSG00000286822', 'lENSG00000286838', 'lENSG00000286843', 'lENSG00000286850', 'lENSG00000286887', 'lENSG00000286908', 'lENSG00000286963', 'lENSG00000287005', 'lENSG00000287006', 'lENSG00000287020', 'lENSG00000287028', 'lENSG00000287030', 'lENSG00000287066', 'lENSG00000287094', 'lENSG00000287107', 'lENSG00000287108', 'lENSG00000287128', 'lENSG00000287155', 'lENSG00000287159', 'lENSG00000287191', 'lENSG00000287198', 'lENSG00000287202', 'lENSG00000287213', 'lENSG00000287270', 'lENSG00000287285', 'lENSG00000287321', 'lENSG00000287335', 'lENSG00000287358', 'lENSG00000287359', 'lENSG00000287366', 'lENSG00000287367', 'lENSG00000287381', 'lENSG00000287423', 'lENSG00000287451', 'lENSG00000287456', 'lENSG00000287462', 'lENSG00000287511', 'lENSG00000287545', 'lENSG00000287550', 'lENSG00000287551', 'lENSG00000287556', 'lENSG00000287587', 'lENSG00000287618', 'lENSG00000287660', 'lENSG00000287664', 'lENSG00000287684', 'lENSG00000287687', 'lENSG00000287691', 'lENSG00000287704', 'lENSG00000211683', 'lENSG00000214955', 'lENSG00000223379', 'lENSG00000223795', 'lENSG00000224884', 'lENSG00000225393', 'lENSG00000225836', 'lENSG00000228255', 'lENSG00000228538', 'lENSG00000229458', 'lENSG00000229628', 'lENSG00000229964', 'lENSG00000230600', 'lENSG00000230649', 'lENSG00000231212', 'lENSG00000231616', 'lENSG00000232056', 'lENSG00000232636', 'lENSG00000233200', 'lENSG00000233987', 'lENSG00000234083', 'lENSG00000234810', 'lENSG00000234998', 'lENSG00000235337', 'lENSG00000235795', 'lENSG00000236453', 'lENSG00000239801', 'lENSG00000241792', 'lENSG00000242375', 'lENSG00000247810', 'lENSG00000248359', 'lENSG00000248991', 'lENSG00000249159', 'lENSG00000250481', 'lENSG00000250567', 'lENSG00000250670', 'lENSG00000250686', 'lENSG00000250777', 'lENSG00000250948', 'lENSG00000251506', 'lENSG00000251654', 'lENSG00000253766', 'lENSG00000254927', 'lENSG00000255279', 'lENSG00000255325', 'lENSG00000255644', 'lENSG00000257603', 'lENSG00000257715', 'lENSG00000257962', 'lENSG00000258088', 'lENSG00000258386', 'lENSG00000258949', 'lENSG00000259123', 'lENSG00000259209', 'lENSG00000259222', 'lENSG00000259244', 'lENSG00000259255', 'lENSG00000259274', 'lENSG00000259306', 'lENSG00000259407', 'lENSG00000260511', 'lENSG00000260983', 'lENSG00000261193', 'lENSG00000261445', 'lENSG00000261775', 'lENSG00000264660', 'lENSG00000265174', 'lENSG00000267081', 'lENSG00000267521', 'lENSG00000267581', 'lENSG00000269460', 'lENSG00000272304', 'lENSG00000272369', 'lENSG00000273138', 'lENSG00000273486', 'lENSG00000274902', 'lENSG00000275232', 'lENSG00000278514', 'lENSG00000279672', 'lENSG00000282887', 'lENSG00000286164', 'lENSG00000226032', 'lENSG00000235736', 'lENSG00000251613', 'lENSG00000258631', 'lENSG00000279472', 'lENSG00000271870', 'lENSG00000265556', 'lENSG00000271840', 'lENSG00000253701', 'lENSG00000281408', 'lENSG00000268166', 'lALG13-AS1', 'lDGUOK-AS1', 'lDSCR8', 'lMIR145', 'lMIR24-2', 'lMIR3179-2', 'lMIR3654', 'lACA64', 'lCDKN2B-AS', 'lC3orf65']","[1.0, 1.0, 0.0, 0.0, 1.0, 1.0, 1.0, 0.0, 1.0, 0.0, 1.0, 0.0, 0.0, 1.0, 1.0, 0.0, 1.0, 0.0, 1.0, 0.0, 1.0, 1.0, 0.0, 1.0, 1.0, 1.0, 0.0, 1.0, 0.0, 1.0, 1.0, 1.0, 0.0, 0.0, 0.0, 1.0, 0.0, 1.0, 1.0, 0.0, 1.0, 1.0, 0.0, 1.0, 0.0, 0.0, 0.0, 0.0, 0.0, 0.0, 1.0, 1.0, 1.0, 1.0, 0.0, 1.0, 0.0, 0.0, 1.0, 1.0, 1.0, 0.0, 1.0, 1.0, 1.0, 0.0, 0.0, 1.0, 1.0, 1.0, 1.0, 1.0, 0.0, 0.0, 0.0, 0.0, 1.0, 1.0, 0.0, 0.0, 1.0, 1.0, 0.0, 1.0, 1.0, 0.0, 1.0, 1.0, 0.0, 1.0, 1.0, 0.0, 1.0, 0.0, 1.0, 1.0, 1.0, 1.0, 1.0, 0.0, 0.0, 1.0, 1.0, 1.0, 0.0, 0.0, 1.0, 0.0, 0.0, 0.0, 1.0, 1.0, 1.0, 0.0, 1.0, 1.0, 1.0, 1.0, 1.0, 0.0, 1.0, 0.0, 1.0, 1.0, 0.0, 1.0, 0.0, 0.0, 0.0, 1.0, 0.0, 0.0, 1.0, 0.0, 1.0, 0.0, 1.0, 1.0, 0.0, 1.0, 0.0, 1.0, 1.0, 0.0, 0.0, 0.0, 1.0, 1.0, 1.0, 1.0, 0.0, 1.0, 1.0, 1.0, 1.0, 0.0, 0.0, 0.0, 1.0, 1.0, 0.0, 1.0, 0.0, 0.0, 0.0, 0.0, 0.0, 1.0, 1.0, 0.0, 1.0, 0.0, 1.0, 0.0, 1.0, 1.0, 1.0, 1.0, 0.0, 0.0, 1.0, 0.0, 0.0, 1.0, 1.0, 0.0, 0.0, 1.0, 0.0, 1.0, 1.0, 0.0, 1.0, 1.0, 0.0, 1.0, 1.0, 0.0, 0.0, 0.0, 0.0, 1.0, 1.0, 0.0, 1.0, 0.0, 1.0, 1.0, 0.0, 0.0, 0.0, 0.0, 0.0, 1.0, 0.0, 0.0, 1.0, 0.0, 0.0, 0.0, 0.0, 0.0, 0.0, 1.0, 1.0, 1.0, 1.0, 1.0, 0.0, 0.0, 1.0, 1.0, 1.0, 0.0, 1.0, 0.0, 1.0, 1.0, 1.0, 1.0, 1.0, 1.0, 1.0, 0.0, 1.0, 0.0, 0.0, 0.0, 1.0, 0.0, 1.0, 1.0, 0.0, 0.0, 1.0, 0.0, 0.0, 1.0, 1.0, 1.0, 0.0, 0.0, 0.0, 1.0, 1.0, 1.0, 1.0, 1.0, 1.0, 1.0, 1.0, 0.0, 0.0, 1.0, 0.0, 0.0, 1.0, 1.0, 1.0, 0.0, 1.0, 0.0, 1.0, 0.0, 0.0, 1.0, 1.0, 1.0, 0.0, 0.0, 1.0, 1.0, 1.0, 1.0, 0.0, 0.0, 0.0, 0.0, 0.0, 0.0, 0.0, 1.0, 1.0, 1.0, 1.0, 0.0, 1.0, 1.0, 1.0, 0.0, 1.0, 0.0, 1.0, 0.0, 0.0, 1.0, 1.0, 0.0, 1.0, 1.0, 1.0, 1.0, 0.0, 1.0, 0.0, 0.0, 0.0, 1.0, 0.0, 1.0, 0.0, 0.0, 0.0, 0.0, 1.0, 0.0, 1.0, 1.0, 1.0, 1.0, 0.0, 1.0, 0.0, 1.0, 0.0, 0.0, 0.0, 1.0, 0.0, 1.0, 1.0, 1.0, 0.0, 1.0, 0.0, 1.0, 0.0, 0.0, 0.0, 1.0, 1.0, 0.0, 0.0, 0.0, 1.0, 1.0, 1.0, 0.0, 1.0, 1.0, 0.0, 0.0, 1.0, 1.0, 0.0, 1.0, 0.0, 0.0, 1.0, 0.0, 0.0, 0.0, 0.0, 1.0, 0.0, 0.0, 1.0, 1.0, 0.0, 1.0, 0.0, 0.0, 0.0, 1.0, 0.0, 1.0, 0.0, 1.0, 0.0, 0.0, 0.0, 1.0, 1.0, 0.0, 1.0, 0.0, 1.0, 1.0, 1.0, 1.0, 0.0, 0.0, 0.0, 1.0, 1.0, 0.0, 1.0, 0.0, 0.0, 0.0, 0.0, 1.0, 1.0, 0.0, 1.0, 0.0, 1.0, 1.0, 0.0, 1.0, 0.0, 1.0, 1.0, 0.0, 1.0, 1.0, 1.0, 0.0, 0.0, 0.0, 1.0, 0.0, 1.0, 0.0, 1.0, 0.0, 1.0, 1.0, 0.0, 1.0, 0.0, 1.0, 1.0, 1.0, 0.0, 0.0, 1.0, 0.0, 1.0, 1.0, 1.0, 0.0, 1.0, 1.0, 0.0, 1.0, 0.0, 1.0, 1.0, 0.0, 1.0, 1.0, 0.0, 1.0, 0.0, 1.0, 0.0, 0.0, 0.0, 1.0, 1.0, 0.0, 0.0, 0.0, 1.0, 0.0, 1.0, 0.0, 0.0, 1.0, 0.0, 1.0, 1.0, 0.0, 0.0, 1.0, 1.0, 1.0, 0.0, 0.0, 1.0, 1.0, 0.0, 1.0, 0.0, 1.0, 0.0, 1.0, 0.0, 0.0, 0.0, 0.0, 1.0, 1.0, 0.0, 1.0, 1.0, 0.0, 0.0, 1.0, 0.0, 1.0, 1.0, 0.0, 0.0, 0.0, 0.0, 0.0, 1.0, 1.0, 0.0, 1.0, 1.0, 1.0, 0.0, 0.0, 0.0, 1.0, 0.0, 0.0, 1.0, 0.0, 1.0, 1.0, 0.0, 0.0, 1.0, 1.0, 1.0, 0.0, 0.0, 1.0, 1.0, 0.0, 1.0, 1.0, 0.0, 0.0, 1.0, 1.0, 1.0, 0.0, 0.0, 0.0, 1.0, 0.0, 0.0, 1.0, 0.0, 0.0, 0.0, 1.0, 0.0, 0.0, 1.0, 1.0, 0.0, 1.0, 1.0, 0.0, 1.0, 0.0, 1.0, 1.0, 0.0, 0.0, 0.0, 1.0, 1.0, 0.0, 1.0, 1.0, 0.0, 0.0, 0.0, 1.0, 0.0, 0.0, 0.0, 0.0, 1.0, 1.0, 1.0, 1.0, 1.0, 1.0, 0.0, 0.0, 0.0, 1.0, 0.0, 1.0, 0.0, 0.0, 0.0, 0.0, 1.0, 1.0, 1.0, 1.0, 1.0, 0.0, 1.0, 0.0, 0.0, 1.0, 1.0, 0.0, 1.0, 0.0, 1.0, 1.0, 1.0, 1.0, 1.0, 0.0, 1.0, 0.0, 0.0, 0.0, 1.0, 1.0, 1.0, 0.0, 0.0, 1.0, 1.0, 0.0, 1.0, 1.0, 0.0, 0.0, 1.0, 0.0, 1.0, 1.0, 1.0, 0.0, 1.0, 1.0, 0.0, 0.0, 0.0, 0.0, 1.0, 1.0, 0.0, 1.0, 0.0, 1.0, 0.0, 1.0, 1.0, 0.0, 1.0, 1.0, 1.0, 1.0, 1.0, 1.0, 0.0, 1.0, 0.0, 0.0, 1.0, 0.0, 1.0, 1.0, 1.0, 1.0, 1.0, 0.0, 1.0, 0.0, 1.0, 0.0, 1.0, 1.0, 0.0, 0.0, 1.0, 0.0, 0.0, 1.0, 0.0, 1.0, 1.0, 0.0, 0.0, 1.0, 1.0, 0.0, 0.0, 1.0, 1.0, 0.0, 0.0, 0.0, 1.0, 0.0, 1.0, 1.0, 0.0, 0.0, 1.0, 0.0, 0.0, 0.0, 0.0, 0.0, 0.0, 1.0, 0.0, 0.0, 1.0, 1.0, 0.0, 0.0, 1.0, 1.0, 1.0, 0.0, 0.0, 0.0, 1.0, 0.0, 1.0, 0.0, 1.0, 0.0, 1.0, 1.0, 0.0, 0.0, 1.0, 1.0, 0.0, 0.0, 1.0, 1.0, 0.0, 0.0, 1.0, 0.0, 1.0, 0.0, 0.0, 0.0, 1.0, 0.0, 0.0, 1.0, 0.0, 0.0, 1.0, 0.0, 0.0, 1.0, 1.0, 1.0, 1.0, 0.0, 1.0, 1.0, 0.0, 1.0, 0.0, 0.0, 1.0, 1.0, 1.0, 1.0, 1.0, 1.0, 0.0, 0.0, 0.0, 0.0, 1.0, 0.0, 1.0, 0.0, 1.0, 0.0, 1.0, 0.0, 1.0, 0.0, 1.0, 0.0, 1.0, 0.0, 0.0, 0.0, 0.0, 0.0, 1.0, 1.0, 0.0, 1.0, 1.0, 1.0, 0.0, 0.0, 0.0, 1.0, 1.0, 1.0, 0.0, 1.0, 0.0, 1.0, 1.0, 0.0, 1.0, 1.0, 0.0, 0.0, 0.0, 0.0, 0.0, 0.0, 1.0, 0.0, 0.0, 0.0, 1.0, 1.0, 1.0, 0.0, 1.0, 1.0, 0.0, 1.0, 0.0, 0.0, 0.0, 1.0, 1.0, 1.0, 0.0, 1.0, 1.0, 0.0, 0.0, 0.0, 0.0, 0.0, 1.0, 0.0, 1.0, 1.0, 0.0, 0.0, 1.0, 1.0, 1.0, 0.0, 0.0, 0.0, 0.0, 0.0, 1.0, 0.0, 0.0, 1.0, 0.0, 1.0, 0.0, 1.0, 1.0, 0.0, 0.0, 1.0, 1.0, 1.0, 1.0, 0.0, 0.0, 0.0, 1.0, 1.0, 0.0, 0.0, 0.0, 0.0, 1.0, 0.0, 1.0, 0.0, 1.0, 0.0, 1.0, 0.0, 0.0, 1.0, 1.0, 1.0, 0.0, 0.0, 1.0, 0.0, 1.0, 1.0, 0.0, 0.0, 0.0, 1.0, 0.0, 1.0, 0.0, 0.0, 0.0, 1.0, 1.0, 0.0, 0.0, 1.0, 0.0, 1.0, 0.0, 0.0, 0.0, 1.0, 1.0, 0.0, 1.0, 1.0, 0.0, 1.0, 1.0, 1.0, 0.0, 0.0, 0.0, 0.0, 1.0, 0.0, 1.0, 0.0, 0.0, 1.0, 1.0, 0.0, 0.0, 0.0, 0.0, 1.0, 0.0, 0.0, 0.0, 0.0, 0.0, 1.0, 1.0, 1.0, 1.0, 0.0, 1.0, 1.0, 1.0, 0.0, 0.0, 0.0, 0.0, 1.0, 1.0, 0.0, 0.0, 1.0, 0.0, 1.0, 0.0, 1.0, 0.0, 1.0, 0.0, 0.0, 0.0, 0.0, 1.0, 0.0, 1.0, 0.0, 1.0, 0.0, 0.0, 1.0, 0.0, 1.0, 0.0, 1.0, 1.0, 1.0, 0.0, 0.0, 1.0, 0.0, 0.0, 1.0, 1.0, 1.0, 0.0, 0.0, 1.0, 0.0, 1.0, 0.0, 0.0, 1.0, 0.0, 0.0, 1.0, 1.0, 1.0, 1.0, 0.0, 1.0, 1.0, 1.0, 0.0, 1.0, 1.0, 0.0, 0.0, 1.0, 1.0, 0.0, 0.0, 1.0, 1.0, 0.0, 0.0, 0.0, 1.0, 1.0, 1.0, 1.0, 0.0, 0.0, 0.0, 1.0, 1.0, 0.0, 1.0, 1.0, 0.0, 0.0, 0.0, 1.0, 1.0, 0.0, 1.0, 1.0, 0.0, 0.0, 0.0, 1.0, 1.0, 0.0, 1.0, 0.0, 0.0, 1.0, 1.0, 1.0, 1.0, 0.0, 0.0, 1.0, 1.0, 1.0, 1.0, 1.0, 0.0, 1.0, 1.0, 1.0, 0.0, 1.0, 0.0, 0.0, 0.0, 1.0, 0.0, 0.0, 1.0, 1.0, 1.0, 1.0, 1.0, 0.0, 1.0, 0.0, 0.0, 0.0, 1.0, 1.0, 1.0, 1.0, 1.0, 0.0, 0.0, 1.0, 1.0, 0.0, 0.0, 0.0, 1.0, 1.0, 1.0, 1.0, 1.0, 0.0, 1.0, 0.0, 0.0, 0.0, 0.0, 1.0, 0.0, 0.0, 0.0, 0.0, 1.0, 0.0, 0.0, 1.0, 1.0, 0.0, 0.0, 1.0, 0.0, 1.0, 1.0, 1.0, 0.0, 1.0, 0.0, 0.0, 0.0, 1.0, 1.0, 1.0, 0.0, 0.0, 1.0, 1.0, 0.0, 0.0, 0.0, 1.0, 0.0, 1.0, 0.0, 0.0, 0.0, 1.0, 0.0, 0.0, 1.0, 0.0, 0.0, 0.0, 1.0, 1.0, 0.0, 1.0, 0.0, 0.0, 0.0, 1.0, 0.0, 1.0, 1.0, 1.0, 0.0, 0.0, 1.0, 0.0, 1.0, 1.0, 1.0, 0.0, 1.0, 0.0, 0.0, 1.0, 1.0, 0.0, 1.0, 0.0, 0.0, 1.0, 0.0, 0.0, 1.0, 1.0, 1.0, 1.0, 1.0, 1.0, 1.0, 1.0, 0.0, 0.0, 0.0, 0.0, 0.0, 0.0, 0.0, 1.0, 0.0, 1.0, 1.0, 1.0, 1.0, 1.0, 0.0, 0.0, 0.0, 1.0, 0.0, 1.0, 1.0, 1.0, 0.0, 0.0, 0.0, 1.0, 0.0, 0.0, 0.0, 0.0, 0.0, 1.0, 1.0, 0.0, 0.0, 0.0, 0.0, 1.0, 1.0, 1.0, 0.0, 1.0, 0.0, 1.0, 1.0, 1.0, 0.0, 1.0, 0.0, 1.0, 0.0, 1.0, 1.0, 0.0, 0.0, 1.0, 0.0, 0.0, 0.0, 1.0, 1.0, 0.0, 1.0, 1.0, 1.0, 0.0, 1.0, 1.0, 1.0, 0.0, 0.0, 1.0, 0.0, 1.0, 0.0, 0.0, 1.0, 1.0, 0.0, 1.0, 0.0, 0.0, 1.0, 0.0, 0.0, 0.0, 1.0, 0.0, 1.0, 0.0, 0.0, 1.0, 0.0, 0.0, 0.0, 1.0, 0.0, 0.0, 0.0, 1.0, 1.0, 0.0, 1.0, 1.0, 1.0, 0.0, 0.0, 1.0, 1.0, 0.0, 0.0, 0.0, 0.0, 0.0, 1.0, 1.0, 0.0, 0.0, 0.0, 0.0, 1.0, 1.0, 1.0, 0.0, 0.0, 0.0, 1.0, 0.0, 1.0, 0.0, 1.0, 0.0, 0.0, 0.0, 1.0, 1.0, 0.0, 0.0, 1.0, 0.0, 0.0, 1.0, 1.0, 0.0, 1.0, 1.0, 0.0, 0.0, 0.0, 1.0, 0.0, 0.0, 1.0, 1.0, 1.0, 1.0, 0.0, 1.0, 1.0, 1.0, 0.0, 1.0, 0.0, 0.0, 0.0, 1.0, 0.0, 1.0, 0.0, 1.0, 0.0, 1.0, 1.0, 0.0, 1.0, 1.0, 0.0, 1.0, 0.0, 1.0, 1.0, 1.0, 1.0, 0.0, 1.0, 0.0, 1.0, 1.0, 1.0, 1.0, 0.0, 1.0, 0.0, 0.0, 0.0, 1.0, 0.0, 0.0, 1.0, 0.0, 0.0, 0.0, 0.0, 1.0, 1.0, 1.0, 1.0, 0.0, 1.0, 1.0, 1.0, 1.0, 1.0, 0.0, 1.0, 0.0, 1.0, 0.0, 0.0, 0.0, 1.0, 0.0, 1.0, 1.0, 0.0, 1.0, 0.0, 1.0, 0.0, 0.0, 0.0, 1.0, 1.0, 1.0, 0.0, 0.0, 0.0, 1.0, 0.0, 0.0, 1.0, 1.0, 1.0, 0.0, 0.0, 0.0, 1.0, 1.0, 0.0, 1.0, 0.0, 0.0, 1.0, 1.0, 1.0, 1.0, 1.0, 1.0, 1.0, 1.0, 0.0, 0.0, 0.0, 1.0, 0.0, 0.0, 1.0, 1.0, 0.0, 1.0, 1.0, 0.0, 0.0, 1.0, 1.0, 1.0, 0.0, 0.0, 1.0, 0.0, 0.0, 0.0, 0.0, 0.0, 0.0, 0.0, 1.0, 1.0, 1.0, 1.0, 0.0, 0.0, 1.0, 1.0, 0.0, 0.0, 0.0, 1.0, 1.0, 0.0, 1.0, 1.0, 1.0, 0.0, 1.0, 0.0, 1.0, 1.0, 1.0, 1.0, 1.0, 1.0, 0.0, 0.0, 0.0, 1.0, 1.0, 0.0, 0.0, 1.0, 1.0, 1.0, 0.0, 0.0, 1.0, 0.0, 1.0, 0.0, 1.0, 1.0, 1.0, 1.0, 0.0, 0.0, 1.0, 0.0, 1.0, 1.0, 1.0, 1.0, 1.0, 0.0, 0.0, 0.0, 0.0, 0.0, 0.0, 1.0, 0.0, 0.0, 0.0, 0.0, 1.0, 1.0, 0.0, 1.0, 1.0, 1.0, 0.0, 1.0, 1.0, 0.0, 0.0, 0.0, 0.0, 0.0, 1.0, 0.0, 0.0, 0.0, 0.0, 0.0, 0.0, 0.0, 0.0, 1.0, 1.0, 0.0, 0.0, 0.0, 0.0, 1.0, 0.0, 1.0, 0.0, 0.0, 1.0, 0.0, 1.0, 0.0, 1.0, 1.0, 1.0, 0.0, 0.0, 0.0, 0.0, 0.0, 1.0, 1.0, 1.0, 1.0, 0.0, 0.0, 0.0, 0.0, 1.0, 1.0, 1.0, 0.0, 0.0, 1.0, 1.0, 1.0, 1.0, 1.0, 1.0, 1.0, 0.0, 0.0, 0.0, 1.0, 1.0, 0.0, 0.0, 0.0, 0.0, 1.0, 1.0, 1.0, 0.0, 1.0, 0.0, 1.0, 1.0, 0.0, 0.0, 1.0, 1.0, 0.0, 0.0, 0.0, 1.0, 1.0, 0.0, 0.0, 1.0, 1.0, 1.0, 0.0, 0.0, 0.0, 1.0, 0.0, 1.0, 0.0, 0.0, 0.0, 0.0, 0.0, 0.0, 1.0, 0.0, 0.0, 1.0, 1.0, 1.0, 0.0, 1.0, 0.0, 0.0, 0.0, 0.0, 1.0, 0.0, 0.0, 1.0, 1.0, 0.0, 1.0, 1.0, 1.0, 1.0, 1.0, 0.0, 1.0, 1.0, 0.0, 1.0, 0.0, 0.0, 1.0, 1.0, 1.0, 0.0, 1.0, 1.0, 1.0, 0.0, 1.0, 0.0, 1.0, 1.0, 0.0, 1.0, 0.0, 1.0, 0.0, 0.0, 1.0, 1.0, 0.0, 0.0, 0.0, 1.0, 1.0, 1.0, 1.0, 1.0, 0.0, 1.0, 0.0, 0.0, 1.0, 1.0, 0.0, 1.0, 1.0, 0.0, 1.0, 1.0, 1.0, 1.0, 1.0, 1.0, 0.0, 0.0, 0.0, 1.0, 1.0, 1.0, 0.0, 0.0, 1.0, 1.0, 0.0, 1.0, 0.0, 1.0, 0.0, 0.0, 1.0, 1.0, 1.0, 0.0, 1.0, 1.0, 1.0, 1.0, 0.0, 1.0, 0.0, 0.0, 0.0, 0.0, 0.0, 0.0, 1.0, 1.0, 1.0, 0.0, 1.0, 0.0, 1.0, 1.0, 1.0, 1.0, 0.0, 1.0, 1.0, 1.0, 0.0, 1.0, 1.0, 0.0, 0.0, 0.0, 0.0, 1.0, 0.0, 0.0, 0.0, 1.0, 0.0, 0.0, 1.0, 0.0, 0.0, 0.0, 1.0, 0.0, 1.0, 0.0, 1.0, 0.0, 0.0, 0.0, 1.0, 1.0, 0.0, 1.0, 0.0, 1.0, 0.0, 0.0, 1.0, 1.0, 1.0, 0.0, 0.0, 0.0, 1.0, 0.0, 1.0, 0.0, 1.0, 0.0, 0.0, 1.0, 1.0, 1.0, 1.0, 0.0, 0.0, 0.0, 0.0, 0.0, 0.0, 0.0, 0.0, 0.0, 0.0, 0.0, 0.0, 1.0, 1.0, 1.0, 0.0, 1.0, 1.0, 1.0, 0.0, 0.0, 0.0, 1.0, 1.0, 1.0, 1.0, 1.0, 1.0, 0.0, 1.0, 1.0, 0.0, 0.0, 1.0, 1.0, 1.0, 1.0, 1.0, 0.0, 0.0, 0.0, 1.0, 1.0, 1.0, 1.0, 1.0, 1.0, 1.0, 0.0, 0.0, 0.0, 1.0, 0.0, 0.0, 0.0, 0.0, 1.0, 1.0, 0.0, 1.0, 1.0, 0.0, 0.0, 1.0, 1.0, 1.0, 0.0, 0.0, 1.0, 0.0, 1.0, 1.0, 1.0, 1.0, 1.0, 0.0, 0.0, 0.0, 0.0, 1.0, 1.0, 0.0, 1.0, 0.0, 1.0, 1.0, 0.0, 1.0, 1.0, 0.0, 1.0, 1.0, 0.0, 1.0, 0.0, 0.0, 0.0, 0.0, 0.0, 0.0, 0.0, 1.0, 1.0, 0.0, 1.0, 1.0, 0.0, 0.0, 1.0, 1.0, 1.0, 1.0, 1.0, 1.0, 0.0, 1.0, 0.0, 1.0, 1.0, 0.0, 1.0, 1.0, 1.0, 0.0, 0.0, 0.0, 0.0, 1.0, 1.0, 0.0, 0.0, 0.0, 1.0, 1.0, 0.0, 1.0, 1.0, 1.0, 0.0, 0.0, 0.0, 1.0, 1.0, 1.0, 1.0, 1.0, 1.0, 0.0, 1.0, 0.0, 0.0, 1.0, 1.0, 0.0, 0.0, 0.0, 0.0, 1.0, 0.0, 0.0, 0.0, 0.0, 0.0, 0.0, 0.0, 1.0, 0.0, 1.0, 1.0, 1.0, 0.0, 0.0, 0.0, 0.0, 1.0, 0.0, 1.0, 1.0, 0.0, 0.0, 1.0, 0.0, 1.0, 0.0, 0.0, 1.0, 1.0, 1.0, 1.0, 1.0, 1.0, 1.0, 1.0, 0.0, 0.0, 0.0, 0.0, 0.0, 1.0, 0.0, 1.0, 1.0, 1.0, 1.0, 0.0, 1.0, 0.0, 1.0, 0.0, 1.0, 0.0, 1.0, 0.0, 1.0, 0.0, 1.0, 1.0, 0.0, 1.0, 1.0, 0.0, 1.0, 0.0, 1.0, 0.0, 1.0, 0.0, 0.0, 1.0, 1.0, 0.0, 1.0, 0.0, 1.0, 0.0, 0.0, 0.0, 0.0, 1.0, 1.0, 0.0, 0.0, 1.0, 0.0, 1.0, 1.0, 0.0, 1.0, 0.0, 0.0, 0.0, 0.0, 0.0, 1.0, 1.0, 0.0, 0.0, 1.0, 0.0, 1.0, 1.0, 1.0, 0.0, 1.0, 1.0, 0.0, 1.0, 0.0, 0.0, 1.0, 1.0, 0.0, 1.0, 0.0, 1.0, 1.0, 0.0, 0.0, 0.0, 1.0, 0.0, 0.0, 1.0, 1.0, 1.0, 0.0, 1.0, 1.0, 1.0, 0.0, 0.0, 1.0, 0.0, 1.0, 0.0, 0.0, 1.0, 1.0, 0.0, 1.0, 1.0, 1.0, 1.0, 0.0, 0.0, 0.0, 0.0, 1.0, 0.0, 0.0, 0.0, 1.0, 1.0, 0.0, 0.0, 1.0, 0.0, 1.0, 0.0, 1.0, 1.0, 1.0, 1.0, 1.0, 1.0, 0.0, 0.0, 0.0, 0.0, 1.0, 1.0, 1.0, 0.0, 1.0, 0.0, 0.0, 0.0, 0.0, 1.0, 1.0, 1.0, 1.0, 1.0, 0.0, 0.0, 1.0, 1.0, 1.0, 0.0, 1.0, 1.0, 1.0, 1.0, 0.0, 0.0, 0.0, 1.0, 1.0, 1.0, 0.0, 1.0, 1.0, 0.0, 0.0, 0.0, 1.0, 1.0, 0.0, 1.0, 0.0, 0.0, 0.0, 1.0, 1.0, 0.0, 0.0, 0.0, 1.0, 1.0, 0.0, 1.0, 1.0, 0.0, 0.0, 0.0, 0.0, 1.0, 0.0, 0.0, 1.0, 1.0, 0.0, 1.0, 0.0, 1.0, 1.0, 1.0, 1.0, 0.0, 1.0, 0.0, 1.0, 0.0, 1.0, 1.0, 1.0, 0.0, 1.0, 0.0, 1.0, 0.0, 1.0, 0.0, 0.0, 1.0, 1.0, 1.0, 0.0, 1.0, 0.0, 1.0, 1.0, 0.0, 1.0, 1.0, 0.0, 0.0, 0.0, 1.0, 0.0, 1.0, 0.0, 1.0, 0.0, 0.0, 1.0, 1.0, 1.0, 0.0, 0.0, 0.0, 0.0, 1.0, 1.0, 0.0, 1.0, 0.0, 0.0, 0.0, 0.0, 0.0, 1.0, 0.0, 0.0, 1.0, 0.0, 0.0, 0.0, 0.0, 1.0, 1.0, 1.0, 1.0, 0.0, 1.0, 0.0, 0.0, 0.0, 0.0, 0.0, 1.0, 0.0, 0.0, 1.0, 0.0, 1.0, 1.0, 0.0, 0.0, 0.0, 1.0, 0.0, 0.0, 1.0, 0.0, 1.0, 0.0, 0.0, 1.0, 0.0, 0.0, 1.0, 1.0, 1.0, 0.0, 0.0, 0.0, 1.0, 1.0, 0.0, 1.0, 0.0, 0.0, 0.0, 1.0, 1.0, 1.0, 0.0, 0.0, 1.0, 0.0, 1.0, 0.0, 1.0, 0.0, 0.0, 1.0, 0.0, 1.0, 0.0, 1.0, 1.0, 1.0, 0.0, 1.0, 1.0, 1.0, 1.0, 1.0, 0.0, 1.0, 0.0, 1.0, 0.0, 1.0, 1.0, 1.0, 0.0, 0.0, 0.0, 0.0, 0.0, 1.0, 1.0, 1.0, 0.0, 0.0, 1.0, 0.0, 1.0, 0.0, 1.0, 0.0, 1.0, 0.0, 1.0, 1.0, 0.0, 0.0, 1.0, 0.0, 0.0, 0.0, 1.0, 1.0, 0.0, 1.0, 1.0, 1.0, 1.0, 1.0, 1.0, 1.0, 0.0, 1.0, 0.0, 0.0, 1.0, 0.0, 1.0, 1.0, 0.0, 1.0, 0.0, 0.0, 1.0, 0.0, 0.0, 1.0, 1.0, 1.0, 0.0, 1.0, 0.0, 1.0, 1.0, 0.0, 1.0, 0.0, 1.0, 0.0, 1.0, 0.0, 0.0, 0.0, 1.0, 1.0, 0.0, 0.0, 1.0, 1.0, 0.0, 1.0, 0.0, 0.0, 1.0, 0.0, 0.0, 1.0, 1.0, 1.0, 1.0, 1.0, 1.0, 1.0, 1.0, 1.0, 0.0, 0.0, 0.0, 0.0, 1.0, 0.0, 1.0, 0.0, 0.0, 1.0, 1.0, 0.0, 1.0, 1.0, 0.0, 1.0, 1.0, 0.0, 0.0, 0.0, 0.0, 1.0, 1.0, 0.0, 0.0, 0.0, 1.0, 0.0, 1.0, 0.0, 1.0, 1.0, 1.0, 0.0, 0.0, 0.0, 0.0, 1.0, 1.0, 1.0, 1.0, 0.0, 0.0, 0.0, 1.0, 0.0, 0.0, 1.0, 0.0, 0.0, 1.0, 0.0, 0.0, 0.0, 0.0, 0.0, 0.0, 0.0, 0.0, 1.0, 1.0, 0.0, 1.0, 0.0, 1.0, 1.0, 0.0, 0.0, 1.0, 1.0, 0.0, 0.0, 1.0, 1.0, 0.0, 0.0, 0.0, 1.0, 0.0, 0.0, 0.0, 0.0, 0.0, 0.0, 1.0, 1.0, 0.0, 0.0, 1.0, 1.0, 1.0, 0.0, 1.0, 1.0, 1.0, 0.0, 1.0, 1.0, 1.0, 1.0, 1.0, 0.0, 0.0, 1.0, 1.0, 1.0, 0.0, 1.0, 0.0, 0.0, 0.0, 0.0, 1.0, 0.0, 1.0, 0.0, 0.0, 0.0, 0.0, 1.0, 1.0, 1.0, 1.0, 1.0, 0.0, 0.0, 1.0, 0.0, 1.0, 1.0, 1.0, 1.0, 1.0, 0.0, 1.0, 1.0, 1.0, 0.0, 1.0, 1.0, 1.0, 0.0, 0.0, 1.0, 1.0, 0.0, 1.0, 1.0, 1.0, 1.0, 1.0, 0.0, 0.0, 1.0, 1.0, 1.0, 1.0, 1.0, 0.0, 0.0, 1.0, 1.0, 1.0, 0.0, 1.0, 1.0, 0.0, 0.0, 0.0, 0.0, 1.0, 1.0, 1.0, 1.0, 0.0, 1.0, 1.0, 1.0, 1.0, 1.0, 1.0, 0.0, 1.0, 1.0, 0.0, 0.0, 0.0, 1.0, 1.0, 1.0, 1.0, 0.0, 0.0, 0.0, 1.0, 1.0, 0.0, 1.0, 1.0, 1.0, 1.0, 0.0, 0.0, 0.0, 0.0, 1.0, 1.0, 0.0, 0.0, 0.0, 0.0, 1.0, 1.0, 1.0, 0.0, 0.0, 1.0, 0.0, 1.0, 0.0, 0.0, 1.0, 0.0, 1.0, 0.0, 0.0, 1.0, 0.0, 0.0, 0.0, 1.0, 0.0, 0.0, 1.0, 0.0, 0.0, 1.0, 0.0, 0.0, 0.0, 0.0, 1.0, 0.0, 1.0, 0.0, 0.0, 0.0, 0.0, 0.0, 1.0, 1.0, 0.0, 1.0, 1.0, 0.0, 0.0, 0.0, 0.0, 1.0, 1.0, 1.0, 1.0, 1.0, 0.0, 1.0, 1.0, 1.0, 0.0, 0.0, 0.0, 0.0, 1.0, 0.0, 1.0, 1.0, 1.0, 0.0, 1.0, 1.0, 1.0, 0.0, 1.0, 1.0, 1.0, 1.0, 0.0, 1.0, 0.0, 0.0, 0.0, 0.0, 1.0, 1.0, 0.0, 0.0, 1.0, 1.0, 0.0, 0.0, 1.0, 0.0, 0.0, 1.0, 0.0, 0.0, 1.0, 0.0, 1.0, 0.0, 0.0, 1.0, 0.0, 1.0, 0.0, 1.0, 0.0, 1.0, 0.0, 1.0, 1.0, 0.0, 1.0, 1.0, 0.0, 0.0, 1.0, 0.0, 1.0, 1.0, 1.0, 0.0, 0.0, 0.0, 0.0, 1.0, 1.0, 1.0, 0.0, 0.0, 0.0, 1.0, 0.0, 1.0, 1.0, 1.0, 0.0, 0.0, 0.0, 1.0, 0.0, 1.0, 1.0, 1.0, 0.0, 1.0, 0.0, 1.0, 0.0, 1.0, 1.0, 0.0, 0.0, 0.0, 1.0, 0.0, 0.0, 0.0, 0.0, 0.0, 0.0, 1.0, 1.0, 0.0, 0.0, 1.0, 0.0, 1.0, 1.0, 0.0, 1.0, 1.0, 0.0, 0.0, 1.0, 0.0, 1.0, 0.0, 0.0, 0.0, 1.0, 1.0, 0.0, 1.0, 0.0, 1.0, 0.0, 1.0, 0.0, 0.0, 1.0, 0.0, 1.0, 0.0, 0.0, 1.0, 0.0, 1.0, 1.0, 0.0, 0.0, 0.0, 0.0, 1.0, 0.0, 1.0, 0.0, 0.0, 0.0, 0.0, 0.0, 0.0, 1.0, 1.0, 0.0]","['lNONHSAG000311', 'lNONHSAG000863', 'lNONHSAG000967', 'lNONHSAG001513', 'lNONHSAG002359', 'lNONHSAG003074', 'lNONHSAG003303', 'lNONHSAG003938', 'lNONHSAG004013', 'lNONHSAG004247', 'lNONHSAG004674', 'lNONHSAG005838', 'lNONHSAG006007', 'lNONHSAG006678', 'lNONHSAG006692', 'lNONHSAG007463', 'lNONHSAG007602', 'lNONHSAG007715', 'lNONHSAG008220', 'lNONHSAG009728', 'lNONHSAG010348', 'lNONHSAG012025', 'lNONHSAG012505', 'lNONHSAG013005', 'lNONHSAG013940', 'lNONHSAG014373', 'lNONHSAG014381', 'lNONHSAG014502', 'lNONHSAG014914', 'lNONHSAG015215', 'lNONHSAG015454', 'lNONHSAG016021', 'lNONHSAG016486', 'lNONHSAG017377', 'lNONHSAG018322', 'lNONHSAG018621', 'lNONHSAG018893', 'lNONHSAG019115', 'lNONHSAG019613', 'lNONHSAG019711', 'lNONHSAG020274', 'lNONHSAG020298', 'lNONHSAG021335', 'lNONHSAG021370', 'lNONHSAG021410', 'lNONHSAG022655', 'lNONHSAG023387', 'lNONHSAG023579', 'lNONHSAG024141', 'lNONHSAG024332', 'lNONHSAG025864', 'lNONHSAG025865', 'lNONHSAG027075', 'lNONHSAG027598', 'lNONHSAG027694', 'lNONHSAG028045', 'lNONHSAG028083', 'lNONHSAG028820', 'lNONHSAG029080', 'lNONHSAG029377', 'lNONHSAG029956', 'lNONHSAG029958', 'lNONHSAG030258', 'lNONHSAG030583', 'lNONHSAG031123', 'lNONHSAG031425', 'lNONHSAG032126', 'lNONHSAG032312', 'lNONHSAG032737', 'lNONHSAG033170', 'lNONHSAG033224', 'lNONHSAG033263', 'lNONHSAG033298', 'lNONHSAG033352', 'lNONHSAG033459', 'lNONHSAG033937', 'lNONHSAG034846', 'lNONHSAG035568', 'lNONHSAG037080', 'lNONHSAG037082', 'lNONHSAG037146', 'lNONHSAG037559', 'lNONHSAG038060', 'lNONHSAG038091', 'lNONHSAG038836', 'lNONHSAG039037', 'lNONHSAG039147', 'lNONHSAG039620', 'lNONHSAG039872', 'lNONHSAG039951', 'lNONHSAG040692', 'lNONHSAG041480', 'lNONHSAG041592', 'lNONHSAG041707', 'lNONHSAG042138', 'lNONHSAG042722', 'lNONHSAG044429', 'lNONHSAG044791', 'lNONHSAG047463', 'lNONHSAG048057', 'lNONHSAG048623', 'lNONHSAG048641', 'lNONHSAG048817', 'lNONHSAG049288', 'lNONHSAG051770', 'lNONHSAG053014', 'lNONHSAG053028', 'lNONHSAG053033', 'lNONHSAG053796', 'lNONHSAG055258', 'lNONHSAG061096', 'lNONHSAG061492', 'lNONHSAG068639', 'lNONHSAG074052', 'lNONHSAG075363', 'lNONHSAG077475', 'lNONHSAG080772', 'lNONHSAG081993', 'lNONHSAG083615', 'lNONHSAG083894', 'lNONHSAG093517', 'lNONHSAG094075', 'lNONHSAG097347', 'lNONHSAG099774', 'lENSG00000225470', 'lENSG00000226137', 'lENSG00000227963', 'lENSG00000228022', 'lENSG00000230257', 'lENSG00000231663', 'lENSG00000241388', 'lENSG00000245614', 'lENSG00000265374', 'lENSG00000269911', 'lENSG00000279296', 'lA1BG-AS1', 'lANKRD62P1-PARP4P3', 'lDGKK', 'lGHET1', 'lKCTD21-AS1', 'lLAMTOR5-AS1', 'lLBX2-AS1', 'lLPP-AS2', 'lMYLK-AS1', 'lRP11-49K24.4', 'lRP5-1061H20.4', 'lNONHSAG000157', 'lNONHSAG000896', 'lNONHSAG002487', 'lNONHSAG003308', 'lNONHSAG005473', 'lNONHSAG005747', 'lNONHSAG005915', 'lNONHSAG006078', 'lNONHSAG006086', 'lNONHSAG006186', 'lNONHSAG006377', 'lNONHSAG006399', 'lNONHSAG006581', 'lNONHSAG006808', 'lNONHSAG007118', 'lNONHSAG007129', 'lNONHSAG007730', 'lENSG00000177596', 'lENSG00000203605', 'lENSG00000203864', 'lENSG00000221845', 'lENSG00000222044', 'lENSG00000223374', 'lENSG00000223634', 'lENSG00000223809', 'lENSG00000224075', 'lENSG00000224541', 'lENSG00000225012', 'lENSG00000226047', 'lENSG00000226337', 'lENSG00000226454', 'lENSG00000226508', 'lENSG00000226576', 'lENSG00000227769', 'lENSG00000228548', 'lENSG00000228950', 'lENSG00000229190', 'lENSG00000229370', 'lENSG00000230234', 'lENSG00000230599', 'lENSG00000230972', 'lENSG00000231092', 'lENSG00000232058', 'lENSG00000232451', 'lENSG00000232596', 'lENSG00000233407', 'lENSG00000233534', 'lENSG00000233656', 'lENSG00000233891', 'lENSG00000233969', 'lENSG00000234117', 'lENSG00000234693', 'lENSG00000234860', 'lENSG00000235122', 'lENSG00000235435', 'lENSG00000235669', 'lENSG00000236498', 'lENSG00000236559', 'lENSG00000236648', 'lENSG00000237073', 'lENSG00000237337', 'lENSG00000237670', 'lENSG00000240573', 'lENSG00000241593', 'lENSG00000242391', 'lENSG00000243149', 'lENSG00000245148', 'lENSG00000247925', 'lENSG00000249441', 'lENSG00000249697', 'lENSG00000249782', 'lENSG00000249865', 'lENSG00000250062', 'lENSG00000250242', 'lENSG00000250626', 'lENSG00000250949', 'lENSG00000251185', 'lENSG00000251194', 'lENSG00000253167', 'lENSG00000253282', 'lENSG00000253449', 'lENSG00000253665', 'lENSG00000253754', 'lENSG00000253947', 'lENSG00000254094', 'lENSG00000254123', 'lENSG00000254171', 'lENSG00000254325', 'lENSG00000254380', 'lENSG00000254456', 'lENSG00000255084', 'lENSG00000255357', 'lENSG00000255390', 'lENSG00000255523', 'lENSG00000255565', 'lENSG00000255839', 'lENSG00000256209', 'lENSG00000256234', 'lENSG00000257165', 'lENSG00000257264', 'lENSG00000257342', 'lENSG00000257541', 'lENSG00000257732', 'lENSG00000258044', 'lENSG00000258425', 'lENSG00000258460', 'lENSG00000258670', 'lENSG00000258742', 'lENSG00000258800', 'lENSG00000259202', 'lENSG00000259945', 'lENSG00000260186', 'lENSG00000260454', 'lENSG00000260605', 'lENSG00000260773', 'lENSG00000260798', 'lENSG00000261729', 'lENSG00000262151', 'lENSG00000262815', 'lENSG00000263585', 'lENSG00000263618', 'lENSG00000263873', 'lENSG00000264622', 'lENSG00000264734', 'lENSG00000264825', 'lENSG00000265334', 'lENSG00000265474', 'lENSG00000265743', 'lENSG00000265840', 'lENSG00000266541', 'lENSG00000267000', 'lENSG00000267791', 'lENSG00000267980', 'lENSG00000268289', 'lENSG00000268520', 'lENSG00000269292', 'lENSG00000269495', 'lENSG00000269987', 'lENSG00000270082', 'lENSG00000270094', 'lENSG00000270108', 'lENSG00000270380', 'lENSG00000271032', 'lENSG00000271945', 'lENSG00000272027', 'lENSG00000273035', 'lENSG00000273461', 'lENSG00000281831', 'lENSG00000283083', 'lENSG00000283766', 'lENSG00000284500', 'lENSG00000285012', 'lENSG00000285473', 'lENSG00000285889', 'lENSG00000286020', 'lENSG00000286276', 'lENSG00000286331', 'lENSG00000286419', 'lENSG00000286515', 'lENSG00000286645', 'lENSG00000287236', 'lENSG00000287441', 'lENSG00000287501', 'lENSG00000287517', 'lENSG00000287518', 'lENSG00000229454', 'lENSG00000244620', 'lENSG00000254306', 'lENSG00000256686', 'lENSG00000258196', 'lENSG00000261470', 'lENSG00000266893', 'lENSG00000269391', 'lENSG00000273403', 'lENSG00000263316', 'lENSG00000260141', 'lENSG00000272934']","[1.0, 0.0, 1.0, 0.0, 1.0, 1.0, 1.0, 1.0, 1.0, 0.0, 0.0, 1.0, 1.0, 0.0, 1.0, 1.0, 0.0, 0.0, 1.0, 1.0, 1.0, 0.0, 0.0, 0.0, 1.0, 0.0, 0.0, 1.0, 1.0, 0.0, 1.0, 1.0, 1.0, 1.0, 0.0, 0.0, 0.0, 0.0, 0.0, 0.0, 0.0, 1.0, 1.0, 0.0, 1.0, 0.0, 0.0, 0.0, 0.0, 0.0, 1.0, 0.0, 1.0, 1.0, 1.0, 1.0, 0.0, 0.0, 1.0, 1.0, 0.0, 0.0, 1.0, 0.0, 0.0, 0.0, 1.0, 0.0, 1.0, 1.0, 0.0, 0.0, 1.0, 1.0, 1.0, 1.0, 1.0, 0.0, 0.0, 0.0, 1.0, 0.0, 1.0, 1.0, 1.0, 1.0, 1.0, 0.0, 1.0, 0.0, 0.0, 0.0, 1.0, 1.0, 0.0, 0.0, 1.0, 0.0, 0.0, 0.0, 0.0, 1.0, 0.0, 0.0, 0.0, 0.0, 0.0, 1.0, 0.0, 1.0, 0.0, 1.0, 1.0, 0.0, 1.0, 1.0, 0.0, 0.0, 0.0, 0.0, 1.0, 1.0, 0.0, 0.0, 0.0, 1.0, 1.0, 0.0, 0.0, 0.0, 0.0, 0.0, 0.0, 0.0, 0.0, 1.0, 1.0, 1.0, 0.0, 0.0, 1.0, 1.0, 0.0, 0.0, 0.0, 0.0, 1.0, 1.0, 1.0, 0.0, 1.0, 0.0, 1.0, 1.0, 1.0, 0.0, 1.0, 1.0, 1.0, 1.0, 1.0, 0.0, 0.0, 0.0, 0.0, 0.0, 0.0, 0.0, 0.0, 1.0, 0.0, 0.0, 0.0, 0.0, 0.0, 1.0, 0.0, 0.0, 0.0, 1.0, 0.0, 0.0, 0.0, 1.0, 1.0, 0.0, 1.0, 0.0, 1.0, 0.0, 0.0, 1.0, 0.0, 0.0, 1.0, 1.0, 1.0, 0.0, 1.0, 0.0, 1.0, 1.0, 0.0, 0.0, 0.0, 1.0, 1.0, 0.0, 1.0, 0.0, 0.0, 1.0, 1.0, 1.0, 1.0, 1.0, 1.0, 0.0, 1.0, 0.0, 0.0, 0.0, 1.0, 1.0, 1.0, 0.0, 0.0, 0.0, 1.0, 0.0, 0.0, 1.0, 1.0, 1.0, 0.0, 0.0, 0.0, 0.0, 1.0, 1.0, 1.0, 1.0, 0.0, 1.0, 0.0, 0.0, 1.0, 0.0, 1.0, 1.0, 1.0, 1.0, 1.0, 0.0, 0.0, 1.0, 1.0, 0.0, 0.0, 1.0, 0.0, 0.0, 0.0, 0.0, 1.0, 1.0, 1.0, 0.0, 1.0, 1.0, 0.0, 0.0, 1.0, 0.0, 1.0, 1.0, 1.0, 0.0, 1.0, 1.0, 0.0, 0.0, 0.0, 0.0, 0.0, 0.0, 0.0, 0.0, 0.0, 0.0, 0.0, 1.0, 0.0, 1.0, 1.0, 0.0, 1.0, 1.0, 1.0, 1.0, 1.0, 1.0, 1.0, 0.0, 0.0, 0.0, 1.0, 0.0, 0.0, 1.0, 1.0, 0.0, 0.0, 1.0, 0.0, 0.0, 1.0, 1.0, 1.0, 0.0, 0.0, 0.0, 1.0]","[0, 1, 0, 0, 1, 1, 0, 1, 0, 1, 0, 1, 1, 1, 1, 1, 1, 0, 1, 1, 0, 0, 0, 1, 0, 1, 0, 1, 0, 1, 1, 1, 1, 1, 1, 0, 1, 0, 0, 1, 1, 0, 1, 0, 0, 1, 0, 1, 0, 1, 0, 1, 0, 0, 0, 0, 1, 0, 1, 1, 1, 0, 1, 1, 0, 0, 0, 0, 0, 1, 1, 1, 1, 0, 0, 0, 1, 1, 0, 0, 0, 1, 0, 1, 1, 1, 1, 1, 0, 0, 1, 0, 1, 1, 1, 1, 1, 1, 1, 1, 0, 1, 0, 1, 0, 1, 1, 0, 0, 0, 0, 0, 1, 0, 0, 0, 1, 1, 0, 1, 1, 1, 0, 0, 1, 0, 0, 0, 0, 0, 1, 1, 1, 0, 1, 0, 1, 0, 0, 1, 1, 0, 0, 0, 1, 1, 0, 0, 1, 0, 1, 0, 1, 0, 1, 1, 0, 0, 0, 0, 0, 0, 1, 1, 1, 1, 0, 0, 1, 1, 0, 0, 0, 1, 0, 0, 0, 0, 0, 0, 0, 0, 1, 1, 0, 0, 0, 1, 0, 0, 1, 1, 1, 1, 0, 0, 1, 0, 0, 1, 1, 1, 1, 1, 1, 0, 1, 0, 0, 0, 0, 0, 0, 0, 1, 1, 0, 1, 0, 1, 0, 1, 0, 0, 0, 1, 1, 1, 1, 1, 1, 1, 0, 0, 0, 0, 1, 0, 1, 1, 1, 1, 1, 0, 1, 1, 1, 1, 1, 1, 0, 1, 0, 1, 1, 1, 0, 1, 0, 1, 1, 0, 1, 0, 0, 1, 1, 0, 1, 1, 0, 1, 1, 0, 1, 1, 1, 1, 1, 0, 0, 1, 0, 1, 0, 0, 0, 1, 1, 0, 0, 1, 0, 1, 0, 0, 0, 1, 0, 1, 0, 0, 0, 0, 0, 1, 1, 1, 0, 1, 1, 0, 0, 0, 0, 0, 0, 1, 0, 1, 1, 1, 1]","[-0.028938431269190518, 0.08854873521308113, -0.026843312015945947, -0.38219311036444004, 0.13066006578302833, 0.08617766507236821, -0.009366172255217214, 0.06257381281760008, -0.04468520901553033, 0.04301020316524548, -0.055849901352827996, 0.11166670141708554, 0.16995289646545483, 0.14400823019227724, 0.03471541546774912, 0.16946654094088573, 0.061230410857047585, -0.04519896579991592, 0.056778252548002034, 0.10283996743382359, -0.0026349578913254235, -0.13069825238906788, -0.05250135510120171, 0.1404719406342023, -0.11096744172778275, 0.16787227733070223, -0.0915449624102729, 0.019311577845231048, -0.0010765933474796985, 0.09392375511829096, 0.15657399800530378, 0.06989449862242633, 0.16431603710496787, 0.08680337610153252, 0.16957636960453445, -0.10585622219852867, 0.12313314449590926, -0.12396712146797564, -0.05004359536950223, 0.050126597652593946, 0.23108156627769347, -0.041022474225428845, 0.10717732995995385, -0.1823621874107171, -0.06308254484918277, 0.018947387981296887, -0.09038009793694027, 0.15779945105920565, -0.05456515875232573, 0.1476864754906397, -0.22492536255648712, 0.028094009382524238, -0.21530362692546492, -0.04033511724132602, -0.04341813491866445, -0.11278348323578616, 0.027329846469005464, -0.15916060770933863, 0.22978574528257287, 0.05220259352466014, 1.1760694908901124, -0.04427788909502442, 0.05378198001254139, 0.466239974746949, -0.0060229697037322005, -0.08937342962272934, -0.05654423156294788, -0.08979549641718013, -0.02578954434656147, 0.0035146044191802506, 0.0792938781217962, 0.15183193065156628, 0.08718864388654077, -0.027608212695122508, -0.06929889839474404, -0.30361232435138197, 0.06950003002256519, 0.062023180853382626, -0.19448504347836962, -0.09992442815790673, -0.2041154837482482, 0.09184404708095537, -0.014662220797556885, 0.004289911223285675, 0.014110621099966164, 0.13637003794091448, 0.13833401659223263, 0.058882313348781884, -0.061569925314925805, -0.00011296923919038027, 0.11393200224258246, -0.036195156710700865, 0.03221334145136298, 0.16113917145569553, 0.18773786911782128, 0.020242704237762837, 0.1883007217957615, 0.007857395875013856, 0.19388773650609667, 0.10284111158092843, -0.007641362209706043, 0.0998116482352944, -0.2585616376916555, 0.018993249094562542, -0.13682186796140308, 0.30759764488892016, 0.18551346409377853, -0.25752149273212943, -0.05320681708119393, -0.05021529089501489, -0.0023731538206202274, -0.1697784439643313, 0.9605826296133217, -0.04097165889425783, -0.13460061229886558, -0.02040834116376014, 0.14546954777475515, 0.023966624420915322, -0.1949717210700768, 0.09003666677073016, 0.20611271816295737, 0.417866095708882, -0.23008742205216273, -0.11366977192946862, 0.21472439104037663, -0.10347225639234028, -0.25088758899247554, -0.1974961486592737, -0.20494164343728685, -0.24572549938962931, 0.01940221664067507, 0.5410206323434781, 0.13008333946979758, -0.08623094536405798, 0.10615308386844943, -0.11338839501946832, 0.057451677711539445, -0.08445525724112038, -0.03727778204693857, 0.10963925878605393, 0.054929174902689865, -0.046892052758598785, -0.20210620402363813, -0.13666125243734298, 0.17170176712631743, 0.033966742680239664, -0.025413834218400294, -0.08934250875680474, 0.14709910816024704, -0.06057007372449277, 0.040399059757118855, -0.25803447680357405, 0.1539800860636977, -0.03517636596561882, 0.06809536061582541, 0.0986376824092263, -0.24099891607511295, -0.03211999086058384, -0.001870929106284419, -0.030640012973623926, -0.41611379096220524, -0.08699682110689302, 0.09073524833010113, 0.2229388379629624, 0.04630566042553805, 0.006674316927607199, -0.0021698200576507898, -0.12354331739419225, 0.13426715782223383, 0.22186251703776502, -0.06855928180354146, -0.08340488849649466, -0.2417430749340206, 0.02178949558160001, -0.13038199961744626, -0.03426305422012252, -0.10262021249714484, -0.03158421556034477, -0.08537275140079084, -0.0293188246486277, -0.04457064779240097, -0.2244783344959155, 0.03276219626044849, 0.24465861574395428, -0.019135560463579032, -0.038476541970234784, -0.14833722036858224, 0.13843681284961537, -0.09319011300519012, -0.006842456753154452, 0.269648655863054, 0.08934022985003096, 0.022849633247512297, 0.11730684486278228, -0.0868984632577113, -0.06694789007323113, 0.20229032661159205, -0.3064745255775434, -0.045636602253406905, 0.08712872659502777, 0.01492756650688884, 0.10877806265478215, 0.03526955582170507, 0.1710019592892051, 0.03320686657326785, -0.116370796490634, 0.045578048979471236, -0.01890815915865854, -0.06061722974075803, -0.07291802650653542, -0.20831755097735963, -0.016946004315731372, -0.10639588288161808, -0.23154102512522104, 0.2006682820792605, 0.03301975747539995, -0.06741192684352762, 0.09534147956405944, -0.14960258262085194, 0.1502533043006233, -0.0313510990061914, 0.15863412134307062, -0.05171626362959117, -0.01905642258414822, -0.1462503342098345, 0.06642077788324682, 0.1091818200063501, 0.1453490810360107, 0.02204200848531787, 0.015334975605150597, 0.21552599077481024, 0.1684681948702423, -0.011706305433820258, -0.15680173951416346, -0.07991009737908464, -0.09842730250648948, 0.048560521148345276, -0.1710713333849985, 0.28818991895262736, 0.41737523813804667, 0.30224988811020514, 0.09471593891830563, 0.10505027753418925, -0.10786933598941231, 0.16112605807716848, 0.19337622808756014, 0.14552549685546398, 0.08078490717392703, 0.0949837300182663, 0.22575599287284184, -0.1756601778892997, 0.4373683205178238, -0.022034429710554165, 0.22747962706901223, 0.4217256612907174, 0.12700474417082183, -0.09601162623773715, 0.01832485471507958, -0.1203649300597486, 0.02523034696343493, 0.024049553867803802, -0.06912906111552133, 0.15405637921896684, -0.16017634244748172, -0.17579736853652664, 0.1558196842721474, 0.2163010425053382, -0.19096180530113174, 0.18165269255177888, 0.141998688921214, -0.06417018154310719, 0.0231572375182236, 0.1863997592020645, -0.09506258516500402, 0.05447472149817564, 0.2825817333439018, 0.027835126866958743, 0.18625959258954558, 0.15888377294838094, -0.11645283877621296, -0.15311053815485434, 0.1884464466334703, -0.044353985241680355, 0.04136043669656894, -0.01468107184538428, -0.3002564581529711, -0.020306899829186903, 0.08854615097424265, 0.16712828312053504, -0.1616840119062453, -0.09437782149722532, 0.16913923310917897, -0.2850408562435591, 0.043691541600605815, -0.0749212610707666, -0.12423036555533942, -0.06348186595549624, 0.03859216401695362, -0.10090917140777303, 0.04452538755874633, -0.2969417102172208, -0.00127665254412071, -0.09812693759656257, -0.15006279670372172, -0.12442299805608761, 0.13634887881141353, 0.06476556112435047, 0.11930718499206502, -0.21884277252101828, 0.18322976627869522, 0.44363131977034886, -0.05988824337289625, -0.1941181020843417, -0.20383687901028227, -0.051701655348743075, -0.042622476017337735, -0.017837199412287702, 0.12360883646020945, -0.0451742830762725, 0.035205338980154294, 0.14814791548031112, 0.07984304374960957, 0.013675386631158776]"
8,"['lNONHSAG000008', 'lNONHSAG000047', 'lNONHSAG000059', 'lNONHSAG000130', 'lNONHSAG000195', 'lNONHSAG000241', 'lNONHSAG000253', 'lNONHSAG000311', 'lNONHSAG000374', 'lNONHSAG000381', 'lNONHSAG000464', 'lNONHSAG000484', 'lNONHSAG000498', 'lNONHSAG000579', 'lNONHSAG000584', 'lNONHSAG000603', 'lNONHSAG000625', 'lNONHSAG000742', 'lNONHSAG000769', 'lNONHSAG000840', 'lNONHSAG000843', 'lNONHSAG000863', 'lNONHSAG000884', 'lNONHSAG000918', 'lNONHSAG000967', 'lNONHSAG001142', 'lNONHSAG001172', 'lNONHSAG001238', 'lNONHSAG001247', 'lNONHSAG001259', 'lNONHSAG001278', 'lNONHSAG001284', 'lNONHSAG001360', 'lNONHSAG001375', 'lNONHSAG001448', 'lNONHSAG001468', 'lNONHSAG001513', 'lNONHSAG001724', 'lNONHSAG001773', 'lNONHSAG001837', 'lNONHSAG001941', 'lNONHSAG002056', 'lNONHSAG002058', 'lNONHSAG002086', 'lNONHSAG002134', 'lNONHSAG002135', 'lNONHSAG002343', 'lNONHSAG002359', 'lNONHSAG002378', 'lNONHSAG002454', 'lNONHSAG002490', 'lNONHSAG002549', 'lNONHSAG002669', 'lNONHSAG002719', 'lNONHSAG002731', 'lNONHSAG002752', 'lNONHSAG002883', 'lNONHSAG003053', 'lNONHSAG003056', 'lNONHSAG003068', 'lNONHSAG003074', 'lNONHSAG003077', 'lNONHSAG003134', 'lNONHSAG003156', 'lNONHSAG003244', 'lNONHSAG003269', 'lNONHSAG003303', 'lNONHSAG003504', 'lNONHSAG003505', 'lNONHSAG003512', 'lNONHSAG003645', 'lNONHSAG003820', 'lNONHSAG003874', 'lNONHSAG003884', 'lNONHSAG003886', 'lNONHSAG003900', 'lNONHSAG003912', 'lNONHSAG003938', 'lNONHSAG003957', 'lNONHSAG003976', 'lNONHSAG004013', 'lNONHSAG004026', 'lNONHSAG004054', 'lNONHSAG004095', 'lNONHSAG004247', 'lNONHSAG004303', 'lNONHSAG004305', 'lNONHSAG004373', 'lNONHSAG004619', 'lNONHSAG004674', 'lNONHSAG004714', 'lNONHSAG004743', 'lNONHSAG004868', 'lNONHSAG005153', 'lNONHSAG005339', 'lNONHSAG005377', 'lNONHSAG005403', 'lNONHSAG005669', 'lNONHSAG005699', 'lNONHSAG005711', 'lNONHSAG005721', 'lNONHSAG005728', 'lNONHSAG005732', 'lNONHSAG005742', 'lNONHSAG005838', 'lNONHSAG005866', 'lNONHSAG005920', 'lNONHSAG006007', 'lNONHSAG006049', 'lNONHSAG006054', 'lNONHSAG006071', 'lNONHSAG006163', 'lNONHSAG006204', 'lNONHSAG006212', 'lNONHSAG006341', 'lNONHSAG006362', 'lNONHSAG006454', 'lNONHSAG006457', 'lNONHSAG006474', 'lNONHSAG006477', 'lNONHSAG006526', 'lNONHSAG006633', 'lNONHSAG006678', 'lNONHSAG006692', 'lNONHSAG006735', 'lNONHSAG006756', 'lNONHSAG006763', 'lNONHSAG006772', 'lNONHSAG006865', 'lNONHSAG006945', 'lNONHSAG006966', 'lNONHSAG007109', 'lNONHSAG007295', 'lNONHSAG007324', 'lNONHSAG007384', 'lNONHSAG007430', 'lNONHSAG007431', 'lNONHSAG007434', 'lNONHSAG007455', 'lNONHSAG007463', 'lNONHSAG007538', 'lNONHSAG007602', 'lNONHSAG007631', 'lNONHSAG007692', 'lNONHSAG007708', 'lNONHSAG007715', 'lNONHSAG007868', 'lNONHSAG007961', 'lNONHSAG007983', 'lNONHSAG007984', 'lNONHSAG008015', 'lNONHSAG008037', 'lNONHSAG008056', 'lNONHSAG008167', 'lNONHSAG008199', 'lNONHSAG008220', 'lNONHSAG008354', 'lNONHSAG008517', 'lNONHSAG008540', 'lNONHSAG008552', 'lNONHSAG008589', 'lNONHSAG008615', 'lNONHSAG008654', 'lNONHSAG008670', 'lNONHSAG008675', 'lNONHSAG008693', 'lNONHSAG008726', 'lNONHSAG008759', 'lNONHSAG008859', 'lNONHSAG008937', 'lNONHSAG008952', 'lNONHSAG008966', 'lNONHSAG009021', 'lNONHSAG009039', 'lNONHSAG009059', 'lNONHSAG009062', 'lNONHSAG009124', 'lNONHSAG009133', 'lNONHSAG009134', 'lNONHSAG009174', 'lNONHSAG009180', 'lNONHSAG009193', 'lNONHSAG009228', 'lNONHSAG009544', 'lNONHSAG009546', 'lNONHSAG009613', 'lNONHSAG009636', 'lNONHSAG009728', 'lNONHSAG009747', 'lNONHSAG009755', 'lNONHSAG009757', 'lNONHSAG009782', 'lNONHSAG009913', 'lNONHSAG009938', 'lNONHSAG009945', 'lNONHSAG009989', 'lNONHSAG010021', 'lNONHSAG010117', 'lNONHSAG010184', 'lNONHSAG010186', 'lNONHSAG010189', 'lNONHSAG010193', 'lNONHSAG010194', 'lNONHSAG010348', 'lNONHSAG010352', 'lNONHSAG010405', 'lNONHSAG010416', 'lNONHSAG010543', 'lNONHSAG010657', 'lNONHSAG010716', 'lNONHSAG010792', 'lNONHSAG010798', 'lNONHSAG010940', 'lNONHSAG010986', 'lNONHSAG011057', 'lNONHSAG011070', 'lNONHSAG011084', 'lNONHSAG011086', 'lNONHSAG011090', 'lNONHSAG011125', 'lNONHSAG011211', 'lNONHSAG011230', 'lNONHSAG011264', 'lNONHSAG011343', 'lNONHSAG011375', 'lNONHSAG011439', 'lNONHSAG011446', 'lNONHSAG011518', 'lNONHSAG011524', 'lNONHSAG011633', 'lNONHSAG011658', 'lNONHSAG011790', 'lNONHSAG011854', 'lNONHSAG011870', 'lNONHSAG011935', 'lNONHSAG012025', 'lNONHSAG012076', 'lNONHSAG012077', 'lNONHSAG012099', 'lNONHSAG012297', 'lNONHSAG012303', 'lNONHSAG012367', 'lNONHSAG012375', 'lNONHSAG012423', 'lNONHSAG012476', 'lNONHSAG012505', 'lNONHSAG012534', 'lNONHSAG012540', 'lNONHSAG012549', 'lNONHSAG012555', 'lNONHSAG012594', 'lNONHSAG012614', 'lNONHSAG012617', 'lNONHSAG012751', 'lNONHSAG012791', 'lNONHSAG013005', 'lNONHSAG013060', 'lNONHSAG013095', 'lNONHSAG013098', 'lNONHSAG013109', 'lNONHSAG013388', 'lNONHSAG013431', 'lNONHSAG013515', 'lNONHSAG013534', 'lNONHSAG013568', 'lNONHSAG013708', 'lNONHSAG013730', 'lNONHSAG013790', 'lNONHSAG013809', 'lNONHSAG013912', 'lNONHSAG013917', 'lNONHSAG013940', 'lNONHSAG013942', 'lNONHSAG013944', 'lNONHSAG013946', 'lNONHSAG013954', 'lNONHSAG013992', 'lNONHSAG014098', 'lNONHSAG014267', 'lNONHSAG014289', 'lNONHSAG014332', 'lNONHSAG014362', 'lNONHSAG014372', 'lNONHSAG014373', 'lNONHSAG014381', 'lNONHSAG014496', 'lNONHSAG014502', 'lNONHSAG014546', 'lNONHSAG014562', 'lNONHSAG014591', 'lNONHSAG014679', 'lNONHSAG014730', 'lNONHSAG014891', 'lNONHSAG014914', 'lNONHSAG015044', 'lNONHSAG015163', 'lNONHSAG015215', 'lNONHSAG015234', 'lNONHSAG015352', 'lNONHSAG015417', 'lNONHSAG015454', 'lNONHSAG015461', 'lNONHSAG015505', 'lNONHSAG015591', 'lNONHSAG015623', 'lNONHSAG015692', 'lNONHSAG015723', 'lNONHSAG015787', 'lNONHSAG015788', 'lNONHSAG015961', 'lNONHSAG016021', 'lNONHSAG016068', 'lNONHSAG016199', 'lNONHSAG016395', 'lNONHSAG016403', 'lNONHSAG016486', 'lNONHSAG016487', 'lNONHSAG016611', 'lNONHSAG016618', 'lNONHSAG016623', 'lNONHSAG016733', 'lNONHSAG016741', 'lNONHSAG016749', 'lNONHSAG016771', 'lNONHSAG017020', 'lNONHSAG017232', 'lNONHSAG017238', 'lNONHSAG017254', 'lNONHSAG017282', 'lNONHSAG017288', 'lNONHSAG017344', 'lNONHSAG017347', 'lNONHSAG017349', 'lNONHSAG017377', 'lNONHSAG017379', 'lNONHSAG017417', 'lNONHSAG017567', 'lNONHSAG017666', 'lNONHSAG017767', 'lNONHSAG017783', 'lNONHSAG017882', 'lNONHSAG017890', 'lNONHSAG017899', 'lNONHSAG018053', 'lNONHSAG018054', 'lNONHSAG018058', 'lNONHSAG018110', 'lNONHSAG018180', 'lNONHSAG018203', 'lNONHSAG018236', 'lNONHSAG018322', 'lNONHSAG018326', 'lNONHSAG018341', 'lNONHSAG018344', 'lNONHSAG018372', 'lNONHSAG018374', 'lNONHSAG018414', 'lNONHSAG018415', 'lNONHSAG018416', 'lNONHSAG018417', 'lNONHSAG018420', 'lNONHSAG018461', 'lNONHSAG018530', 'lNONHSAG018586', 'lNONHSAG018621', 'lNONHSAG018635', 'lNONHSAG018656', 'lNONHSAG018659', 'lNONHSAG018707', 'lNONHSAG018709', 'lNONHSAG018711', 'lNONHSAG018829', 'lNONHSAG018889', 'lNONHSAG018893', 'lNONHSAG018903', 'lNONHSAG018980', 'lNONHSAG019003', 'lNONHSAG019012', 'lNONHSAG019014', 'lNONHSAG019023', 'lNONHSAG019031', 'lNONHSAG019051', 'lNONHSAG019079', 'lNONHSAG019090', 'lNONHSAG019115', 'lNONHSAG019134', 'lNONHSAG019158', 'lNONHSAG019221', 'lNONHSAG019270', 'lNONHSAG019370', 'lNONHSAG019493', 'lNONHSAG019569', 'lNONHSAG019613', 'lNONHSAG019667', 'lNONHSAG019670', 'lNONHSAG019711', 'lNONHSAG019767', 'lNONHSAG019813', 'lNONHSAG019814', 'lNONHSAG019848', 'lNONHSAG019852', 'lNONHSAG019878', 'lNONHSAG019898', 'lNONHSAG019967', 'lNONHSAG020053', 'lNONHSAG020066', 'lNONHSAG020068', 'lNONHSAG020075', 'lNONHSAG020107', 'lNONHSAG020153', 'lNONHSAG020218', 'lNONHSAG020223', 'lNONHSAG020259', 'lNONHSAG020273', 'lNONHSAG020274', 'lNONHSAG020277', 'lNONHSAG020278', 'lNONHSAG020281', 'lNONHSAG020298', 'lNONHSAG020304', 'lNONHSAG020307', 'lNONHSAG020321', 'lNONHSAG020325', 'lNONHSAG020339', 'lNONHSAG020361', 'lNONHSAG020367', 'lNONHSAG020372', 'lNONHSAG020374', 'lNONHSAG020382', 'lNONHSAG020403', 'lNONHSAG020474', 'lNONHSAG020476', 'lNONHSAG020600', 'lNONHSAG020616', 'lNONHSAG020729', 'lNONHSAG020731', 'lNONHSAG020755', 'lNONHSAG020759', 'lNONHSAG020760', 'lNONHSAG020762', 'lNONHSAG020771', 'lNONHSAG020869', 'lNONHSAG020957', 'lNONHSAG020990', 'lNONHSAG021042', 'lNONHSAG021072', 'lNONHSAG021307', 'lNONHSAG021309', 'lNONHSAG021315', 'lNONHSAG021335', 'lNONHSAG021342', 'lNONHSAG021347', 'lNONHSAG021370', 'lNONHSAG021400', 'lNONHSAG021408', 'lNONHSAG021410', 'lNONHSAG021431', 'lNONHSAG021432', 'lNONHSAG021471', 'lNONHSAG021566', 'lNONHSAG021567', 'lNONHSAG021584', 'lNONHSAG021638', 'lNONHSAG021641', 'lNONHSAG021760', 'lNONHSAG021780', 'lNONHSAG021820', 'lNONHSAG021846', 'lNONHSAG021878', 'lNONHSAG021882', 'lNONHSAG021909', 'lNONHSAG021981', 'lNONHSAG022009', 'lNONHSAG022030', 'lNONHSAG022058', 'lNONHSAG022078', 'lNONHSAG022088', 'lNONHSAG022094', 'lNONHSAG022103', 'lNONHSAG022110', 'lNONHSAG022125', 'lNONHSAG022127', 'lNONHSAG022162', 'lNONHSAG022311', 'lNONHSAG022327', 'lNONHSAG022328', 'lNONHSAG022335', 'lNONHSAG022378', 'lNONHSAG022495', 'lNONHSAG022510', 'lNONHSAG022551', 'lNONHSAG022579', 'lNONHSAG022595', 'lNONHSAG022597', 'lNONHSAG022655', 'lNONHSAG022690', 'lNONHSAG022743', 'lNONHSAG022750', 'lNONHSAG022806', 'lNONHSAG022836', 'lNONHSAG022845', 'lNONHSAG022851', 'lNONHSAG022888', 'lNONHSAG022893', 'lNONHSAG022965', 'lNONHSAG022980', 'lNONHSAG022982', 'lNONHSAG023003', 'lNONHSAG023049', 'lNONHSAG023051', 'lNONHSAG023073', 'lNONHSAG023175', 'lNONHSAG023237', 'lNONHSAG023375', 'lNONHSAG023387', 'lNONHSAG023392', 'lNONHSAG023494', 'lNONHSAG023512', 'lNONHSAG023553', 'lNONHSAG023579', 'lNONHSAG023598', 'lNONHSAG023607', 'lNONHSAG023614', 'lNONHSAG023630', 'lNONHSAG023633', 'lNONHSAG023635', 'lNONHSAG023661', 'lNONHSAG023668', 'lNONHSAG023740', 'lNONHSAG023837', 'lNONHSAG023885', 'lNONHSAG023888', 'lNONHSAG023930', 'lNONHSAG023964', 'lNONHSAG024117', 'lNONHSAG024141', 'lNONHSAG024146', 'lNONHSAG024171', 'lNONHSAG024224', 'lNONHSAG024244', 'lNONHSAG024282', 'lNONHSAG024332', 'lNONHSAG024340', 'lNONHSAG024341', 'lNONHSAG024354', 'lNONHSAG024361', 'lNONHSAG024362', 'lNONHSAG024364', 'lNONHSAG024391', 'lNONHSAG024395', 'lNONHSAG024428', 'lNONHSAG024540', 'lNONHSAG024542', 'lNONHSAG024637', 'lNONHSAG024668', 'lNONHSAG024671', 'lNONHSAG024676', 'lNONHSAG024681', 'lNONHSAG024741', 'lNONHSAG024809', 'lNONHSAG024810', 'lNONHSAG024818', 'lNONHSAG024903', 'lNONHSAG024905', 'lNONHSAG024908', 'lNONHSAG024913', 'lNONHSAG024921', 'lNONHSAG024923', 'lNONHSAG024979', 'lNONHSAG025011', 'lNONHSAG025135', 'lNONHSAG025137', 'lNONHSAG025157', 'lNONHSAG025185', 'lNONHSAG025319', 'lNONHSAG025483', 'lNONHSAG025485', 'lNONHSAG025609', 'lNONHSAG025712', 'lNONHSAG025743', 'lNONHSAG025744', 'lNONHSAG025864', 'lNONHSAG025865', 'lNONHSAG025867', 'lNONHSAG025907', 'lNONHSAG025934', 'lNONHSAG025939', 'lNONHSAG026053', 'lNONHSAG026089', 'lNONHSAG026091', 'lNONHSAG026153', 'lNONHSAG026205', 'lNONHSAG026274', 'lNONHSAG026364', 'lNONHSAG026386', 'lNONHSAG026575', 'lNONHSAG026599', 'lNONHSAG026631', 'lNONHSAG026661', 'lNONHSAG026720', 'lNONHSAG026721', 'lNONHSAG026737', 'lNONHSAG026743', 'lNONHSAG026781', 'lNONHSAG026794', 'lNONHSAG026856', 'lNONHSAG027017', 'lNONHSAG027075', 'lNONHSAG027110', 'lNONHSAG027276', 'lNONHSAG027278', 'lNONHSAG027323', 'lNONHSAG027342', 'lNONHSAG027374', 'lNONHSAG027421', 'lNONHSAG027482', 'lNONHSAG027598', 'lNONHSAG027618', 'lNONHSAG027675', 'lNONHSAG027682', 'lNONHSAG027692', 'lNONHSAG027694', 'lNONHSAG027709', 'lNONHSAG027874', 'lNONHSAG027876', 'lNONHSAG028045', 'lNONHSAG028083', 'lNONHSAG028093', 'lNONHSAG028112', 'lNONHSAG028141', 'lNONHSAG028159', 'lNONHSAG028403', 'lNONHSAG028713', 'lNONHSAG028720', 'lNONHSAG028817', 'lNONHSAG028820', 'lNONHSAG028918', 'lNONHSAG028948', 'lNONHSAG028996', 'lNONHSAG029033', 'lNONHSAG029080', 'lNONHSAG029124', 'lNONHSAG029267', 'lNONHSAG029312', 'lNONHSAG029336', 'lNONHSAG029377', 'lNONHSAG029467', 'lNONHSAG029668', 'lNONHSAG029792', 'lNONHSAG029873', 'lNONHSAG029880', 'lNONHSAG029933', 'lNONHSAG029956', 'lNONHSAG029957', 'lNONHSAG029958', 'lNONHSAG029959', 'lNONHSAG029960', 'lNONHSAG029961', 'lNONHSAG029962', 'lNONHSAG029964', 'lNONHSAG029965', 'lNONHSAG029985', 'lNONHSAG030074', 'lNONHSAG030113', 'lNONHSAG030129', 'lNONHSAG030244', 'lNONHSAG030258', 'lNONHSAG030279', 'lNONHSAG030333', 'lNONHSAG030440', 'lNONHSAG030487', 'lNONHSAG030516', 'lNONHSAG030525', 'lNONHSAG030582', 'lNONHSAG030583', 'lNONHSAG030738', 'lNONHSAG030742', 'lNONHSAG031025', 'lNONHSAG031035', 'lNONHSAG031123', 'lNONHSAG031261', 'lNONHSAG031385', 'lNONHSAG031425', 'lNONHSAG031452', 'lNONHSAG031453', 'lNONHSAG031456', 'lNONHSAG031481', 'lNONHSAG031563', 'lNONHSAG031565', 'lNONHSAG031581', 'lNONHSAG031584', 'lNONHSAG031636', 'lNONHSAG031696', 'lNONHSAG031853', 'lNONHSAG031900', 'lNONHSAG031913', 'lNONHSAG031991', 'lNONHSAG032063', 'lNONHSAG032126', 'lNONHSAG032247', 'lNONHSAG032267', 'lNONHSAG032302', 'lNONHSAG032309', 'lNONHSAG032312', 'lNONHSAG032537', 'lNONHSAG032560', 'lNONHSAG032664', 'lNONHSAG032682', 'lNONHSAG032724', 'lNONHSAG032735', 'lNONHSAG032737', 'lNONHSAG032748', 'lNONHSAG032750', 'lNONHSAG033027', 'lNONHSAG033061', 'lNONHSAG033100', 'lNONHSAG033105', 'lNONHSAG033107', 'lNONHSAG033168', 'lNONHSAG033170', 'lNONHSAG033216', 'lNONHSAG033224', 'lNONHSAG033254', 'lNONHSAG033263', 'lNONHSAG033266', 'lNONHSAG033298', 'lNONHSAG033328', 'lNONHSAG033334', 'lNONHSAG033342', 'lNONHSAG033348', 'lNONHSAG033352', 'lNONHSAG033368', 'lNONHSAG033386', 'lNONHSAG033390', 'lNONHSAG033435', 'lNONHSAG033459', 'lNONHSAG033471', 'lNONHSAG033480', 'lNONHSAG033528', 'lNONHSAG033589', 'lNONHSAG033611', 'lNONHSAG033645', 'lNONHSAG033691', 'lNONHSAG033716', 'lNONHSAG033735', 'lNONHSAG033748', 'lNONHSAG033810', 'lNONHSAG033862', 'lNONHSAG033896', 'lNONHSAG033899', 'lNONHSAG033937', 'lNONHSAG033940', 'lNONHSAG034006', 'lNONHSAG034014', 'lNONHSAG034032', 'lNONHSAG034217', 'lNONHSAG034316', 'lNONHSAG034417', 'lNONHSAG034418', 'lNONHSAG034492', 'lNONHSAG034508', 'lNONHSAG034527', 'lNONHSAG034676', 'lNONHSAG034678', 'lNONHSAG034801', 'lNONHSAG034845', 'lNONHSAG034846', 'lNONHSAG034935', 'lNONHSAG034973', 'lNONHSAG035103', 'lNONHSAG035262', 'lNONHSAG035287', 'lNONHSAG035382', 'lNONHSAG035456', 'lNONHSAG035531', 'lNONHSAG035568', 'lNONHSAG035806', 'lNONHSAG035914', 'lNONHSAG035916', 'lNONHSAG035919', 'lNONHSAG035923', 'lNONHSAG036047', 'lNONHSAG036115', 'lNONHSAG036120', 'lNONHSAG036255', 'lNONHSAG036263', 'lNONHSAG036273', 'lNONHSAG036403', 'lNONHSAG036407', 'lNONHSAG036412', 'lNONHSAG036413', 'lNONHSAG036612', 'lNONHSAG036615', 'lNONHSAG036667', 'lNONHSAG036718', 'lNONHSAG036783', 'lNONHSAG036866', 'lNONHSAG036922', 'lNONHSAG037025', 'lNONHSAG037072', 'lNONHSAG037073', 'lNONHSAG037080', 'lNONHSAG037082', 'lNONHSAG037083', 'lNONHSAG037096', 'lNONHSAG037137', 'lNONHSAG037146', 'lNONHSAG037164', 'lNONHSAG037241', 'lNONHSAG037348', 'lNONHSAG037420', 'lNONHSAG037559', 'lNONHSAG037827', 'lNONHSAG037891', 'lNONHSAG037936', 'lNONHSAG038024', 'lNONHSAG038060', 'lNONHSAG038091', 'lNONHSAG038162', 'lNONHSAG038344', 'lNONHSAG038397', 'lNONHSAG038502', 'lNONHSAG038530', 'lNONHSAG038561', 'lNONHSAG038578', 'lNONHSAG038663', 'lNONHSAG038675', 'lNONHSAG038676', 'lNONHSAG038682', 'lNONHSAG038836', 'lNONHSAG039037', 'lNONHSAG039038', 'lNONHSAG039147', 'lNONHSAG039293', 'lNONHSAG039295', 'lNONHSAG039319', 'lNONHSAG039617', 'lNONHSAG039620', 'lNONHSAG039634', 'lNONHSAG039637', 'lNONHSAG039664', 'lNONHSAG039669', 'lNONHSAG039749', 'lNONHSAG039872', 'lNONHSAG039951', 'lNONHSAG040179', 'lNONHSAG040188', 'lNONHSAG040226', 'lNONHSAG040241', 'lNONHSAG040269', 'lNONHSAG040320', 'lNONHSAG040329', 'lNONHSAG040408', 'lNONHSAG040444', 'lNONHSAG040481', 'lNONHSAG040542', 'lNONHSAG040544', 'lNONHSAG040560', 'lNONHSAG040601', 'lNONHSAG040692', 'lNONHSAG040729', 'lNONHSAG040804', 'lNONHSAG040859', 'lNONHSAG040870', 'lNONHSAG040909', 'lNONHSAG040945', 'lNONHSAG040958', 'lNONHSAG040969', 'lNONHSAG040976', 'lNONHSAG041002', 'lNONHSAG041017', 'lNONHSAG041023', 'lNONHSAG041241', 'lNONHSAG041250', 'lNONHSAG041256', 'lNONHSAG041257', 'lNONHSAG041480', 'lNONHSAG041528', 'lNONHSAG041529', 'lNONHSAG041592', 'lNONHSAG041670', 'lNONHSAG041707', 'lNONHSAG041716', 'lNONHSAG041758', 'lNONHSAG041844', 'lNONHSAG041883', 'lNONHSAG041938', 'lNONHSAG041966', 'lNONHSAG041981', 'lNONHSAG042033', 'lNONHSAG042050', 'lNONHSAG042062', 'lNONHSAG042080', 'lNONHSAG042132', 'lNONHSAG042138', 'lNONHSAG042218', 'lNONHSAG042257', 'lNONHSAG042270', 'lNONHSAG042306', 'lNONHSAG042307', 'lNONHSAG042370', 'lNONHSAG042433', 'lNONHSAG042476', 'lNONHSAG042491', 'lNONHSAG042500', 'lNONHSAG042722', 'lNONHSAG042724', 'lNONHSAG042836', 'lNONHSAG042855', 'lNONHSAG042957', 'lNONHSAG042966', 'lNONHSAG042991', 'lNONHSAG043138', 'lNONHSAG043159', 'lNONHSAG043229', 'lNONHSAG043250', 'lNONHSAG043303', 'lNONHSAG043550', 'lNONHSAG043592', 'lNONHSAG043625', 'lNONHSAG043851', 'lNONHSAG043934', 'lNONHSAG044022', 'lNONHSAG044064', 'lNONHSAG044283', 'lNONHSAG044350', 'lNONHSAG044406', 'lNONHSAG044429', 'lNONHSAG044533', 'lNONHSAG044624', 'lNONHSAG044666', 'lNONHSAG044709', 'lNONHSAG044751', 'lNONHSAG044791', 'lNONHSAG045131', 'lNONHSAG045160', 'lNONHSAG045166', 'lNONHSAG045306', 'lNONHSAG045383', 'lNONHSAG045430', 'lNONHSAG046722', 'lNONHSAG046730', 'lNONHSAG046765', 'lNONHSAG046781', 'lNONHSAG046811', 'lNONHSAG046839', 'lNONHSAG046953', 'lNONHSAG047182', 'lNONHSAG047191', 'lNONHSAG047260', 'lNONHSAG047319', 'lNONHSAG047433', 'lNONHSAG047463', 'lNONHSAG047469', 'lNONHSAG047471', 'lNONHSAG047507', 'lNONHSAG047543', 'lNONHSAG047544', 'lNONHSAG047547', 'lNONHSAG047619', 'lNONHSAG047620', 'lNONHSAG047725', 'lNONHSAG047792', 'lNONHSAG047796', 'lNONHSAG047840', 'lNONHSAG047842', 'lNONHSAG047851', 'lNONHSAG047951', 'lNONHSAG047973', 'lNONHSAG047974', 'lNONHSAG048057', 'lNONHSAG048101', 'lNONHSAG048114', 'lNONHSAG048189', 'lNONHSAG048191', 'lNONHSAG048201', 'lNONHSAG048228', 'lNONHSAG048231', 'lNONHSAG048270', 'lNONHSAG048302', 'lNONHSAG048323', 'lNONHSAG048354', 'lNONHSAG048439', 'lNONHSAG048464', 'lNONHSAG048598', 'lNONHSAG048603', 'lNONHSAG048610', 'lNONHSAG048623', 'lNONHSAG048624', 'lNONHSAG048626', 'lNONHSAG048641', 'lNONHSAG048682', 'lNONHSAG048695', 'lNONHSAG048781', 'lNONHSAG048817', 'lNONHSAG049037', 'lNONHSAG049050', 'lNONHSAG049051', 'lNONHSAG049119', 'lNONHSAG049129', 'lNONHSAG049157', 'lNONHSAG049191', 'lNONHSAG049288', 'lNONHSAG049303', 'lNONHSAG049356', 'lNONHSAG049421', 'lNONHSAG049507', 'lNONHSAG049626', 'lNONHSAG049655', 'lNONHSAG049754', 'lNONHSAG049801', 'lNONHSAG049901', 'lNONHSAG050073', 'lNONHSAG050104', 'lNONHSAG050167', 'lNONHSAG050168', 'lNONHSAG050272', 'lNONHSAG050273', 'lNONHSAG050284', 'lNONHSAG050345', 'lNONHSAG050423', 'lNONHSAG050445', 'lNONHSAG050493', 'lNONHSAG050518', 'lNONHSAG050670', 'lNONHSAG050725', 'lNONHSAG050815', 'lNONHSAG050929', 'lNONHSAG050985', 'lNONHSAG051010', 'lNONHSAG051015', 'lNONHSAG051166', 'lNONHSAG051196', 'lNONHSAG051245', 'lNONHSAG051250', 'lNONHSAG051255', 'lNONHSAG051259', 'lNONHSAG051260', 'lNONHSAG051263', 'lNONHSAG051266', 'lNONHSAG051448', 'lNONHSAG051454', 'lNONHSAG051484', 'lNONHSAG051514', 'lNONHSAG051517', 'lNONHSAG051523', 'lNONHSAG051542', 'lNONHSAG051603', 'lNONHSAG051770', 'lNONHSAG051958', 'lNONHSAG052046', 'lNONHSAG052082', 'lNONHSAG052097', 'lNONHSAG052119', 'lNONHSAG052149', 'lNONHSAG052151', 'lNONHSAG052179', 'lNONHSAG052454', 'lNONHSAG052459', 'lNONHSAG052491', 'lNONHSAG052492', 'lNONHSAG052495', 'lNONHSAG052510', 'lNONHSAG052511', 'lNONHSAG052609', 'lNONHSAG052680', 'lNONHSAG052686', 'lNONHSAG052709', 'lNONHSAG052726', 'lNONHSAG052853', 'lNONHSAG052908', 'lNONHSAG052925', 'lNONHSAG052929', 'lNONHSAG052931', 'lNONHSAG052933', 'lNONHSAG052943', 'lNONHSAG053007', 'lNONHSAG053014', 'lNONHSAG053028', 'lNONHSAG053033', 'lNONHSAG053082', 'lNONHSAG053108', 'lNONHSAG053162', 'lNONHSAG053228', 'lNONHSAG053419', 'lNONHSAG053456', 'lNONHSAG053499', 'lNONHSAG053500', 'lNONHSAG053502', 'lNONHSAG053546', 'lNONHSAG053547', 'lNONHSAG053590', 'lNONHSAG053602', 'lNONHSAG053626', 'lNONHSAG053631', 'lNONHSAG053651', 'lNONHSAG053716', 'lNONHSAG053719', 'lNONHSAG053748', 'lNONHSAG053796', 'lNONHSAG053842', 'lNONHSAG054024', 'lNONHSAG054038', 'lNONHSAG054212', 'lNONHSAG054213', 'lNONHSAG054214', 'lNONHSAG054215', 'lNONHSAG054216', 'lNONHSAG054301', 'lNONHSAG054360', 'lNONHSAG054432', 'lNONHSAG054699', 'lNONHSAG054716', 'lNONHSAG054717', 'lNONHSAG054718', 'lNONHSAG054791', 'lNONHSAG054807', 'lNONHSAG054832', 'lNONHSAG055008', 'lNONHSAG055088', 'lNONHSAG055151', 'lNONHSAG055258', 'lNONHSAG055350', 'lNONHSAG055450', 'lNONHSAG055558', 'lNONHSAG055577', 'lNONHSAG056025', 'lNONHSAG056029', 'lNONHSAG056053', 'lNONHSAG056451', 'lNONHSAG056733', 'lNONHSAG056868', 'lNONHSAG056875', 'lNONHSAG057043', 'lNONHSAG057222', 'lNONHSAG057260', 'lNONHSAG058006', 'lNONHSAG058109', 'lNONHSAG058112', 'lNONHSAG058118', 'lNONHSAG058128', 'lNONHSAG058533', 'lNONHSAG058967', 'lNONHSAG059768', 'lNONHSAG061096', 'lNONHSAG061404', 'lNONHSAG061492', 'lNONHSAG064784', 'lNONHSAG064962', 'lNONHSAG065252', 'lNONHSAG065364', 'lNONHSAG066253', 'lNONHSAG068402', 'lNONHSAG068639', 'lNONHSAG069030', 'lNONHSAG069147', 'lNONHSAG069277', 'lNONHSAG069876', 'lNONHSAG070257', 'lNONHSAG071444', 'lNONHSAG072176', 'lNONHSAG072945', 'lNONHSAG073025', 'lNONHSAG073380', 'lNONHSAG073406', 'lNONHSAG073419', 'lNONHSAG073786', 'lNONHSAG074052', 'lNONHSAG074661', 'lNONHSAG075363', 'lNONHSAG077475', 'lNONHSAG077551', 'lNONHSAG079231', 'lNONHSAG080772', 'lNONHSAG081227', 'lNONHSAG081583', 'lNONHSAG081993', 'lNONHSAG082891', 'lNONHSAG083209', 'lNONHSAG083615', 'lNONHSAG083859', 'lNONHSAG083883', 'lNONHSAG083894', 'lNONHSAG084832', 'lNONHSAG084937', 'lNONHSAG085975', 'lNONHSAG088562', 'lNONHSAG089857', 'lNONHSAG091116', 'lNONHSAG091284', 'lNONHSAG091452', 'lNONHSAG091943', 'lNONHSAG093064', 'lNONHSAG093517', 'lNONHSAG094075', 'lNONHSAG094129', 'lNONHSAG096130', 'lNONHSAG096227', 'lNONHSAG096230', 'lNONHSAG096627', 'lNONHSAG097344', 'lNONHSAG097347', 'lNONHSAG099082', 'lNONHSAG099120', 'lNONHSAG099126', 'lNONHSAG099742', 'lNONHSAG099774', 'lNONHSAG101229', 'lNONHSAG101725', 'lNONHSAG102572', 'lNONHSAG102979', 'lNONHSAG103259', 'lNONHSAG103817', 'lNONHSAG104186', 'lNONHSAG110420', 'lNONHSAG110858', 'lNONHSAG112396', 'lNONHSAG113761', 'lNONHSAG114445', 'lENSG00000103472', 'lENSG00000163364', 'lENSG00000171889', 'lENSG00000175061', 'lENSG00000177410', 'lENSG00000179406', 'lENSG00000179523', 'lENSG00000189295', 'lENSG00000198221', 'lENSG00000205611', 'lENSG00000223764', 'lENSG00000223783', 'lENSG00000224057', 'lENSG00000224078', 'lENSG00000224614', 'lENSG00000225470', 'lENSG00000225506', 'lENSG00000225855', 'lENSG00000226115', 'lENSG00000226137', 'lENSG00000227082', 'lENSG00000227256', 'lENSG00000227963', 'lENSG00000228022', 'lENSG00000228526', 'lENSG00000229267', 'lENSG00000229335', 'lENSG00000229388', 'lENSG00000230046', 'lENSG00000230061', 'lENSG00000230257', 'lENSG00000230313', 'lENSG00000230866', 'lENSG00000231019', 'lENSG00000231437', 'lENSG00000231473', 'lENSG00000231663', 'lENSG00000232265', 'lENSG00000232415', 'lENSG00000232442', 'lENSG00000232500', 'lENSG00000233047', 'lENSG00000233387', 'lENSG00000233532', 'lENSG00000233590', 'lENSG00000234169', 'lENSG00000234222', 'lENSG00000234455', 'lENSG00000234546', 'lENSG00000234625', 'lENSG00000235385', 'lENSG00000235535', 'lENSG00000235724', 'lENSG00000236240', 'lENSG00000236535', 'lENSG00000236671', 'lENSG00000237167', 'lENSG00000237396', 'lENSG00000237880', 'lENSG00000241388', 'lENSG00000242207', 'lENSG00000243479', 'lENSG00000244124', 'lENSG00000245146', 'lENSG00000245614', 'lENSG00000246560', 'lENSG00000247095', 'lENSG00000247400', 'lENSG00000247498', 'lENSG00000249532', 'lENSG00000249786', 'lENSG00000249835', 'lENSG00000249993', 'lENSG00000250635', 'lENSG00000251003', 'lENSG00000251061', 'lENSG00000253315', 'lENSG00000254418', 'lENSG00000254480', 'lENSG00000254508', 'lENSG00000254635', 'lENSG00000254791', 'lENSG00000255363', 'lENSG00000255427', 'lENSG00000255553', 'lENSG00000255850', 'lENSG00000256742', 'lENSG00000256769', 'lENSG00000257084', 'lENSG00000257557', 'lENSG00000258197', 'lENSG00000259289', 'lENSG00000260219', 'lENSG00000260280', 'lENSG00000260455', 'lENSG00000260969', 'lENSG00000261183', 'lENSG00000261423', 'lENSG00000261780', 'lENSG00000264672', 'lENSG00000265374', 'lENSG00000266402', 'lENSG00000267296', 'lENSG00000267321', 'lENSG00000267395', 'lENSG00000267413', 'lENSG00000267440', 'lENSG00000267858', 'lENSG00000269019', 'lENSG00000269911', 'lENSG00000269939', 'lENSG00000270084', 'lENSG00000270344', 'lENSG00000270959', 'lENSG00000272769', 'lENSG00000274372', 'lENSG00000278709', 'lENSG00000279296', 'lENSG00000281189', 'lENSG00000284070', 'lENSG00000286004', 'lENSG00000286737', 'lENSG00000288080', 'lENSG00000224167', 'lENSG00000224739', 'lA1BG-AS1', 'lADAMTS9-AS2', 'lANKRD62P1-PARP4P3', 'lAQP4-AS1', 'lASMTL-AS1', 'lBANCR', 'lCCAT2', 'lCDKN2B-AS1', 'lCRNDE', 'lDGKK', 'lDLX6-AS1', 'lEGOT', 'lFEZF1-AS1', 'lGATA3-AS1', 'lGATA6-AS1', 'lGHET1', 'lHEIH', 'lHOTAIRM1', 'lHOXA-AS3', 'lINHBA-AS1', 'lJPX', 'lJRK', 'lKCTD21-AS1', 'lKTN1-AS1', 'lLAMTOR5-AS1', 'lLBX2-AS1', 'lLINC00173', 'lLINC00240', 'lLINC00333', 'lLINC00472', 'lLPP-AS2', 'lMCM3AP-AS1', 'lMEG3', 'lMIR181A1HG', 'lMIR31HG', 'lMYLK-AS1', 'lPANDAR', 'lPCGEM1', 'lPVT1', 'lRHPN1-AS1', 'lRMST', 'lSNHG16', 'lSNX29P2', 'lTEN1-CDK3', 'lTPTEP1', 'lTRAM2-AS1', 'lVCAN-AS1', 'lZFAS1', 'lZNF503-AS2', 'lLINC00461', 'lLINC00514', 'lSLC2A1-AS1', 'lSRP14-AS1', 'lPWAR6', 'lAC004840.8', 'lAC061992.2', 'lAC103564.7', 'lAC135048.13', 'lAC137723.5', 'lAC137932.5', 'lAL928742.12', 'lAP001058.3', 'lCTB-60B18.10', 'lCTB-91J4.1', 'lCTC-338M12.2', 'lCTD-2165H16.4', 'lCTD-2195B23.3', 'lCTD-2540L5.5', 'lKB-7G2.8', 'lLA16c-321D4.2', 'lRP1-283E3.8', 'lRP11-100F15.1', 'lRP11-104E19.1', 'lRP11-108M9.3', 'lRP11-123O10.4', 'lRP11-137H2.4', 'lRP11-21J18.1', 'lRP11-227H15.4', 'lRP11-243J18.2', 'lRP11-24P14.1', 'lRP11-264B17.3', 'lRP11-276H7.2', 'lRP11-2C24.4', 'lRP11-305P14.1', 'lRP11-439K3.1', 'lRP11-467J12.4', 'lRP11-49K24.4', 'lRP11-514P8.8', 'lRP11-54O7.3', 'lRP11-550C4.6', 'lRP11-680A11.5', 'lRP4-756H11.3', 'lRP4-790G17.7', 'lRP5-1061H20.4', 'lRP5-1074L1.1', 'lRP5-1160K1.8', 'lXXbac-B444P24.8', 'lXXbac-BPG300A18.13', 'lHNRNPU-AS1', 'lRP11-429J17.8', 'lRP11-672A2.1', 'lRP5-1063M23.1', 'lRP11-495P10.8', 'lCTA-250D10.23', 'lRP4-610C12.4', 'lLINC00035', 'lRP11-408H20.2', 'lNONHSAG000157', 'lNONHSAG000265', 'lNONHSAG000298', 'lNONHSAG000636', 'lNONHSAG000677', 'lNONHSAG000896', 'lNONHSAG000969', 'lNONHSAG000994', 'lNONHSAG001008', 'lNONHSAG001014', 'lNONHSAG001028', 'lNONHSAG001030', 'lNONHSAG001147', 'lNONHSAG001171', 'lNONHSAG001207', 'lNONHSAG001258', 'lNONHSAG001419', 'lNONHSAG001435', 'lNONHSAG001613', 'lNONHSAG002403', 'lNONHSAG002487', 'lNONHSAG002619', 'lNONHSAG002726', 'lNONHSAG002790', 'lNONHSAG002816', 'lNONHSAG003227', 'lNONHSAG003308', 'lNONHSAG003459', 'lNONHSAG003810', 'lNONHSAG003881', 'lNONHSAG004227', 'lNONHSAG004351', 'lNONHSAG004475', 'lNONHSAG004507', 'lNONHSAG004893', 'lNONHSAG005249', 'lNONHSAG005363', 'lNONHSAG005473', 'lNONHSAG005522', 'lNONHSAG005652', 'lNONHSAG005679', 'lNONHSAG005690', 'lNONHSAG005717', 'lNONHSAG005725', 'lNONHSAG005727', 'lNONHSAG005739', 'lNONHSAG005740', 'lNONHSAG005747', 'lNONHSAG005760', 'lNONHSAG005761', 'lNONHSAG005769', 'lNONHSAG005797', 'lNONHSAG005809', 'lNONHSAG005821', 'lNONHSAG005830', 'lNONHSAG005842', 'lNONHSAG005847', 'lNONHSAG005851', 'lNONHSAG005852', 'lNONHSAG005853', 'lNONHSAG005855', 'lNONHSAG005856', 'lNONHSAG005857', 'lNONHSAG005859', 'lNONHSAG005862', 'lNONHSAG005867', 'lNONHSAG005870', 'lNONHSAG005885', 'lNONHSAG005901', 'lNONHSAG005915', 'lNONHSAG005935', 'lNONHSAG005936', 'lNONHSAG005939', 'lNONHSAG005985', 'lNONHSAG005986', 'lNONHSAG006012', 'lNONHSAG006078', 'lNONHSAG006086', 'lNONHSAG006091', 'lNONHSAG006097', 'lNONHSAG006103', 'lNONHSAG006160', 'lNONHSAG006166', 'lNONHSAG006183', 'lNONHSAG006186', 'lNONHSAG006187', 'lNONHSAG006188', 'lNONHSAG006206', 'lNONHSAG006220', 'lNONHSAG006221', 'lNONHSAG006235', 'lNONHSAG006240', 'lNONHSAG006274', 'lNONHSAG006279', 'lNONHSAG006290', 'lNONHSAG006300', 'lNONHSAG006314', 'lNONHSAG006324', 'lNONHSAG006376', 'lNONHSAG006377', 'lNONHSAG006382', 'lNONHSAG006388', 'lNONHSAG006395', 'lNONHSAG006399', 'lNONHSAG006405', 'lNONHSAG006407', 'lNONHSAG006412', 'lNONHSAG006415', 'lNONHSAG006434', 'lNONHSAG006440', 'lNONHSAG006450', 'lNONHSAG006459', 'lNONHSAG006479', 'lNONHSAG006487', 'lNONHSAG006493', 'lNONHSAG006507', 'lNONHSAG006527', 'lNONHSAG006536', 'lNONHSAG006551', 'lNONHSAG006554', 'lNONHSAG006555', 'lNONHSAG006557', 'lNONHSAG006573', 'lNONHSAG006576', 'lNONHSAG006579', 'lNONHSAG006581', 'lNONHSAG006586', 'lNONHSAG006591', 'lNONHSAG006646', 'lNONHSAG006669', 'lNONHSAG006716', 'lNONHSAG006748', 'lNONHSAG006750', 'lNONHSAG006765', 'lNONHSAG006808', 'lNONHSAG006830', 'lNONHSAG006832', 'lNONHSAG006837', 'lNONHSAG006855', 'lNONHSAG006863', 'lNONHSAG006883', 'lNONHSAG006889', 'lNONHSAG006894', 'lNONHSAG006897', 'lNONHSAG006915', 'lNONHSAG006967', 'lNONHSAG006970', 'lNONHSAG006976', 'lNONHSAG007000', 'lNONHSAG007008', 'lNONHSAG007020', 'lNONHSAG007023', 'lNONHSAG007029', 'lNONHSAG007031', 'lNONHSAG007035', 'lNONHSAG007063', 'lNONHSAG007065', 'lNONHSAG007087', 'lNONHSAG007093', 'lNONHSAG007103', 'lNONHSAG007118', 'lNONHSAG007123', 'lNONHSAG007129', 'lNONHSAG007139', 'lNONHSAG007155', 'lNONHSAG007166', 'lNONHSAG007172', 'lNONHSAG007203', 'lNONHSAG007222', 'lNONHSAG007224', 'lNONHSAG007225', 'lNONHSAG007242', 'lNONHSAG007259', 'lNONHSAG007268', 'lNONHSAG007278', 'lNONHSAG007286', 'lNONHSAG007298', 'lNONHSAG007414', 'lNONHSAG007419', 'lNONHSAG007429', 'lNONHSAG007458', 'lNONHSAG007488', 'lNONHSAG007507', 'lNONHSAG007531', 'lNONHSAG007533', 'lNONHSAG007543', 'lNONHSAG007544', 'lNONHSAG007554', 'lNONHSAG007563', 'lNONHSAG007574', 'lNONHSAG007578', 'lNONHSAG007587', 'lNONHSAG007599', 'lNONHSAG007621', 'lNONHSAG007638', 'lNONHSAG007730', 'lNONHSAG007932', 'lENSG00000105501', 'lENSG00000122043', 'lENSG00000149443', 'lENSG00000167920', 'lENSG00000175746', 'lENSG00000177596', 'lENSG00000178248', 'lENSG00000197880', 'lENSG00000198671', 'lENSG00000203307', 'lENSG00000203434', 'lENSG00000203469', 'lENSG00000203472', 'lENSG00000203565', 'lENSG00000203605', 'lENSG00000203864', 'lENSG00000204393', 'lENSG00000205018', 'lENSG00000205452', 'lENSG00000219410', 'lENSG00000221845', 'lENSG00000222032', 'lENSG00000222044', 'lENSG00000223374', 'lENSG00000223381', 'lENSG00000223387', 'lENSG00000223400', 'lENSG00000223537', 'lENSG00000223563', 'lENSG00000223598', 'lENSG00000223634', 'lENSG00000223641', 'lENSG00000223643', 'lENSG00000223647', 'lENSG00000223720', 'lENSG00000223786', 'lENSG00000223809', 'lENSG00000223831', 'lENSG00000223870', 'lENSG00000223966', 'lENSG00000223993', 'lENSG00000224031', 'lENSG00000224075', 'lENSG00000224087', 'lENSG00000224095', 'lENSG00000224220', 'lENSG00000224277', 'lENSG00000224330', 'lENSG00000224384', 'lENSG00000224500', 'lENSG00000224541', 'lENSG00000224549', 'lENSG00000224595', 'lENSG00000224645', 'lENSG00000224655', 'lENSG00000224821', 'lENSG00000224844', 'lENSG00000224857', 'lENSG00000224885', 'lENSG00000224922', 'lENSG00000224972', 'lENSG00000225012', 'lENSG00000225129', 'lENSG00000225146', 'lENSG00000225218', 'lENSG00000225325', 'lENSG00000225334', 'lENSG00000225378', 'lENSG00000225537', 'lENSG00000225570', 'lENSG00000225588', 'lENSG00000225647', 'lENSG00000225750', 'lENSG00000225751', 'lENSG00000225761', 'lENSG00000225798', 'lENSG00000225919', 'lENSG00000225929', 'lENSG00000226047', 'lENSG00000226089', 'lENSG00000226133', 'lENSG00000226143', 'lENSG00000226193', 'lENSG00000226194', 'lENSG00000226238', 'lENSG00000226323', 'lENSG00000226337', 'lENSG00000226352', 'lENSG00000226398', 'lENSG00000226442', 'lENSG00000226454', 'lENSG00000226486', 'lENSG00000226508', 'lENSG00000226542', 'lENSG00000226562', 'lENSG00000226566', 'lENSG00000226576', 'lENSG00000226601', 'lENSG00000226647', 'lENSG00000226883', 'lENSG00000226956', 'lENSG00000226957', 'lENSG00000227075', 'lENSG00000227076', 'lENSG00000227125', 'lENSG00000227131', 'lENSG00000227181', 'lENSG00000227197', 'lENSG00000227330', 'lENSG00000227360', 'lENSG00000227409', 'lENSG00000227459', 'lENSG00000227482', 'lENSG00000227496', 'lENSG00000227509', 'lENSG00000227512', 'lENSG00000227549', 'lENSG00000227579', 'lENSG00000227606', 'lENSG00000227611', 'lENSG00000227680', 'lENSG00000227718', 'lENSG00000227769', 'lENSG00000227863', 'lENSG00000227893', 'lENSG00000227930', 'lENSG00000227958', 'lENSG00000228082', 'lENSG00000228108', 'lENSG00000228136', 'lENSG00000228170', 'lENSG00000228215', 'lENSG00000228231', 'lENSG00000228261', 'lENSG00000228351', 'lENSG00000228372', 'lENSG00000228383', 'lENSG00000228470', 'lENSG00000228548', 'lENSG00000228596', 'lENSG00000228627', 'lENSG00000228804', 'lENSG00000228852', 'lENSG00000228939', 'lENSG00000228950', 'lENSG00000229152', 'lENSG00000229162', 'lENSG00000229190', 'lENSG00000229224', 'lENSG00000229283', 'lENSG00000229297', 'lENSG00000229331', 'lENSG00000229345', 'lENSG00000229370', 'lENSG00000229379', 'lENSG00000229444', 'lENSG00000229457', 'lENSG00000229487', 'lENSG00000229498', 'lENSG00000229502', 'lENSG00000229528', 'lENSG00000229531', 'lENSG00000229673', 'lENSG00000229688', 'lENSG00000229848', 'lENSG00000229851', 'lENSG00000229999', 'lENSG00000230010', 'lENSG00000230065', 'lENSG00000230105', 'lENSG00000230121', 'lENSG00000230131', 'lENSG00000230153', 'lENSG00000230155', 'lENSG00000230190', 'lENSG00000230197', 'lENSG00000230212', 'lENSG00000230233', 'lENSG00000230234', 'lENSG00000230432', 'lENSG00000230483', 'lENSG00000230599', 'lENSG00000230668', 'lENSG00000230735', 'lENSG00000230741', 'lENSG00000230759', 'lENSG00000230790', 'lENSG00000230794', 'lENSG00000230826', 'lENSG00000230912', 'lENSG00000230918', 'lENSG00000230972', 'lENSG00000231082', 'lENSG00000231092', 'lENSG00000231114', 'lENSG00000231143', 'lENSG00000231253', 'lENSG00000231272', 'lENSG00000231413', 'lENSG00000231440', 'lENSG00000231492', 'lENSG00000231496', 'lENSG00000231539', 'lENSG00000231597', 'lENSG00000231678', 'lENSG00000231681', 'lENSG00000231724', 'lENSG00000231760', 'lENSG00000231772', 'lENSG00000231912', 'lENSG00000231914', 'lENSG00000231953', 'lENSG00000231964', 'lENSG00000232031', 'lENSG00000232058', 'lENSG00000232072', 'lENSG00000232120', 'lENSG00000232192', 'lENSG00000232197', 'lENSG00000232252', 'lENSG00000232286', 'lENSG00000232310', 'lENSG00000232328', 'lENSG00000232335', 'lENSG00000232359', 'lENSG00000232363', 'lENSG00000232396', 'lENSG00000232451', 'lENSG00000232465', 'lENSG00000232564', 'lENSG00000232596', 'lENSG00000232604', 'lENSG00000232710', 'lENSG00000232746', 'lENSG00000232806', 'lENSG00000232893', 'lENSG00000232895', 'lENSG00000232939', 'lENSG00000232964', 'lENSG00000233070', 'lENSG00000233079', 'lENSG00000233178', 'lENSG00000233179', 'lENSG00000233219', 'lENSG00000233222', 'lENSG00000233330', 'lENSG00000233339', 'lENSG00000233407', 'lENSG00000233472', 'lENSG00000233479', 'lENSG00000233534', 'lENSG00000233574', 'lENSG00000233581', 'lENSG00000233625', 'lENSG00000233656', 'lENSG00000233689', 'lENSG00000233706', 'lENSG00000233891', 'lENSG00000233953', 'lENSG00000233960', 'lENSG00000233969', 'lENSG00000234021', 'lENSG00000234055', 'lENSG00000234117', 'lENSG00000234160', 'lENSG00000234172', 'lENSG00000234191', 'lENSG00000234318', 'lENSG00000234567', 'lENSG00000234622', 'lENSG00000234653', 'lENSG00000234690', 'lENSG00000234693', 'lENSG00000234714', 'lENSG00000234860', 'lENSG00000234953', 'lENSG00000234961', 'lENSG00000234979', 'lENSG00000235011', 'lENSG00000235035', 'lENSG00000235059', 'lENSG00000235086', 'lENSG00000235122', 'lENSG00000235168', 'lENSG00000235262', 'lENSG00000235435', 'lENSG00000235503', 'lENSG00000235533', 'lENSG00000235628', 'lENSG00000235635', 'lENSG00000235637', 'lENSG00000235669', 'lENSG00000235786', 'lENSG00000236022', 'lENSG00000236031', 'lENSG00000236065', 'lENSG00000236109', 'lENSG00000236242', 'lENSG00000236267', 'lENSG00000236324', 'lENSG00000236326', 'lENSG00000236358', 'lENSG00000236366', 'lENSG00000236414', 'lENSG00000236452', 'lENSG00000236498', 'lENSG00000236559', 'lENSG00000236648', 'lENSG00000236662', 'lENSG00000236758', 'lENSG00000236800', 'lENSG00000236828', 'lENSG00000236854', 'lENSG00000236921', 'lENSG00000236951', 'lENSG00000236953', 'lENSG00000237015', 'lENSG00000237058', 'lENSG00000237073', 'lENSG00000237200', 'lENSG00000237293', 'lENSG00000237312', 'lENSG00000237324', 'lENSG00000237331', 'lENSG00000237337', 'lENSG00000237373', 'lENSG00000237435', 'lENSG00000237463', 'lENSG00000237477', 'lENSG00000237481', 'lENSG00000237494', 'lENSG00000237520', 'lENSG00000237571', 'lENSG00000237670', 'lENSG00000237687', 'lENSG00000237734', 'lENSG00000237756', 'lENSG00000237768', 'lENSG00000237802', 'lENSG00000237919', 'lENSG00000237921', 'lENSG00000237937', 'lENSG00000237993', 'lENSG00000238140', 'lENSG00000238185', 'lENSG00000238282', 'lENSG00000238291', 'lENSG00000239314', 'lENSG00000239415', 'lENSG00000239482', 'lENSG00000239593', 'lENSG00000240354', 'lENSG00000240573', 'lENSG00000240868', 'lENSG00000241383', 'lENSG00000241397', 'lENSG00000241577', 'lENSG00000241593', 'lENSG00000241666', 'lENSG00000241985', 'lENSG00000242012', 'lENSG00000242072', 'lENSG00000242339', 'lENSG00000242391', 'lENSG00000242545', 'lENSG00000242568', 'lENSG00000242618', 'lENSG00000242795', 'lENSG00000242861', 'lENSG00000243149', 'lENSG00000243230', 'lENSG00000243273', 'lENSG00000243797', 'lENSG00000243903', 'lENSG00000243961', 'lENSG00000244278', 'lENSG00000244327', 'lENSG00000244461', 'lENSG00000244701', 'lENSG00000245148', 'lENSG00000245385', 'lENSG00000246541', 'lENSG00000247867', 'lENSG00000247925', 'lENSG00000248125', 'lENSG00000248148', 'lENSG00000248172', 'lENSG00000248245', 'lENSG00000248358', 'lENSG00000248393', 'lENSG00000248397', 'lENSG00000248416', 'lENSG00000248457', 'lENSG00000248482', 'lENSG00000248576', 'lENSG00000248599', 'lENSG00000248627', 'lENSG00000248758', 'lENSG00000248789', 'lENSG00000248802', 'lENSG00000248925', 'lENSG00000248935', 'lENSG00000248969', 'lENSG00000248984', 'lENSG00000248995', 'lENSG00000249066', 'lENSG00000249071', 'lENSG00000249099', 'lENSG00000249111', 'lENSG00000249114', 'lENSG00000249297', 'lENSG00000249334', 'lENSG00000249382', 'lENSG00000249409', 'lENSG00000249419', 'lENSG00000249426', 'lENSG00000249441', 'lENSG00000249451', 'lENSG00000249474', 'lENSG00000249547', 'lENSG00000249605', 'lENSG00000249613', 'lENSG00000249697', 'lENSG00000249706', 'lENSG00000249742', 'lENSG00000249753', 'lENSG00000249782', 'lENSG00000249806', 'lENSG00000249830', 'lENSG00000249865', 'lENSG00000249892', 'lENSG00000250062', 'lENSG00000250092', 'lENSG00000250186', 'lENSG00000250195', 'lENSG00000250242', 'lENSG00000250524', 'lENSG00000250541', 'lENSG00000250626', 'lENSG00000250629', 'lENSG00000250646', 'lENSG00000250657', 'lENSG00000250665', 'lENSG00000250698', 'lENSG00000250761', 'lENSG00000250791', 'lENSG00000250820', 'lENSG00000250855', 'lENSG00000250866', 'lENSG00000250877', 'lENSG00000250910', 'lENSG00000250917', 'lENSG00000250929', 'lENSG00000250945', 'lENSG00000250949', 'lENSG00000250950', 'lENSG00000250955', 'lENSG00000250993', 'lENSG00000251059', 'lENSG00000251072', 'lENSG00000251088', 'lENSG00000251185', 'lENSG00000251194', 'lENSG00000251256', 'lENSG00000251266', 'lENSG00000251281', 'lENSG00000251283', 'lENSG00000251412', 'lENSG00000251414', 'lENSG00000251438', 'lENSG00000251688', 'lENSG00000253134', 'lENSG00000253142', 'lENSG00000253147', 'lENSG00000253167', 'lENSG00000253171', 'lENSG00000253189', 'lENSG00000253282', 'lENSG00000253356', 'lENSG00000253397', 'lENSG00000253449', 'lENSG00000253456', 'lENSG00000253503', 'lENSG00000253507', 'lENSG00000253526', 'lENSG00000253530', 'lENSG00000253539', 'lENSG00000253577', 'lENSG00000253616', 'lENSG00000253619', 'lENSG00000253627', 'lENSG00000253643', 'lENSG00000253645', 'lENSG00000253660', 'lENSG00000253665', 'lENSG00000253717', 'lENSG00000253722', 'lENSG00000253754', 'lENSG00000253782', 'lENSG00000253834', 'lENSG00000253851', 'lENSG00000253858', 'lENSG00000253871', 'lENSG00000253875', 'lENSG00000253880', 'lENSG00000253927', 'lENSG00000253947', 'lENSG00000253976', 'lENSG00000254011', 'lENSG00000254021', 'lENSG00000254026', 'lENSG00000254031', 'lENSG00000254033', 'lENSG00000254035', 'lENSG00000254043', 'lENSG00000254084', 'lENSG00000254094', 'lENSG00000254123', 'lENSG00000254141', 'lENSG00000254171', 'lENSG00000254177', 'lENSG00000254207', 'lENSG00000254239', 'lENSG00000254242', 'lENSG00000254263', 'lENSG00000254314', 'lENSG00000254325', 'lENSG00000254330', 'lENSG00000254347', 'lENSG00000254350', 'lENSG00000254380', 'lENSG00000254428', 'lENSG00000254429', 'lENSG00000254456', 'lENSG00000254526', 'lENSG00000254559', 'lENSG00000254563', 'lENSG00000254574', 'lENSG00000254592', 'lENSG00000254604', 'lENSG00000254620', 'lENSG00000254626', 'lENSG00000254627', 'lENSG00000254739', 'lENSG00000254775', 'lENSG00000254829', 'lENSG00000254842', 'lENSG00000254846', 'lENSG00000254847', 'lENSG00000254879', 'lENSG00000254913', 'lENSG00000254921', 'lENSG00000254928', 'lENSG00000254930', 'lENSG00000254972', 'lENSG00000254983', 'lENSG00000254990', 'lENSG00000255027', 'lENSG00000255041', 'lENSG00000255084', 'lENSG00000255114', 'lENSG00000255121', 'lENSG00000255159', 'lENSG00000255167', 'lENSG00000255227', 'lENSG00000255241', 'lENSG00000255252', 'lENSG00000255271', 'lENSG00000255300', 'lENSG00000255327', 'lENSG00000255343', 'lENSG00000255357', 'lENSG00000255366', 'lENSG00000255388', 'lENSG00000255390', 'lENSG00000255443', 'lENSG00000255462', 'lENSG00000255478', 'lENSG00000255487', 'lENSG00000255496', 'lENSG00000255498', 'lENSG00000255506', 'lENSG00000255523', 'lENSG00000255528', 'lENSG00000255539', 'lENSG00000255555', 'lENSG00000255565', 'lENSG00000255572', 'lENSG00000255580', 'lENSG00000255839', 'lENSG00000255893', 'lENSG00000255949', 'lENSG00000256071', 'lENSG00000256072', 'lENSG00000256083', 'lENSG00000256209', 'lENSG00000256226', 'lENSG00000256234', 'lENSG00000256292', 'lENSG00000256314', 'lENSG00000256364', 'lENSG00000256482', 'lENSG00000256568', 'lENSG00000256582', 'lENSG00000256670', 'lENSG00000256733', 'lENSG00000256897', 'lENSG00000256972', 'lENSG00000257004', 'lENSG00000257022', 'lENSG00000257096', 'lENSG00000257105', 'lENSG00000257137', 'lENSG00000257165', 'lENSG00000257235', 'lENSG00000257261', 'lENSG00000257264', 'lENSG00000257265', 'lENSG00000257271', 'lENSG00000257275', 'lENSG00000257342', 'lENSG00000257381', 'lENSG00000257407', 'lENSG00000257470', 'lENSG00000257494', 'lENSG00000257514', 'lENSG00000257527', 'lENSG00000257541', 'lENSG00000257587', 'lENSG00000257634', 'lENSG00000257653', 'lENSG00000257682', 'lENSG00000257732', 'lENSG00000257750', 'lENSG00000257787', 'lENSG00000257860', 'lENSG00000257904', 'lENSG00000257997', 'lENSG00000258007', 'lENSG00000258044', 'lENSG00000258084', 'lENSG00000258108', 'lENSG00000258167', 'lENSG00000258185', 'lENSG00000258210', 'lENSG00000258220', 'lENSG00000258234', 'lENSG00000258272', 'lENSG00000258292', 'lENSG00000258308', 'lENSG00000258313', 'lENSG00000258323', 'lENSG00000258331', 'lENSG00000258378', 'lENSG00000258379', 'lENSG00000258390', 'lENSG00000258425', 'lENSG00000258451', 'lENSG00000258460', 'lENSG00000258515', 'lENSG00000258520', 'lENSG00000258610', 'lENSG00000258657', 'lENSG00000258670', 'lENSG00000258690', 'lENSG00000258742', 'lENSG00000258745', 'lENSG00000258784', 'lENSG00000258800', 'lENSG00000258826', 'lENSG00000258850', 'lENSG00000258869', 'lENSG00000258892', 'lENSG00000258908', 'lENSG00000258944', 'lENSG00000258958', 'lENSG00000259007', 'lENSG00000259026', 'lENSG00000259187', 'lENSG00000259188', 'lENSG00000259194', 'lENSG00000259202', 'lENSG00000259211', 'lENSG00000259223', 'lENSG00000259250', 'lENSG00000259256', 'lENSG00000259265', 'lENSG00000259268', 'lENSG00000259290', 'lENSG00000259307', 'lENSG00000259342', 'lENSG00000259351', 'lENSG00000259385', 'lENSG00000259432', 'lENSG00000259503', 'lENSG00000259532', 'lENSG00000259595', 'lENSG00000259631', 'lENSG00000259636', 'lENSG00000259649', 'lENSG00000259659', 'lENSG00000259678', 'lENSG00000259757', 'lENSG00000259759', 'lENSG00000259767', 'lENSG00000259798', 'lENSG00000259805', 'lENSG00000259935', 'lENSG00000259945', 'lENSG00000259967', 'lENSG00000260003', 'lENSG00000260017', 'lENSG00000260022', 'lENSG00000260058', 'lENSG00000260158', 'lENSG00000260186', 'lENSG00000260190', 'lENSG00000260237', 'lENSG00000260246', 'lENSG00000260304', 'lENSG00000260454', 'lENSG00000260476', 'lENSG00000260586', 'lENSG00000260605', 'lENSG00000260720', 'lENSG00000260741', 'lENSG00000260773', 'lENSG00000260798', 'lENSG00000260814', 'lENSG00000260884', 'lENSG00000260911', 'lENSG00000260934', 'lENSG00000260970', 'lENSG00000260986', 'lENSG00000261014', 'lENSG00000261036', 'lENSG00000261065', 'lENSG00000261066', 'lENSG00000261070', 'lENSG00000261248', 'lENSG00000261261', 'lENSG00000261266', 'lENSG00000261307', 'lENSG00000261332', 'lENSG00000261379', 'lENSG00000261432', 'lENSG00000261507', 'lENSG00000261552', 'lENSG00000261569', 'lENSG00000261633', 'lENSG00000261663', 'lENSG00000261671', 'lENSG00000261695', 'lENSG00000261697', 'lENSG00000261723', 'lENSG00000261729', 'lENSG00000261731', 'lENSG00000261761', 'lENSG00000261838', 'lENSG00000261864', 'lENSG00000262151', 'lENSG00000262298', 'lENSG00000262434', 'lENSG00000262533', 'lENSG00000262652', 'lENSG00000262692', 'lENSG00000262777', 'lENSG00000262810', 'lENSG00000262815', 'lENSG00000263080', 'lENSG00000263237', 'lENSG00000263257', 'lENSG00000263321', 'lENSG00000263335', 'lENSG00000263417', 'lENSG00000263585', 'lENSG00000263618', 'lENSG00000263684', 'lENSG00000263709', 'lENSG00000263765', 'lENSG00000263797', 'lENSG00000263873', 'lENSG00000263952', 'lENSG00000263982', 'lENSG00000263986', 'lENSG00000264016', 'lENSG00000264023', 'lENSG00000264066', 'lENSG00000264107', 'lENSG00000264116', 'lENSG00000264151', 'lENSG00000264254', 'lENSG00000264269', 'lENSG00000264486', 'lENSG00000264513', 'lENSG00000264520', 'lENSG00000264546', 'lENSG00000264558', 'lENSG00000264577', 'lENSG00000264595', 'lENSG00000264622', 'lENSG00000264734', 'lENSG00000264769', 'lENSG00000264825', 'lENSG00000265125', 'lENSG00000265168', 'lENSG00000265205', 'lENSG00000265265', 'lENSG00000265334', 'lENSG00000265359', 'lENSG00000265400', 'lENSG00000265443', 'lENSG00000265474', 'lENSG00000265554', 'lENSG00000265625', 'lENSG00000265643', 'lENSG00000265728', 'lENSG00000265739', 'lENSG00000265743', 'lENSG00000265791', 'lENSG00000265800', 'lENSG00000265840', 'lENSG00000265844', 'lENSG00000265845', 'lENSG00000265980', 'lENSG00000265987', 'lENSG00000265994', 'lENSG00000266102', 'lENSG00000266311', 'lENSG00000266341', 'lENSG00000266368', 'lENSG00000266397', 'lENSG00000266535', 'lENSG00000266538', 'lENSG00000266541', 'lENSG00000266651', 'lENSG00000266696', 'lENSG00000266801', 'lENSG00000266839', 'lENSG00000266844', 'lENSG00000266877', 'lENSG00000266936', 'lENSG00000266981', 'lENSG00000266985', 'lENSG00000266993', 'lENSG00000267000', 'lENSG00000267028', 'lENSG00000267057', 'lENSG00000267177', 'lENSG00000267225', 'lENSG00000267234', 'lENSG00000267255', 'lENSG00000267263', 'lENSG00000267274', 'lENSG00000267286', 'lENSG00000267320', 'lENSG00000267354', 'lENSG00000267364', 'lENSG00000267378', 'lENSG00000267387', 'lENSG00000267436', 'lENSG00000267437', 'lENSG00000267501', 'lENSG00000267510', 'lENSG00000267583', 'lENSG00000267593', 'lENSG00000267617', 'lENSG00000267633', 'lENSG00000267638', 'lENSG00000267665', 'lENSG00000267711', 'lENSG00000267791', 'lENSG00000267838', 'lENSG00000267922', 'lENSG00000267980', 'lENSG00000268015', 'lENSG00000268051', 'lENSG00000268069', 'lENSG00000268191', 'lENSG00000268240', 'lENSG00000268289', 'lENSG00000268292', 'lENSG00000268296', 'lENSG00000268520', 'lENSG00000268605', 'lENSG00000268743', 'lENSG00000268798', 'lENSG00000268833', 'lENSG00000268906', 'lENSG00000268912', 'lENSG00000268981', 'lENSG00000269085', 'lENSG00000269191', 'lENSG00000269292', 'lENSG00000269321', 'lENSG00000269350', 'lENSG00000269495', 'lENSG00000269504', 'lENSG00000269578', 'lENSG00000269621', 'lENSG00000269656', 'lENSG00000269729', 'lENSG00000269802', 'lENSG00000269826', 'lENSG00000269843', 'lENSG00000269867', 'lENSG00000269901', 'lENSG00000269950', 'lENSG00000269987', 'lENSG00000270082', 'lENSG00000270094', 'lENSG00000270108', 'lENSG00000270380', 'lENSG00000270726', 'lENSG00000270871', 'lENSG00000270996', 'lENSG00000271032', 'lENSG00000271218', 'lENSG00000271314', 'lENSG00000271579', 'lENSG00000271717', 'lENSG00000271763', 'lENSG00000271787', 'lENSG00000271833', 'lENSG00000271901', 'lENSG00000271936', 'lENSG00000271945', 'lENSG00000271983', 'lENSG00000272027', 'lENSG00000272072', 'lENSG00000272149', 'lENSG00000272159', 'lENSG00000272510', 'lENSG00000272540', 'lENSG00000272575', 'lENSG00000272642', 'lENSG00000272661', 'lENSG00000272742', 'lENSG00000272810', 'lENSG00000272814', 'lENSG00000272866', 'lENSG00000272995', 'lENSG00000273035', 'lENSG00000273110', 'lENSG00000273198', 'lENSG00000273226', 'lENSG00000273257', 'lENSG00000273271', 'lENSG00000273275', 'lENSG00000273360', 'lENSG00000273449', 'lENSG00000273461', 'lENSG00000273485', 'lENSG00000273493', 'lENSG00000273550', 'lENSG00000273568', 'lENSG00000273838', 'lENSG00000273877', 'lENSG00000274177', 'lENSG00000274227', 'lENSG00000274561', 'lENSG00000274624', 'lENSG00000274678', 'lENSG00000274737', 'lENSG00000274893', 'lENSG00000275173', 'lENSG00000275345', 'lENSG00000275356', 'lENSG00000275401', 'lENSG00000275484', 'lENSG00000275576', 'lENSG00000275638', 'lENSG00000275871', 'lENSG00000275963', 'lENSG00000276054', 'lENSG00000276107', 'lENSG00000276266', 'lENSG00000276488', 'lENSG00000276527', 'lENSG00000276533', 'lENSG00000276668', 'lENSG00000276997', 'lENSG00000277173', 'lENSG00000277332', 'lENSG00000277639', 'lENSG00000277675', 'lENSG00000278000', 'lENSG00000278013', 'lENSG00000278202', 'lENSG00000278351', 'lENSG00000278630', 'lENSG00000278766', 'lENSG00000278944', 'lENSG00000279088', 'lENSG00000279240', 'lENSG00000279484', 'lENSG00000279501', 'lENSG00000279623', 'lENSG00000279751', 'lENSG00000280224', 'lENSG00000280455', 'lENSG00000280580', 'lENSG00000280703', 'lENSG00000280870', 'lENSG00000280881', 'lENSG00000281831', 'lENSG00000282828', 'lENSG00000282950', 'lENSG00000283083', 'lENSG00000283286', 'lENSG00000283347', 'lENSG00000283375', 'lENSG00000283436', 'lENSG00000283457', 'lENSG00000283573', 'lENSG00000283631', 'lENSG00000283766', 'lENSG00000283973', 'lENSG00000284376', 'lENSG00000284418', 'lENSG00000284500', 'lENSG00000284513', 'lENSG00000284608', 'lENSG00000284699', 'lENSG00000284846', 'lENSG00000284994', 'lENSG00000285012', 'lENSG00000285040', 'lENSG00000285117', 'lENSG00000285325', 'lENSG00000285354', 'lENSG00000285409', 'lENSG00000285473', 'lENSG00000285518', 'lENSG00000285524', 'lENSG00000285550', 'lENSG00000285551', 'lENSG00000285619', 'lENSG00000285621', 'lENSG00000285699', 'lENSG00000285709', 'lENSG00000285780', 'lENSG00000285857', 'lENSG00000285861', 'lENSG00000285889', 'lENSG00000285954', 'lENSG00000285998', 'lENSG00000286002', 'lENSG00000286010', 'lENSG00000286018', 'lENSG00000286020', 'lENSG00000286050', 'lENSG00000286076', 'lENSG00000286089', 'lENSG00000286093', 'lENSG00000286101', 'lENSG00000286168', 'lENSG00000286188', 'lENSG00000286197', 'lENSG00000286206', 'lENSG00000286242', 'lENSG00000286244', 'lENSG00000286276', 'lENSG00000286303', 'lENSG00000286331', 'lENSG00000286333', 'lENSG00000286338', 'lENSG00000286357', 'lENSG00000286419', 'lENSG00000286430', 'lENSG00000286436', 'lENSG00000286441', 'lENSG00000286453', 'lENSG00000286461', 'lENSG00000286474', 'lENSG00000286515', 'lENSG00000286565', 'lENSG00000286578', 'lENSG00000286581', 'lENSG00000286584', 'lENSG00000286588', 'lENSG00000286598', 'lENSG00000286617', 'lENSG00000286639', 'lENSG00000286645', 'lENSG00000286670', 'lENSG00000286690', 'lENSG00000286698', 'lENSG00000286715', 'lENSG00000286716', 'lENSG00000286722', 'lENSG00000286735', 'lENSG00000286738', 'lENSG00000286740', 'lENSG00000286751', 'lENSG00000286759', 'lENSG00000286767', 'lENSG00000286770', 'lENSG00000286776', 'lENSG00000286781', 'lENSG00000286795', 'lENSG00000286803', 'lENSG00000286820', 'lENSG00000286822', 'lENSG00000286838', 'lENSG00000286843', 'lENSG00000286850', 'lENSG00000286887', 'lENSG00000286963', 'lENSG00000287005', 'lENSG00000287006', 'lENSG00000287020', 'lENSG00000287028', 'lENSG00000287030', 'lENSG00000287066', 'lENSG00000287107', 'lENSG00000287108', 'lENSG00000287128', 'lENSG00000287155', 'lENSG00000287159', 'lENSG00000287191', 'lENSG00000287198', 'lENSG00000287202', 'lENSG00000287236', 'lENSG00000287321', 'lENSG00000287335', 'lENSG00000287358', 'lENSG00000287366', 'lENSG00000287367', 'lENSG00000287423', 'lENSG00000287441', 'lENSG00000287451', 'lENSG00000287456', 'lENSG00000287462', 'lENSG00000287501', 'lENSG00000287511', 'lENSG00000287517', 'lENSG00000287518', 'lENSG00000287545', 'lENSG00000287550', 'lENSG00000287551', 'lENSG00000287556', 'lENSG00000287587', 'lENSG00000287618', 'lENSG00000287660', 'lENSG00000287664', 'lENSG00000287684', 'lENSG00000287687', 'lENSG00000287691', 'lENSG00000287704', 'lENSG00000211683', 'lENSG00000214955', 'lENSG00000223379', 'lENSG00000223795', 'lENSG00000224884', 'lENSG00000225393', 'lENSG00000225836', 'lENSG00000228255', 'lENSG00000228538', 'lENSG00000229454', 'lENSG00000229458', 'lENSG00000229628', 'lENSG00000229964', 'lENSG00000230600', 'lENSG00000230649', 'lENSG00000231616', 'lENSG00000232056', 'lENSG00000232636', 'lENSG00000233200', 'lENSG00000233987', 'lENSG00000234810', 'lENSG00000234998', 'lENSG00000235337', 'lENSG00000235795', 'lENSG00000236453', 'lENSG00000239801', 'lENSG00000241792', 'lENSG00000242375', 'lENSG00000244620', 'lENSG00000247810', 'lENSG00000248359', 'lENSG00000248991', 'lENSG00000249159', 'lENSG00000250481', 'lENSG00000250567', 'lENSG00000250670', 'lENSG00000250686', 'lENSG00000250777', 'lENSG00000250948', 'lENSG00000251506', 'lENSG00000251654', 'lENSG00000253766', 'lENSG00000254306', 'lENSG00000254927', 'lENSG00000255279', 'lENSG00000255325', 'lENSG00000255644', 'lENSG00000256686', 'lENSG00000257603', 'lENSG00000257715', 'lENSG00000257962', 'lENSG00000258088', 'lENSG00000258196', 'lENSG00000258386', 'lENSG00000258949', 'lENSG00000259123', 'lENSG00000259209', 'lENSG00000259222', 'lENSG00000259255', 'lENSG00000259274', 'lENSG00000259306', 'lENSG00000260511', 'lENSG00000260983', 'lENSG00000261193', 'lENSG00000261445', 'lENSG00000261470', 'lENSG00000261775', 'lENSG00000264660', 'lENSG00000265174', 'lENSG00000266893', 'lENSG00000267081', 'lENSG00000267521', 'lENSG00000267581', 'lENSG00000269391', 'lENSG00000269460', 'lENSG00000272304', 'lENSG00000272369', 'lENSG00000273138', 'lENSG00000273403', 'lENSG00000273486', 'lENSG00000274902', 'lENSG00000275232', 'lENSG00000278514', 'lENSG00000279672', 'lENSG00000282887', 'lENSG00000226032', 'lENSG00000235736', 'lENSG00000251613', 'lENSG00000263316', 'lENSG00000258631', 'lENSG00000260141', 'lENSG00000279472', 'lENSG00000271870', 'lENSG00000272934', 'lENSG00000265556', 'lENSG00000271840', 'lENSG00000253701', 'lENSG00000281408', 'lENSG00000268166', 'lALG13-AS1', 'lDGUOK-AS1', 'lDSCR8', 'lMIR145', 'lMIR24-2', 'lMIR3179-2', 'lMIR3654', 'lACA64', 'lCDKN2B-AS', 'lC3orf65']","[1.0, 1.0, 0.0, 1.0, 1.0, 0.0, 1.0, 1.0, 1.0, 0.0, 0.0, 1.0, 1.0, 0.0, 1.0, 0.0, 1.0, 0.0, 1.0, 1.0, 0.0, 0.0, 1.0, 1.0, 1.0, 0.0, 1.0, 0.0, 1.0, 1.0, 1.0, 0.0, 0.0, 0.0, 1.0, 0.0, 0.0, 0.0, 1.0, 1.0, 0.0, 0.0, 0.0, 0.0, 0.0, 0.0, 0.0, 1.0, 1.0, 1.0, 1.0, 0.0, 0.0, 1.0, 1.0, 1.0, 1.0, 1.0, 0.0, 0.0, 1.0, 1.0, 1.0, 1.0, 0.0, 0.0, 1.0, 1.0, 1.0, 0.0, 0.0, 1.0, 1.0, 0.0, 1.0, 1.0, 1.0, 1.0, 1.0, 0.0, 1.0, 1.0, 1.0, 0.0, 0.0, 1.0, 0.0, 1.0, 1.0, 0.0, 1.0, 1.0, 0.0, 1.0, 1.0, 0.0, 0.0, 0.0, 0.0, 0.0, 1.0, 1.0, 1.0, 0.0, 1.0, 1.0, 1.0, 1.0, 1.0, 0.0, 1.0, 0.0, 1.0, 1.0, 0.0, 0.0, 0.0, 1.0, 0.0, 0.0, 1.0, 0.0, 0.0, 1.0, 1.0, 0.0, 1.0, 1.0, 0.0, 1.0, 0.0, 1.0, 1.0, 0.0, 0.0, 0.0, 1.0, 1.0, 1.0, 1.0, 0.0, 0.0, 1.0, 1.0, 1.0, 0.0, 1.0, 0.0, 0.0, 0.0, 1.0, 1.0, 0.0, 1.0, 0.0, 1.0, 0.0, 0.0, 0.0, 0.0, 1.0, 1.0, 0.0, 1.0, 0.0, 1.0, 0.0, 1.0, 1.0, 1.0, 0.0, 0.0, 1.0, 0.0, 0.0, 1.0, 1.0, 0.0, 1.0, 0.0, 1.0, 1.0, 0.0, 1.0, 1.0, 0.0, 1.0, 1.0, 1.0, 0.0, 0.0, 0.0, 0.0, 1.0, 1.0, 0.0, 1.0, 1.0, 0.0, 0.0, 0.0, 1.0, 0.0, 1.0, 1.0, 0.0, 0.0, 0.0, 0.0, 0.0, 1.0, 1.0, 1.0, 1.0, 0.0, 1.0, 1.0, 1.0, 0.0, 0.0, 1.0, 1.0, 1.0, 1.0, 1.0, 1.0, 0.0, 1.0, 0.0, 0.0, 1.0, 0.0, 1.0, 1.0, 0.0, 0.0, 0.0, 1.0, 0.0, 0.0, 1.0, 1.0, 0.0, 0.0, 0.0, 0.0, 1.0, 1.0, 1.0, 1.0, 1.0, 1.0, 1.0, 1.0, 0.0, 0.0, 0.0, 1.0, 0.0, 0.0, 1.0, 1.0, 0.0, 1.0, 0.0, 1.0, 0.0, 0.0, 1.0, 1.0, 1.0, 1.0, 0.0, 0.0, 1.0, 1.0, 1.0, 1.0, 0.0, 0.0, 0.0, 0.0, 0.0, 0.0, 0.0, 1.0, 1.0, 1.0, 1.0, 1.0, 1.0, 1.0, 0.0, 1.0, 1.0, 0.0, 0.0, 1.0, 0.0, 0.0, 1.0, 1.0, 1.0, 0.0, 1.0, 1.0, 1.0, 1.0, 0.0, 1.0, 1.0, 0.0, 0.0, 0.0, 1.0, 1.0, 0.0, 0.0, 0.0, 1.0, 0.0, 1.0, 1.0, 1.0, 1.0, 1.0, 0.0, 0.0, 0.0, 1.0, 0.0, 1.0, 1.0, 1.0, 0.0, 1.0, 0.0, 0.0, 0.0, 1.0, 1.0, 0.0, 0.0, 0.0, 1.0, 1.0, 1.0, 0.0, 1.0, 1.0, 0.0, 0.0, 1.0, 1.0, 0.0, 1.0, 0.0, 0.0, 1.0, 0.0, 0.0, 0.0, 0.0, 1.0, 0.0, 0.0, 0.0, 1.0, 1.0, 0.0, 1.0, 0.0, 0.0, 0.0, 0.0, 1.0, 0.0, 1.0, 0.0, 0.0, 0.0, 1.0, 1.0, 0.0, 0.0, 1.0, 0.0, 1.0, 1.0, 1.0, 0.0, 0.0, 0.0, 1.0, 1.0, 0.0, 0.0, 1.0, 0.0, 0.0, 0.0, 0.0, 1.0, 1.0, 0.0, 1.0, 0.0, 1.0, 0.0, 1.0, 1.0, 1.0, 1.0, 1.0, 0.0, 0.0, 0.0, 0.0, 1.0, 1.0, 0.0, 0.0, 1.0, 0.0, 1.0, 1.0, 0.0, 1.0, 0.0, 1.0, 1.0, 1.0, 0.0, 0.0, 1.0, 0.0, 1.0, 1.0, 1.0, 0.0, 1.0, 1.0, 0.0, 1.0, 0.0, 1.0, 1.0, 0.0, 1.0, 1.0, 1.0, 0.0, 0.0, 0.0, 1.0, 1.0, 0.0, 0.0, 1.0, 0.0, 0.0, 0.0, 1.0, 0.0, 0.0, 0.0, 1.0, 0.0, 1.0, 0.0, 1.0, 1.0, 0.0, 0.0, 1.0, 1.0, 0.0, 1.0, 0.0, 1.0, 0.0, 1.0, 0.0, 0.0, 0.0, 0.0, 1.0, 0.0, 1.0, 1.0, 0.0, 0.0, 1.0, 0.0, 0.0, 1.0, 1.0, 0.0, 0.0, 0.0, 0.0, 0.0, 1.0, 1.0, 0.0, 1.0, 1.0, 0.0, 0.0, 0.0, 1.0, 0.0, 0.0, 1.0, 0.0, 0.0, 1.0, 1.0, 0.0, 0.0, 0.0, 1.0, 1.0, 1.0, 0.0, 0.0, 1.0, 1.0, 0.0, 1.0, 0.0, 0.0, 1.0, 1.0, 1.0, 0.0, 0.0, 0.0, 0.0, 1.0, 0.0, 0.0, 0.0, 1.0, 0.0, 0.0, 0.0, 1.0, 0.0, 1.0, 0.0, 1.0, 1.0, 0.0, 1.0, 0.0, 1.0, 1.0, 0.0, 0.0, 0.0, 1.0, 0.0, 1.0, 1.0, 0.0, 0.0, 0.0, 0.0, 0.0, 0.0, 0.0, 1.0, 1.0, 1.0, 1.0, 1.0, 0.0, 0.0, 0.0, 1.0, 1.0, 0.0, 0.0, 1.0, 0.0, 0.0, 1.0, 1.0, 1.0, 1.0, 1.0, 0.0, 0.0, 1.0, 1.0, 0.0, 1.0, 0.0, 1.0, 1.0, 1.0, 1.0, 1.0, 0.0, 0.0, 0.0, 1.0, 1.0, 1.0, 1.0, 0.0, 0.0, 1.0, 1.0, 0.0, 1.0, 1.0, 1.0, 0.0, 0.0, 1.0, 1.0, 1.0, 1.0, 1.0, 0.0, 1.0, 0.0, 1.0, 0.0, 0.0, 0.0, 0.0, 1.0, 0.0, 0.0, 1.0, 0.0, 1.0, 1.0, 1.0, 0.0, 1.0, 1.0, 1.0, 1.0, 1.0, 1.0, 0.0, 1.0, 0.0, 0.0, 0.0, 0.0, 1.0, 0.0, 1.0, 1.0, 1.0, 1.0, 1.0, 0.0, 1.0, 0.0, 1.0, 1.0, 1.0, 0.0, 1.0, 0.0, 0.0, 1.0, 0.0, 0.0, 1.0, 0.0, 0.0, 1.0, 0.0, 1.0, 0.0, 0.0, 0.0, 1.0, 1.0, 0.0, 0.0, 0.0, 1.0, 0.0, 1.0, 1.0, 0.0, 0.0, 1.0, 0.0, 0.0, 1.0, 0.0, 0.0, 0.0, 1.0, 0.0, 0.0, 0.0, 1.0, 1.0, 0.0, 0.0, 1.0, 1.0, 1.0, 1.0, 0.0, 0.0, 0.0, 1.0, 1.0, 1.0, 0.0, 0.0, 1.0, 0.0, 0.0, 1.0, 1.0, 1.0, 0.0, 0.0, 1.0, 1.0, 1.0, 0.0, 0.0, 1.0, 1.0, 1.0, 0.0, 0.0, 1.0, 0.0, 1.0, 0.0, 0.0, 0.0, 1.0, 0.0, 0.0, 0.0, 1.0, 0.0, 1.0, 0.0, 1.0, 1.0, 1.0, 1.0, 0.0, 1.0, 1.0, 0.0, 1.0, 0.0, 0.0, 1.0, 1.0, 1.0, 1.0, 1.0, 1.0, 0.0, 0.0, 0.0, 0.0, 0.0, 1.0, 0.0, 1.0, 0.0, 1.0, 0.0, 0.0, 1.0, 0.0, 1.0, 0.0, 1.0, 0.0, 0.0, 0.0, 0.0, 0.0, 1.0, 1.0, 0.0, 1.0, 1.0, 0.0, 0.0, 1.0, 0.0, 0.0, 1.0, 1.0, 0.0, 1.0, 1.0, 0.0, 1.0, 1.0, 0.0, 0.0, 1.0, 1.0, 0.0, 1.0, 1.0, 0.0, 0.0, 1.0, 0.0, 0.0, 0.0, 1.0, 1.0, 1.0, 0.0, 1.0, 1.0, 1.0, 1.0, 1.0, 0.0, 1.0, 0.0, 0.0, 0.0, 0.0, 1.0, 1.0, 0.0, 1.0, 1.0, 0.0, 1.0, 0.0, 0.0, 0.0, 0.0, 0.0, 1.0, 0.0, 1.0, 1.0, 0.0, 0.0, 1.0, 1.0, 0.0, 0.0, 0.0, 0.0, 0.0, 0.0, 1.0, 0.0, 0.0, 1.0, 0.0, 1.0, 0.0, 1.0, 1.0, 0.0, 0.0, 0.0, 1.0, 1.0, 1.0, 1.0, 1.0, 1.0, 0.0, 0.0, 0.0, 1.0, 1.0, 0.0, 0.0, 0.0, 0.0, 1.0, 0.0, 0.0, 1.0, 0.0, 1.0, 0.0, 1.0, 0.0, 0.0, 1.0, 1.0, 1.0, 0.0, 0.0, 0.0, 1.0, 0.0, 1.0, 0.0, 0.0, 0.0, 1.0, 0.0, 1.0, 0.0, 0.0, 1.0, 0.0, 1.0, 0.0, 0.0, 0.0, 0.0, 1.0, 1.0, 1.0, 0.0, 1.0, 1.0, 0.0, 0.0, 1.0, 1.0, 0.0, 0.0, 0.0, 0.0, 1.0, 0.0, 1.0, 0.0, 0.0, 1.0, 1.0, 0.0, 0.0, 0.0, 1.0, 0.0, 0.0, 0.0, 0.0, 0.0, 0.0, 1.0, 1.0, 1.0, 1.0, 0.0, 1.0, 1.0, 0.0, 0.0, 0.0, 0.0, 1.0, 1.0, 0.0, 0.0, 0.0, 1.0, 0.0, 1.0, 0.0, 1.0, 0.0, 1.0, 0.0, 0.0, 0.0, 0.0, 1.0, 1.0, 0.0, 0.0, 1.0, 0.0, 1.0, 0.0, 1.0, 0.0, 0.0, 1.0, 0.0, 1.0, 1.0, 1.0, 0.0, 1.0, 0.0, 0.0, 0.0, 1.0, 1.0, 1.0, 0.0, 0.0, 1.0, 0.0, 1.0, 0.0, 0.0, 1.0, 0.0, 0.0, 1.0, 1.0, 1.0, 1.0, 0.0, 1.0, 1.0, 1.0, 1.0, 0.0, 0.0, 1.0, 1.0, 0.0, 0.0, 1.0, 1.0, 0.0, 0.0, 0.0, 1.0, 1.0, 1.0, 0.0, 0.0, 0.0, 1.0, 1.0, 0.0, 0.0, 0.0, 0.0, 1.0, 1.0, 0.0, 1.0, 1.0, 0.0, 0.0, 0.0, 1.0, 1.0, 0.0, 1.0, 0.0, 0.0, 1.0, 1.0, 1.0, 1.0, 0.0, 0.0, 1.0, 1.0, 1.0, 1.0, 1.0, 0.0, 1.0, 0.0, 0.0, 1.0, 1.0, 1.0, 0.0, 1.0, 0.0, 0.0, 0.0, 1.0, 0.0, 0.0, 1.0, 1.0, 1.0, 1.0, 1.0, 0.0, 1.0, 0.0, 0.0, 0.0, 1.0, 1.0, 1.0, 1.0, 1.0, 0.0, 0.0, 1.0, 1.0, 0.0, 0.0, 0.0, 1.0, 1.0, 1.0, 1.0, 0.0, 1.0, 0.0, 0.0, 0.0, 1.0, 1.0, 0.0, 0.0, 0.0, 1.0, 1.0, 0.0, 0.0, 1.0, 1.0, 1.0, 1.0, 0.0, 1.0, 0.0, 0.0, 0.0, 1.0, 1.0, 1.0, 0.0, 0.0, 0.0, 1.0, 1.0, 0.0, 0.0, 1.0, 0.0, 1.0, 0.0, 1.0, 0.0, 0.0, 1.0, 0.0, 0.0, 1.0, 0.0, 0.0, 0.0, 1.0, 1.0, 0.0, 1.0, 0.0, 0.0, 1.0, 1.0, 0.0, 1.0, 0.0, 0.0, 1.0, 0.0, 1.0, 1.0, 0.0, 0.0, 1.0, 0.0, 1.0, 1.0, 1.0, 0.0, 1.0, 0.0, 0.0, 1.0, 1.0, 1.0, 1.0, 1.0, 0.0, 0.0, 0.0, 1.0, 1.0, 1.0, 0.0, 1.0, 1.0, 1.0, 1.0, 0.0, 0.0, 0.0, 0.0, 0.0, 0.0, 0.0, 1.0, 0.0, 1.0, 1.0, 1.0, 1.0, 0.0, 0.0, 0.0, 1.0, 0.0, 1.0, 1.0, 1.0, 0.0, 1.0, 0.0, 0.0, 0.0, 0.0, 0.0, 0.0, 1.0, 1.0, 0.0, 1.0, 0.0, 0.0, 1.0, 0.0, 0.0, 1.0, 1.0, 1.0, 0.0, 1.0, 0.0, 0.0, 1.0, 1.0, 0.0, 1.0, 0.0, 0.0, 1.0, 0.0, 1.0, 1.0, 0.0, 0.0, 1.0, 0.0, 0.0, 0.0, 1.0, 1.0, 0.0, 1.0, 1.0, 1.0, 0.0, 1.0, 1.0, 1.0, 0.0, 0.0, 0.0, 1.0, 0.0, 0.0, 0.0, 0.0, 1.0, 0.0, 1.0, 0.0, 0.0, 1.0, 0.0, 0.0, 0.0, 1.0, 0.0, 1.0, 0.0, 0.0, 1.0, 0.0, 0.0, 0.0, 1.0, 0.0, 0.0, 0.0, 1.0, 1.0, 0.0, 1.0, 0.0, 0.0, 1.0, 0.0, 0.0, 0.0, 0.0, 1.0, 0.0, 1.0, 0.0, 0.0, 0.0, 1.0, 1.0, 1.0, 0.0, 0.0, 0.0, 0.0, 1.0, 0.0, 1.0, 0.0, 1.0, 0.0, 0.0, 0.0, 1.0, 0.0, 0.0, 1.0, 0.0, 1.0, 0.0, 1.0, 1.0, 1.0, 0.0, 1.0, 1.0, 0.0, 1.0, 0.0, 0.0, 1.0, 0.0, 0.0, 0.0, 1.0, 1.0, 1.0, 1.0, 0.0, 1.0, 0.0, 1.0, 1.0, 1.0, 1.0, 1.0, 0.0, 0.0, 0.0, 0.0, 1.0, 0.0, 1.0, 0.0, 0.0, 1.0, 0.0, 1.0, 1.0, 1.0, 1.0, 0.0, 1.0, 0.0, 1.0, 1.0, 1.0, 0.0, 1.0, 0.0, 1.0, 1.0, 1.0, 0.0, 1.0, 0.0, 0.0, 0.0, 1.0, 0.0, 0.0, 1.0, 0.0, 0.0, 0.0, 0.0, 1.0, 1.0, 0.0, 1.0, 1.0, 1.0, 1.0, 1.0, 1.0, 0.0, 1.0, 0.0, 0.0, 0.0, 1.0, 0.0, 1.0, 1.0, 0.0, 0.0, 1.0, 0.0, 1.0, 0.0, 0.0, 0.0, 0.0, 1.0, 1.0, 1.0, 0.0, 1.0, 0.0, 0.0, 1.0, 1.0, 1.0, 0.0, 0.0, 1.0, 0.0, 1.0, 1.0, 0.0, 1.0, 0.0, 1.0, 1.0, 1.0, 1.0, 1.0, 1.0, 1.0, 0.0, 0.0, 1.0, 0.0, 0.0, 1.0, 1.0, 1.0, 0.0, 1.0, 1.0, 0.0, 0.0, 1.0, 1.0, 1.0, 0.0, 0.0, 1.0, 0.0, 0.0, 0.0, 0.0, 1.0, 0.0, 0.0, 1.0, 1.0, 1.0, 1.0, 0.0, 0.0, 1.0, 0.0, 0.0, 0.0, 0.0, 1.0, 0.0, 1.0, 1.0, 1.0, 0.0, 1.0, 0.0, 1.0, 1.0, 1.0, 1.0, 1.0, 1.0, 0.0, 0.0, 0.0, 1.0, 1.0, 1.0, 0.0, 0.0, 1.0, 1.0, 1.0, 1.0, 1.0, 0.0, 1.0, 0.0, 1.0, 0.0, 1.0, 0.0, 1.0, 1.0, 1.0, 0.0, 0.0, 1.0, 0.0, 1.0, 1.0, 1.0, 1.0, 0.0, 0.0, 0.0, 1.0, 0.0, 0.0, 0.0, 1.0, 1.0, 0.0, 0.0, 0.0, 0.0, 1.0, 1.0, 0.0, 1.0, 1.0, 1.0, 0.0, 1.0, 1.0, 0.0, 0.0, 0.0, 0.0, 0.0, 1.0, 0.0, 1.0, 0.0, 0.0, 0.0, 0.0, 0.0, 1.0, 1.0, 0.0, 1.0, 0.0, 0.0, 1.0, 0.0, 1.0, 0.0, 0.0, 1.0, 0.0, 0.0, 1.0, 1.0, 0.0, 0.0, 0.0, 0.0, 0.0, 1.0, 1.0, 1.0, 1.0, 0.0, 0.0, 0.0, 0.0, 1.0, 1.0, 0.0, 1.0, 1.0, 0.0, 0.0, 1.0, 1.0, 1.0, 1.0, 1.0, 1.0, 1.0, 0.0, 0.0, 0.0, 1.0, 1.0, 0.0, 0.0, 0.0, 0.0, 1.0, 1.0, 1.0, 0.0, 1.0, 0.0, 1.0, 1.0, 0.0, 0.0, 1.0, 0.0, 0.0, 0.0, 1.0, 1.0, 0.0, 0.0, 1.0, 0.0, 1.0, 0.0, 0.0, 1.0, 0.0, 1.0, 0.0, 0.0, 0.0, 0.0, 0.0, 0.0, 0.0, 0.0, 0.0, 1.0, 0.0, 0.0, 1.0, 0.0, 1.0, 0.0, 0.0, 0.0, 1.0, 0.0, 1.0, 0.0, 0.0, 1.0, 0.0, 0.0, 1.0, 1.0, 1.0, 1.0, 0.0, 0.0, 1.0, 1.0, 0.0, 1.0, 0.0, 0.0, 0.0, 1.0, 1.0, 0.0, 1.0, 1.0, 0.0, 1.0, 0.0, 1.0, 1.0, 0.0, 1.0, 0.0, 1.0, 0.0, 0.0, 1.0, 0.0, 0.0, 0.0, 1.0, 1.0, 1.0, 1.0, 1.0, 1.0, 0.0, 0.0, 0.0, 1.0, 1.0, 0.0, 1.0, 1.0, 0.0, 1.0, 1.0, 1.0, 1.0, 0.0, 1.0, 0.0, 1.0, 0.0, 0.0, 0.0, 0.0, 1.0, 0.0, 1.0, 0.0, 1.0, 0.0, 1.0, 0.0, 0.0, 1.0, 1.0, 1.0, 0.0, 1.0, 1.0, 1.0, 1.0, 0.0, 1.0, 0.0, 0.0, 0.0, 0.0, 0.0, 1.0, 1.0, 1.0, 1.0, 0.0, 1.0, 1.0, 1.0, 1.0, 0.0, 1.0, 1.0, 0.0, 1.0, 1.0, 0.0, 0.0, 0.0, 0.0, 1.0, 0.0, 0.0, 0.0, 1.0, 0.0, 0.0, 1.0, 0.0, 0.0, 0.0, 1.0, 1.0, 0.0, 1.0, 0.0, 1.0, 0.0, 0.0, 0.0, 1.0, 1.0, 1.0, 0.0, 1.0, 0.0, 1.0, 1.0, 1.0, 0.0, 0.0, 1.0, 0.0, 1.0, 0.0, 1.0, 0.0, 1.0, 1.0, 1.0, 0.0, 1.0, 0.0, 0.0, 0.0, 0.0, 0.0, 0.0, 0.0, 0.0, 1.0, 0.0, 0.0, 1.0, 1.0, 1.0, 0.0, 1.0, 1.0, 0.0, 0.0, 0.0, 1.0, 1.0, 1.0, 1.0, 1.0, 1.0, 1.0, 1.0, 0.0, 1.0, 1.0, 1.0, 1.0, 1.0, 0.0, 0.0, 0.0, 1.0, 1.0, 1.0, 1.0, 1.0, 1.0, 1.0, 0.0, 0.0, 0.0, 0.0, 1.0, 0.0, 0.0, 0.0, 1.0, 1.0, 1.0, 1.0, 0.0, 0.0, 1.0, 1.0, 1.0, 0.0, 0.0, 1.0, 1.0, 0.0, 1.0, 0.0, 1.0, 1.0, 1.0, 0.0, 0.0, 0.0, 1.0, 1.0, 1.0, 1.0, 1.0, 0.0, 1.0, 1.0, 0.0, 1.0, 1.0, 1.0, 1.0, 1.0, 0.0, 0.0, 0.0, 1.0, 0.0, 0.0, 0.0, 1.0, 1.0, 1.0, 1.0, 0.0, 0.0, 0.0, 1.0, 1.0, 1.0, 1.0, 1.0, 1.0, 1.0, 0.0, 0.0, 1.0, 1.0, 0.0, 1.0, 1.0, 0.0, 0.0, 0.0, 0.0, 1.0, 1.0, 0.0, 0.0, 0.0, 0.0, 1.0, 0.0, 1.0, 1.0, 1.0, 0.0, 0.0, 1.0, 1.0, 1.0, 1.0, 1.0, 1.0, 1.0, 0.0, 1.0, 1.0, 0.0, 0.0, 1.0, 1.0, 0.0, 0.0, 0.0, 0.0, 0.0, 0.0, 0.0, 0.0, 0.0, 0.0, 0.0, 1.0, 0.0, 1.0, 1.0, 0.0, 0.0, 0.0, 0.0, 1.0, 0.0, 1.0, 1.0, 1.0, 0.0, 0.0, 1.0, 0.0, 0.0, 1.0, 0.0, 0.0, 1.0, 0.0, 1.0, 1.0, 1.0, 1.0, 1.0, 1.0, 1.0, 1.0, 0.0, 0.0, 0.0, 0.0, 1.0, 0.0, 1.0, 1.0, 1.0, 1.0, 1.0, 1.0, 0.0, 0.0, 1.0, 0.0, 1.0, 1.0, 0.0, 1.0, 0.0, 1.0, 0.0, 1.0, 1.0, 0.0, 1.0, 0.0, 1.0, 0.0, 1.0, 0.0, 1.0, 1.0, 0.0, 1.0, 0.0, 1.0, 0.0, 0.0, 0.0, 0.0, 1.0, 1.0, 1.0, 0.0, 0.0, 1.0, 0.0, 1.0, 1.0, 1.0, 0.0, 1.0, 1.0, 0.0, 0.0, 0.0, 0.0, 1.0, 0.0, 0.0, 1.0, 0.0, 1.0, 0.0, 0.0, 0.0, 1.0, 0.0, 1.0, 1.0, 1.0, 0.0, 1.0, 1.0, 1.0, 0.0, 0.0, 1.0, 1.0, 0.0, 0.0, 1.0, 0.0, 1.0, 1.0, 0.0, 0.0, 1.0, 1.0, 0.0, 1.0, 0.0, 0.0, 1.0, 1.0, 1.0, 0.0, 1.0, 1.0, 1.0, 1.0, 0.0, 0.0, 0.0, 1.0, 0.0, 0.0, 1.0, 0.0, 0.0, 1.0, 1.0, 0.0, 1.0, 1.0, 1.0, 1.0, 0.0, 0.0, 0.0, 0.0, 0.0, 1.0, 1.0, 0.0, 0.0, 0.0, 1.0, 0.0, 0.0, 1.0, 0.0, 0.0, 1.0, 0.0, 1.0, 1.0, 1.0, 1.0, 1.0, 1.0, 0.0, 0.0, 1.0, 0.0, 1.0, 0.0, 0.0, 1.0, 1.0, 1.0, 0.0, 1.0, 1.0, 0.0, 0.0, 0.0, 0.0, 0.0, 0.0, 1.0, 1.0, 1.0, 1.0, 0.0, 0.0, 1.0, 1.0, 1.0, 1.0, 1.0, 1.0, 0.0, 0.0, 0.0, 1.0, 1.0, 0.0, 1.0, 1.0, 0.0, 0.0, 0.0, 1.0, 0.0, 0.0, 1.0, 0.0, 0.0, 0.0, 1.0, 1.0, 0.0, 0.0, 1.0, 1.0, 0.0, 0.0, 1.0, 0.0, 1.0, 0.0, 0.0, 0.0, 0.0, 0.0, 1.0, 1.0, 1.0, 0.0, 1.0, 0.0, 1.0, 1.0, 1.0, 1.0, 1.0, 0.0, 0.0, 1.0, 0.0, 0.0, 1.0, 1.0, 1.0, 1.0, 0.0, 1.0, 1.0, 0.0, 0.0, 1.0, 1.0, 1.0, 0.0, 1.0, 0.0, 1.0, 1.0, 0.0, 0.0, 1.0, 0.0, 1.0, 0.0, 0.0, 1.0, 0.0, 1.0, 0.0, 0.0, 0.0, 0.0, 0.0, 1.0, 1.0, 1.0, 0.0, 1.0, 0.0, 0.0, 1.0, 1.0, 1.0, 0.0, 1.0, 0.0, 0.0, 0.0, 0.0, 1.0, 0.0, 0.0, 1.0, 0.0, 0.0, 0.0, 1.0, 1.0, 1.0, 1.0, 0.0, 1.0, 0.0, 1.0, 0.0, 0.0, 0.0, 1.0, 1.0, 0.0, 0.0, 0.0, 1.0, 0.0, 0.0, 0.0, 1.0, 0.0, 1.0, 0.0, 1.0, 0.0, 0.0, 1.0, 0.0, 0.0, 1.0, 1.0, 1.0, 1.0, 0.0, 0.0, 0.0, 1.0, 0.0, 1.0, 0.0, 1.0, 1.0, 1.0, 0.0, 1.0, 0.0, 1.0, 0.0, 1.0, 0.0, 0.0, 1.0, 0.0, 1.0, 0.0, 1.0, 1.0, 1.0, 0.0, 1.0, 1.0, 1.0, 1.0, 0.0, 1.0, 0.0, 1.0, 0.0, 0.0, 1.0, 0.0, 1.0, 1.0, 0.0, 0.0, 0.0, 0.0, 0.0, 0.0, 0.0, 1.0, 1.0, 0.0, 0.0, 1.0, 0.0, 1.0, 1.0, 0.0, 1.0, 0.0, 1.0, 1.0, 0.0, 1.0, 0.0, 0.0, 1.0, 1.0, 0.0, 1.0, 1.0, 1.0, 0.0, 1.0, 1.0, 1.0, 1.0, 0.0, 0.0, 1.0, 0.0, 0.0, 1.0, 0.0, 1.0, 1.0, 1.0, 0.0, 1.0, 0.0, 1.0, 0.0, 1.0, 1.0, 1.0, 1.0, 0.0, 1.0, 0.0, 1.0, 1.0, 0.0, 1.0, 0.0, 1.0, 0.0, 1.0, 0.0, 0.0, 0.0, 1.0, 1.0, 0.0, 0.0, 1.0, 1.0, 0.0, 1.0, 1.0, 1.0, 0.0, 0.0, 1.0, 0.0, 0.0, 0.0, 1.0, 1.0, 1.0, 1.0, 1.0, 1.0, 1.0, 1.0, 1.0, 0.0, 1.0, 0.0, 1.0, 0.0, 0.0, 0.0, 1.0, 0.0, 1.0, 0.0, 1.0, 1.0, 0.0, 1.0, 1.0, 1.0, 0.0, 1.0, 1.0, 0.0, 0.0, 0.0, 0.0, 1.0, 1.0, 0.0, 1.0, 0.0, 0.0, 0.0, 1.0, 0.0, 1.0, 1.0, 1.0, 0.0, 0.0, 0.0, 1.0, 1.0, 1.0, 1.0, 0.0, 0.0, 0.0, 0.0, 0.0, 0.0, 0.0, 1.0, 0.0, 0.0, 0.0, 0.0, 0.0, 1.0, 0.0, 0.0, 0.0, 1.0, 1.0, 1.0, 0.0, 1.0, 0.0, 1.0, 0.0, 1.0, 1.0, 0.0, 0.0, 1.0, 0.0, 0.0, 0.0, 1.0, 0.0, 0.0, 0.0, 0.0, 0.0, 0.0, 0.0, 1.0, 1.0, 0.0, 0.0, 1.0, 1.0, 0.0, 0.0, 0.0, 0.0, 0.0, 1.0, 0.0, 1.0, 0.0, 1.0, 1.0, 0.0, 1.0, 1.0, 1.0, 1.0, 1.0, 0.0, 0.0, 0.0, 0.0, 1.0, 1.0, 1.0, 1.0, 0.0, 0.0, 0.0, 0.0, 1.0, 0.0, 1.0, 0.0, 0.0, 1.0, 0.0, 0.0, 1.0, 1.0, 1.0, 1.0, 1.0, 0.0, 0.0, 0.0, 1.0, 0.0, 1.0, 1.0, 1.0, 1.0, 0.0, 1.0, 1.0, 1.0, 0.0, 1.0, 1.0, 0.0, 0.0, 1.0, 1.0, 0.0, 1.0, 1.0, 1.0, 1.0, 1.0, 0.0, 0.0, 1.0, 1.0, 1.0, 1.0, 1.0, 0.0, 0.0, 1.0, 1.0, 1.0, 0.0, 1.0, 1.0, 0.0, 0.0, 0.0, 0.0, 1.0, 1.0, 1.0, 0.0, 1.0, 1.0, 1.0, 1.0, 0.0, 1.0, 1.0, 0.0, 0.0, 1.0, 1.0, 1.0, 1.0, 1.0, 0.0, 0.0, 0.0, 0.0, 1.0, 1.0, 0.0, 1.0, 1.0, 1.0, 1.0, 1.0, 0.0, 1.0, 0.0, 0.0, 0.0, 1.0, 1.0, 1.0, 0.0, 0.0, 0.0, 0.0, 1.0, 1.0, 0.0, 0.0, 1.0, 0.0, 1.0, 1.0, 0.0, 0.0, 1.0, 0.0, 1.0, 1.0, 0.0, 0.0, 1.0, 0.0, 0.0, 0.0, 1.0, 0.0, 1.0, 0.0, 0.0, 1.0, 1.0, 1.0, 0.0, 0.0, 0.0, 0.0, 0.0, 1.0, 0.0, 1.0, 0.0, 0.0, 0.0, 0.0, 0.0, 0.0, 1.0, 1.0, 0.0, 1.0, 1.0, 0.0, 0.0, 0.0, 0.0, 1.0, 1.0, 1.0, 1.0, 1.0, 0.0, 1.0, 1.0, 1.0, 0.0, 0.0, 0.0, 0.0, 1.0, 0.0, 1.0, 1.0, 1.0, 0.0, 1.0, 1.0, 0.0, 1.0, 1.0, 1.0, 1.0, 0.0, 0.0, 0.0, 0.0, 0.0, 1.0, 1.0, 0.0, 0.0, 1.0, 0.0, 1.0, 0.0, 1.0, 0.0, 1.0, 0.0, 0.0, 1.0, 0.0, 0.0, 0.0, 1.0, 1.0, 1.0, 0.0, 1.0, 0.0, 1.0, 0.0, 1.0, 0.0, 1.0, 1.0, 0.0, 1.0, 1.0, 0.0, 0.0, 1.0, 0.0, 1.0, 1.0, 1.0, 0.0, 0.0, 0.0, 0.0, 0.0, 1.0, 1.0, 0.0, 0.0, 0.0, 1.0, 0.0, 1.0, 1.0, 0.0, 0.0, 0.0, 1.0, 0.0, 1.0, 0.0, 1.0, 1.0, 0.0, 1.0, 0.0, 1.0, 0.0, 1.0, 1.0, 0.0, 0.0, 0.0, 1.0, 1.0, 0.0, 0.0, 0.0, 0.0, 0.0, 0.0, 0.0, 1.0, 1.0, 0.0, 0.0, 0.0, 1.0, 0.0, 1.0, 0.0, 1.0, 1.0, 0.0, 1.0, 0.0, 1.0, 1.0, 0.0, 0.0, 0.0, 1.0, 1.0, 1.0, 0.0, 1.0, 1.0, 0.0, 1.0, 0.0, 0.0, 1.0, 0.0, 0.0, 1.0, 0.0, 1.0, 0.0, 1.0, 0.0, 0.0, 1.0, 0.0, 1.0, 0.0, 1.0, 0.0, 0.0, 0.0, 1.0, 0.0, 1.0, 0.0, 0.0, 0.0, 0.0, 0.0, 0.0, 1.0, 1.0, 0.0]","['lNONHSAG000069', 'lNONHSAG000158', 'lNONHSAG000310', 'lNONHSAG000938', 'lNONHSAG001499', 'lNONHSAG001696', 'lNONHSAG001993', 'lNONHSAG002376', 'lNONHSAG002617', 'lNONHSAG002701', 'lNONHSAG002859', 'lNONHSAG002978', 'lNONHSAG003119', 'lNONHSAG003198', 'lNONHSAG003260', 'lNONHSAG003374', 'lNONHSAG003911', 'lNONHSAG004673', 'lNONHSAG004779', 'lNONHSAG005084', 'lNONHSAG005482', 'lNONHSAG005780', 'lNONHSAG006050', 'lNONHSAG006238', 'lNONHSAG006301', 'lNONHSAG007487', 'lNONHSAG008728', 'lNONHSAG009130', 'lNONHSAG009950', 'lNONHSAG009968', 'lNONHSAG010179', 'lNONHSAG010190', 'lNONHSAG010200', 'lNONHSAG010658', 'lNONHSAG010989', 'lNONHSAG011028', 'lNONHSAG011121', 'lNONHSAG011337', 'lNONHSAG011576', 'lNONHSAG012339', 'lNONHSAG013475', 'lNONHSAG014112', 'lNONHSAG014130', 'lNONHSAG014672', 'lNONHSAG014890', 'lNONHSAG016118', 'lNONHSAG016307', 'lNONHSAG016576', 'lNONHSAG016822', 'lNONHSAG016893', 'lNONHSAG017060', 'lNONHSAG017376', 'lNONHSAG017486', 'lNONHSAG017504', 'lNONHSAG018313', 'lNONHSAG019021', 'lNONHSAG019049', 'lNONHSAG019332', 'lNONHSAG019439', 'lNONHSAG020091', 'lNONHSAG020155', 'lNONHSAG020252', 'lNONHSAG020260', 'lNONHSAG020312', 'lNONHSAG021390', 'lNONHSAG021433', 'lNONHSAG021557', 'lNONHSAG021698', 'lNONHSAG021874', 'lNONHSAG021893', 'lNONHSAG021976', 'lNONHSAG022339', 'lNONHSAG022972', 'lNONHSAG023864', 'lNONHSAG024381', 'lNONHSAG024393', 'lNONHSAG024826', 'lNONHSAG024925', 'lNONHSAG025352', 'lNONHSAG025964', 'lNONHSAG025997', 'lNONHSAG026103', 'lNONHSAG026176', 'lNONHSAG026852', 'lNONHSAG026854', 'lNONHSAG027837', 'lNONHSAG028142', 'lNONHSAG028857', 'lNONHSAG028870', 'lNONHSAG028913', 'lNONHSAG029830', 'lNONHSAG030278', 'lNONHSAG030304', 'lNONHSAG030410', 'lNONHSAG030739', 'lNONHSAG032297', 'lNONHSAG033121', 'lNONHSAG033898', 'lNONHSAG034021', 'lNONHSAG035096', 'lNONHSAG036054', 'lNONHSAG036926', 'lNONHSAG037061', 'lNONHSAG037946', 'lNONHSAG038001', 'lNONHSAG038343', 'lNONHSAG039654', 'lNONHSAG040700', 'lNONHSAG042970', 'lNONHSAG043433', 'lNONHSAG043657', 'lNONHSAG043770', 'lNONHSAG044041', 'lNONHSAG045163', 'lNONHSAG047197', 'lNONHSAG047830', 'lNONHSAG048602', 'lNONHSAG049185', 'lNONHSAG050769', 'lNONHSAG050786', 'lNONHSAG051291', 'lNONHSAG051567', 'lNONHSAG051568', 'lNONHSAG051898', 'lNONHSAG053802', 'lNONHSAG054780', 'lNONHSAG055092', 'lNONHSAG055418', 'lNONHSAG055546', 'lNONHSAG055565', 'lNONHSAG055582', 'lNONHSAG056746', 'lNONHSAG060586', 'lNONHSAG063700', 'lNONHSAG077527', 'lNONHSAG083289', 'lNONHSAG084701', 'lNONHSAG092907', 'lNONHSAG093078', 'lNONHSAG094269', 'lNONHSAG098653', 'lNONHSAG103457', 'lNONHSAG111667', 'lENSG00000198468', 'lENSG00000203497', 'lENSG00000230400', 'lENSG00000245067', 'lENSG00000247373', 'lENSG00000258912', 'lENSG00000259424', 'lENSG00000260924', 'lENSG00000263718', 'lENSG00000266970', 'lENSG00000278970', 'lENSG00000285644', 'lLINC00174', 'lSNHG15', 'lZNF286B', 'lAC007009.1', 'lLA16c-380H5.3', 'lLL22NC03-23C6.13', 'lRP11-197N18.2', 'lAC018766.4', 'lCTD-2231H16.1', 'lNONHSAG000297', 'lNONHSAG000623', 'lNONHSAG001033', 'lNONHSAG001240', 'lNONHSAG003418', 'lNONHSAG004638', 'lNONHSAG005746', 'lNONHSAG005789', 'lNONHSAG006022', 'lNONHSAG006293', 'lNONHSAG006602', 'lNONHSAG006653', 'lNONHSAG006779', 'lNONHSAG006909', 'lNONHSAG006922', 'lNONHSAG007632', 'lENSG00000083622', 'lENSG00000197644', 'lENSG00000198054', 'lENSG00000204464', 'lENSG00000205500', 'lENSG00000212856', 'lENSG00000222000', 'lENSG00000223727', 'lENSG00000223881', 'lENSG00000224535', 'lENSG00000224794', 'lENSG00000225050', 'lENSG00000225457', 'lENSG00000225886', 'lENSG00000226522', 'lENSG00000226699', 'lENSG00000226770', 'lENSG00000226813', 'lENSG00000226925', 'lENSG00000227716', 'lENSG00000227960', 'lENSG00000228028', 'lENSG00000228272', 'lENSG00000228485', 'lENSG00000228826', 'lENSG00000229167', 'lENSG00000229679', 'lENSG00000229953', 'lENSG00000230109', 'lENSG00000230323', 'lENSG00000230499', 'lENSG00000230830', 'lENSG00000231081', 'lENSG00000231102', 'lENSG00000231407', 'lENSG00000231781', 'lENSG00000231937', 'lENSG00000232086', 'lENSG00000232464', 'lENSG00000232719', 'lENSG00000232930', 'lENSG00000233613', 'lENSG00000233665', 'lENSG00000233851', 'lENSG00000233985', 'lENSG00000234149', 'lENSG00000234504', 'lENSG00000234626', 'lENSG00000234756', 'lENSG00000234900', 'lENSG00000235050', 'lENSG00000235494', 'lENSG00000235813', 'lENSG00000236272', 'lENSG00000236463', 'lENSG00000236723', 'lENSG00000236744', 'lENSG00000236975', 'lENSG00000237576', 'lENSG00000237581', 'lENSG00000238131', 'lENSG00000243368', 'lENSG00000248145', 'lENSG00000248373', 'lENSG00000248490', 'lENSG00000248975', 'lENSG00000250865', 'lENSG00000253865', 'lENSG00000254516', 'lENSG00000254689', 'lENSG00000254787', 'lENSG00000254864', 'lENSG00000255039', 'lENSG00000255247', 'lENSG00000255375', 'lENSG00000255482', 'lENSG00000255808', 'lENSG00000256007', 'lENSG00000256448', 'lENSG00000256452', 'lENSG00000256484', 'lENSG00000257488', 'lENSG00000257500', 'lENSG00000257764', 'lENSG00000257925', 'lENSG00000258312', 'lENSG00000258394', 'lENSG00000258516', 'lENSG00000258695', 'lENSG00000258698', 'lENSG00000258824', 'lENSG00000258829', 'lENSG00000258904', 'lENSG00000259294', 'lENSG00000259352', 'lENSG00000259360', 'lENSG00000259544', 'lENSG00000259955', 'lENSG00000260626', 'lENSG00000260659', 'lENSG00000260999', 'lENSG00000261243', 'lENSG00000261475', 'lENSG00000261523', 'lENSG00000263300', 'lENSG00000263466', 'lENSG00000263594', 'lENSG00000263847', 'lENSG00000264924', 'lENSG00000266153', 'lENSG00000267063', 'lENSG00000267341', 'lENSG00000267543', 'lENSG00000267615', 'lENSG00000268049', 'lENSG00000268078', 'lENSG00000268203', 'lENSG00000268734', 'lENSG00000269044', 'lENSG00000269145', 'lENSG00000272338', 'lENSG00000273919', 'lENSG00000274863', 'lENSG00000279687', 'lENSG00000279920', 'lENSG00000280206', 'lENSG00000281021', 'lENSG00000282478', 'lENSG00000285654', 'lENSG00000286194', 'lENSG00000286689', 'lENSG00000286908', 'lENSG00000287094', 'lENSG00000287213', 'lENSG00000287270', 'lENSG00000287285', 'lENSG00000287359', 'lENSG00000287381', 'lENSG00000231212', 'lENSG00000234083', 'lENSG00000259244', 'lENSG00000259407', 'lENSG00000286164']","[0.0, 1.0, 0.0, 1.0, 1.0, 1.0, 1.0, 1.0, 1.0, 0.0, 0.0, 1.0, 1.0, 1.0, 0.0, 0.0, 0.0, 1.0, 0.0, 1.0, 1.0, 1.0, 1.0, 0.0, 1.0, 1.0, 1.0, 0.0, 0.0, 1.0, 0.0, 0.0, 0.0, 0.0, 1.0, 0.0, 1.0, 1.0, 0.0, 1.0, 1.0, 0.0, 0.0, 0.0, 1.0, 0.0, 1.0, 0.0, 1.0, 0.0, 0.0, 1.0, 0.0, 1.0, 0.0, 1.0, 0.0, 1.0, 0.0, 1.0, 0.0, 0.0, 1.0, 1.0, 1.0, 0.0, 1.0, 1.0, 1.0, 0.0, 1.0, 1.0, 1.0, 1.0, 0.0, 1.0, 1.0, 1.0, 1.0, 0.0, 0.0, 1.0, 0.0, 1.0, 0.0, 0.0, 1.0, 1.0, 0.0, 1.0, 1.0, 0.0, 1.0, 0.0, 1.0, 0.0, 0.0, 1.0, 0.0, 1.0, 1.0, 1.0, 0.0, 0.0, 0.0, 0.0, 1.0, 1.0, 1.0, 0.0, 1.0, 0.0, 1.0, 1.0, 0.0, 1.0, 0.0, 0.0, 0.0, 1.0, 1.0, 1.0, 1.0, 0.0, 0.0, 1.0, 0.0, 0.0, 0.0, 1.0, 0.0, 0.0, 1.0, 0.0, 0.0, 0.0, 0.0, 0.0, 0.0, 1.0, 1.0, 0.0, 1.0, 0.0, 0.0, 1.0, 1.0, 1.0, 1.0, 1.0, 1.0, 0.0, 0.0, 0.0, 1.0, 0.0, 0.0, 1.0, 1.0, 1.0, 1.0, 0.0, 0.0, 0.0, 1.0, 0.0, 1.0, 0.0, 0.0, 0.0, 1.0, 1.0, 0.0, 1.0, 0.0, 0.0, 0.0, 1.0, 1.0, 1.0, 0.0, 1.0, 0.0, 0.0, 1.0, 0.0, 1.0, 1.0, 1.0, 1.0, 1.0, 0.0, 1.0, 0.0, 1.0, 1.0, 1.0, 0.0, 1.0, 0.0, 1.0, 0.0, 1.0, 0.0, 0.0, 0.0, 0.0, 0.0, 0.0, 0.0, 1.0, 0.0, 0.0, 0.0, 1.0, 0.0, 0.0, 1.0, 0.0, 0.0, 0.0, 1.0, 0.0, 0.0, 0.0, 1.0, 0.0, 0.0, 0.0, 0.0, 0.0, 1.0, 1.0, 1.0, 0.0, 0.0, 1.0, 0.0, 0.0, 1.0, 1.0, 0.0, 1.0, 0.0, 1.0, 0.0, 0.0, 1.0, 1.0, 0.0, 1.0, 1.0, 1.0, 0.0, 1.0, 1.0, 1.0, 1.0, 1.0, 0.0, 0.0, 1.0, 1.0, 0.0, 0.0, 0.0, 1.0, 0.0, 0.0, 1.0, 1.0, 0.0, 0.0, 1.0, 0.0, 0.0, 0.0, 1.0, 1.0, 1.0, 1.0, 0.0, 0.0, 0.0, 0.0, 0.0, 1.0, 0.0, 0.0, 0.0, 1.0, 0.0, 1.0, 1.0, 0.0, 1.0, 0.0, 0.0, 1.0, 0.0, 0.0, 1.0, 1.0, 1.0, 1.0, 1.0, 1.0, 0.0, 1.0, 0.0, 0.0, 1.0, 1.0, 1.0, 1.0, 0.0, 0.0, 0.0, 1.0, 1.0, 1.0, 0.0, 0.0]","[1, 0, 0, 0, 1, 1, 0, 1, 1, 0, 0, 1, 0, 0, 1, 0, 1, 0, 0, 1, 1, 0, 0, 0, 0, 0, 1, 0, 0, 1, 1, 1, 1, 1, 1, 1, 0, 0, 0, 1, 0, 1, 0, 1, 1, 1, 0, 0, 0, 1, 1, 1, 1, 0, 1, 0, 0, 0, 0, 0, 0, 0, 0, 1, 0, 1, 0, 1, 0, 1, 1, 1, 0, 0, 0, 0, 1, 0, 1, 0, 0, 0, 1, 1, 1, 1, 0, 0, 0, 1, 1, 0, 0, 0, 0, 0, 1, 1, 0, 1, 1, 1, 0, 1, 1, 0, 1, 1, 1, 1, 1, 0, 1, 0, 1, 1, 0, 0, 1, 0, 1, 0, 1, 1, 1, 0, 1, 1, 0, 1, 1, 1, 0, 1, 1, 1, 1, 0, 0, 1, 0, 1, 0, 0, 1, 0, 1, 0, 0, 0, 0, 0, 0, 1, 0, 0, 0, 1, 1, 1, 1, 0, 1, 0, 1, 1, 1, 1, 1, 1, 1, 1, 0, 0, 0, 1, 0, 0, 1, 1, 1, 1, 1, 0, 0, 0, 0, 0, 0, 0, 0, 0, 0, 1, 1, 1, 1, 0, 1, 1, 1, 0, 0, 1, 1, 1, 0, 0, 1, 1, 0, 1, 0, 1, 0, 1, 1, 1, 1, 1, 0, 1, 1, 0, 1, 0, 1, 0, 0, 1, 1, 1, 0, 1, 0, 1, 0, 0, 0, 0, 0, 1, 0, 0, 1, 0, 0, 1, 1, 0, 0, 0, 0, 0, 1, 1, 0, 0, 0, 0, 1, 0, 0, 0, 0, 0, 0, 1, 1, 1, 0, 1, 1, 1, 1, 0, 0, 0, 1, 1, 1, 1, 0, 0, 1, 0, 1, 0, 0, 0, 0, 0, 1, 0, 0, 1, 1, 1, 1, 1, 0, 0, 1, 0, 0, 0, 0, 0, 0, 0, 1, 1, 1, 1, 0, 1, 0, 1, 1, 1, 0, 0, 0]","[0.0013272981724027633, -0.1555577816669554, -0.034515621232015764, -0.008619488897534028, 0.038918328949255315, 0.08673482333710472, -0.034497003323140624, 0.10358014185883482, 0.010397712713334034, -0.03638249391716472, -0.021721204344744865, 0.2542945030664431, -0.045798858916260204, -0.040882172198839134, 0.03972272246610822, -0.05885220235357699, 0.026291138119516916, -0.11661933238107078, -0.05251045977792987, 0.028364302486458076, 0.15817069844224455, -0.00019549111252845086, -0.14295439292533016, -0.1084265852061844, -0.03543147195292415, -0.1060410296392543, 0.05986667714434382, -0.07940747307243176, -0.15557136234416954, 0.06772989246649722, 0.07194876843156331, 0.010745701877744068, 0.01977056050676143, 0.0037765996761433274, 0.24975991640372555, 0.10524204920895577, -0.06402131274979825, -0.18885035761814514, -0.08721467163419713, 0.042284917044261544, -0.0541605544542679, 0.04154130699807204, -0.007038947161989689, 0.13303477796160826, 0.15662090477940685, 0.028549148054576784, -0.4874921333400696, -0.07082480545919409, -0.15206141306919183, 0.03326700620715975, 0.053486214239441804, 0.0941231205099268, 0.1412761737707037, -0.06658190259263139, 0.037215019276575806, -0.6504878000086517, -0.17385850752889173, -0.12303308123532494, -0.158663507445557, -0.11656907173952055, -0.08456328726832249, -0.09606407824861626, -0.03632565859477074, 0.17071915286657338, -0.00343982481708624, 0.12787412128641254, -0.11392492113893157, 0.10793740508659613, -0.17582254490373414, 0.06822773176554833, 0.1065159137089006, 0.08897206316580344, -0.06446237469624302, -0.16731144513057092, -0.09553929969319772, -0.08349974566454574, 0.1262550743999741, -0.21880996773745207, 0.28627313052584846, -0.009534001667084707, -0.17858125904276675, -0.10925246836374933, 0.0957620420795319, 0.020271712905950118, 0.13033021541114356, 0.35163921251939667, -0.19058230485280267, -0.06256001884731041, -0.0034130637358587845, 0.10609340516044266, 0.04850503944219722, -0.20133449669477418, -0.1369867431655679, -0.14991569331005236, -0.35230308622240314, -0.31079109367195745, 0.02041832553289971, 0.14418416412385096, -0.009832531226183189, 0.15596413252747068, 0.16905873264188745, 0.19912651834855014, -0.17254685663494115, 0.1426488210709286, 0.022993783261966133, -0.04279150949318308, 0.10826656314396124, 0.35129099217646476, 0.07562456679156729, 0.015335028008285928, 0.2908005201879936, -0.1299356474942351, 0.018314444199759722, -0.14566559733441617, 0.07795961959240741, 0.006963109143599239, -0.11218133986939591, -0.25499980313347803, 0.3018454512575436, -0.026207473023250966, 0.18925422838760989, -0.02421771440722495, 0.15090519319102405, 0.1402583209516605, 0.2771156804487829, -0.06711195880366558, 0.00837844287394876, 0.0311167281790882, -0.22617505938884438, 0.12212355697452018, 0.1744724961527472, 0.08796949008784352, -0.22080461942714277, 0.46090428803948, 0.012283221935169536, 0.42808458391552107, 0.06533967058982029, -0.6922193422952628, -0.07213909421163364, 0.0753616164589627, -0.1341799992860788, 0.10313301639608455, -0.028863500191728203, -0.16265822970503083, 0.09327744119540884, -0.15947105781966173, 0.02625212911280808, -0.09667043202651801, -0.2200605741191922, -0.33385740198247393, -0.05070066932701586, -0.14530859587175268, -0.17099362832514084, 0.010848149429636883, -0.18534009633841828, -0.03660893528933826, -0.07747283827101378, 0.09604586560620967, 0.4237774252345089, 0.36594062212329315, 0.1434122292092678, -0.22740100014099415, 0.051433280991994984, -0.15173854413292717, 0.11561604326295707, 0.08276724058058008, 0.17945750933445895, 0.03266762311331242, 0.012494700017542076, 0.25003295001544623, 0.021142094818052876, 0.06777512128611121, -0.1010385251822282, -0.3178848739805148, -0.2985426855180474, 0.08057957799933027, -0.026320026853207196, -0.13111416171252252, 0.06045709409829328, 0.07879106367221525, 0.05929968326324056, 0.18025841690950342, 0.07585938814195661, -0.035710715843098345, -0.10229202723015693, -0.32478113313782697, -0.0920325259443174, -0.07650052734952659, -0.006456450000523167, -0.4004120202112601, -0.028026525941724806, -0.09904278307545042, -0.12194617426307705, 0.22408940801252633, 0.034378753198267914, 0.05330385318459788, 0.13134204120265083, -0.21722372635535322, 0.003960676880582409, 0.013575357588239495, 0.08631421734058056, -0.027799190556928227, -0.41335127386487913, 0.04897482367145192, 0.090674788127069, 0.1059389380080479, -0.10940044673239865, -0.1099910941051637, 0.09605856555996142, 0.01170450209099419, -0.13277423747069003, 0.3526694957413955, -0.04823307639070892, 0.07520466221878722, -0.20750281411388236, 0.04675196760712699, 0.027681012052766546, 0.0445835154221316, 0.2121146331839671, 0.11911546076863003, -0.12492140976959062, 0.03949059375639044, 0.03390757447093043, -0.18190159041339435, 0.04018436441488529, -0.1621699416063794, 0.09905662221349246, -0.207128289592838, -0.29099816413475355, 0.022070358105856475, 0.13079328620550115, 0.23038636942004245, -0.12138137400833701, 0.13660700694822983, -0.24563522106966382, 0.22763522261267402, -0.01973532315440249, -0.07242027514609792, -0.17829554226919195, -0.162287054185925, -0.052794538567334265, 0.14345475961299417, -0.1242761451776476, -0.04922727630756338, 0.2886985213822839, -0.12701345579326748, -0.059935021379886017, 0.15818048038986668, 0.05254997031023537, -0.18564878557364692, -0.042181129765288844, -0.0030484565190110613, -0.10908637972164711, -0.06950611806920812, 0.10474049423966494, 0.037651225479184675, -0.3537776761643173, -0.01418587558835846, -0.04447768558690454, -0.27706444549437204, 0.06862584202326763, -0.15622168036360526, -0.18107500937305673, -0.002031928058497806, -0.08757819318712376, -0.13317929811037107, -0.18187663086804426, 0.11073326002384323, 0.06547230640997173, 0.22508632393588726, -0.17277317053920735, 0.10472354473665949, 0.02633814228052614, 0.022754500825992535, 0.11086393629322192, -0.1518472623421284, -0.15337482408506772, -0.11874560619474459, 0.15537384244297195, 0.21443788288057455, 0.2939377011969425, 0.10324692318018172, -0.19503624517677517, -0.05301014809298463, 0.06052221828857399, -0.06999639898621432, 0.0022074207520938194, -0.1616137293559022, -0.21869043384466233, -0.12847139015379003, -0.08400149767721107, -0.1802917491288379, 0.03831392198309272, -0.2241497846556922, -0.12182809806760128, 0.08361480176525218, 0.45088020692626574, 0.1641908431381726, 0.1477876018849417, 0.04209779127003013, -0.1905682065357006, -0.027948507607683165, 0.0866784585873285, -0.4953089918475232, -0.07673684524500443, -0.13371828895452773, -0.010416958402856252, -0.22171873273542117, -0.252747141915979, -0.2023552961693976, 0.0033892363382498625, 0.039491347728980136, 0.21764964234826026, 0.22225284916167745, -0.12523307892767452, 0.31827458649702145, -0.027508728605913108, 0.004213448631085331, 0.12909711028112728, 0.06555279285818241, -0.015407813318863844, -0.02720801538409376, -0.24603278690260036]"
9,"['lNONHSAG000008', 'lNONHSAG000047', 'lNONHSAG000059', 'lNONHSAG000069', 'lNONHSAG000158', 'lNONHSAG000195', 'lNONHSAG000241', 'lNONHSAG000253', 'lNONHSAG000310', 'lNONHSAG000311', 'lNONHSAG000381', 'lNONHSAG000464', 'lNONHSAG000484', 'lNONHSAG000498', 'lNONHSAG000584', 'lNONHSAG000603', 'lNONHSAG000742', 'lNONHSAG000769', 'lNONHSAG000840', 'lNONHSAG000843', 'lNONHSAG000863', 'lNONHSAG000884', 'lNONHSAG000918', 'lNONHSAG000938', 'lNONHSAG000967', 'lNONHSAG001142', 'lNONHSAG001172', 'lNONHSAG001238', 'lNONHSAG001247', 'lNONHSAG001259', 'lNONHSAG001278', 'lNONHSAG001375', 'lNONHSAG001468', 'lNONHSAG001499', 'lNONHSAG001513', 'lNONHSAG001696', 'lNONHSAG001724', 'lNONHSAG001773', 'lNONHSAG001837', 'lNONHSAG001993', 'lNONHSAG002056', 'lNONHSAG002058', 'lNONHSAG002134', 'lNONHSAG002135', 'lNONHSAG002343', 'lNONHSAG002359', 'lNONHSAG002376', 'lNONHSAG002378', 'lNONHSAG002454', 'lNONHSAG002490', 'lNONHSAG002549', 'lNONHSAG002617', 'lNONHSAG002669', 'lNONHSAG002701', 'lNONHSAG002719', 'lNONHSAG002731', 'lNONHSAG002752', 'lNONHSAG002859', 'lNONHSAG002883', 'lNONHSAG002978', 'lNONHSAG003053', 'lNONHSAG003056', 'lNONHSAG003068', 'lNONHSAG003074', 'lNONHSAG003077', 'lNONHSAG003119', 'lNONHSAG003156', 'lNONHSAG003198', 'lNONHSAG003244', 'lNONHSAG003260', 'lNONHSAG003269', 'lNONHSAG003303', 'lNONHSAG003374', 'lNONHSAG003504', 'lNONHSAG003505', 'lNONHSAG003512', 'lNONHSAG003645', 'lNONHSAG003820', 'lNONHSAG003874', 'lNONHSAG003900', 'lNONHSAG003911', 'lNONHSAG003912', 'lNONHSAG003938', 'lNONHSAG003957', 'lNONHSAG003976', 'lNONHSAG004013', 'lNONHSAG004026', 'lNONHSAG004054', 'lNONHSAG004095', 'lNONHSAG004247', 'lNONHSAG004303', 'lNONHSAG004305', 'lNONHSAG004373', 'lNONHSAG004619', 'lNONHSAG004673', 'lNONHSAG004674', 'lNONHSAG004714', 'lNONHSAG004743', 'lNONHSAG004779', 'lNONHSAG004868', 'lNONHSAG005084', 'lNONHSAG005153', 'lNONHSAG005377', 'lNONHSAG005482', 'lNONHSAG005669', 'lNONHSAG005711', 'lNONHSAG005721', 'lNONHSAG005728', 'lNONHSAG005732', 'lNONHSAG005742', 'lNONHSAG005780', 'lNONHSAG005838', 'lNONHSAG005920', 'lNONHSAG006007', 'lNONHSAG006049', 'lNONHSAG006050', 'lNONHSAG006054', 'lNONHSAG006163', 'lNONHSAG006204', 'lNONHSAG006212', 'lNONHSAG006238', 'lNONHSAG006301', 'lNONHSAG006341', 'lNONHSAG006362', 'lNONHSAG006454', 'lNONHSAG006457', 'lNONHSAG006477', 'lNONHSAG006526', 'lNONHSAG006633', 'lNONHSAG006678', 'lNONHSAG006692', 'lNONHSAG006735', 'lNONHSAG006756', 'lNONHSAG006763', 'lNONHSAG006772', 'lNONHSAG006966', 'lNONHSAG007109', 'lNONHSAG007295', 'lNONHSAG007324', 'lNONHSAG007384', 'lNONHSAG007430', 'lNONHSAG007431', 'lNONHSAG007434', 'lNONHSAG007455', 'lNONHSAG007463', 'lNONHSAG007487', 'lNONHSAG007538', 'lNONHSAG007602', 'lNONHSAG007631', 'lNONHSAG007692', 'lNONHSAG007708', 'lNONHSAG007715', 'lNONHSAG007961', 'lNONHSAG007983', 'lNONHSAG007984', 'lNONHSAG008015', 'lNONHSAG008037', 'lNONHSAG008056', 'lNONHSAG008167', 'lNONHSAG008220', 'lNONHSAG008354', 'lNONHSAG008517', 'lNONHSAG008540', 'lNONHSAG008552', 'lNONHSAG008589', 'lNONHSAG008615', 'lNONHSAG008654', 'lNONHSAG008670', 'lNONHSAG008693', 'lNONHSAG008726', 'lNONHSAG008728', 'lNONHSAG008759', 'lNONHSAG008859', 'lNONHSAG008937', 'lNONHSAG008952', 'lNONHSAG008966', 'lNONHSAG009021', 'lNONHSAG009039', 'lNONHSAG009059', 'lNONHSAG009062', 'lNONHSAG009124', 'lNONHSAG009130', 'lNONHSAG009133', 'lNONHSAG009134', 'lNONHSAG009174', 'lNONHSAG009180', 'lNONHSAG009193', 'lNONHSAG009228', 'lNONHSAG009544', 'lNONHSAG009546', 'lNONHSAG009613', 'lNONHSAG009636', 'lNONHSAG009728', 'lNONHSAG009755', 'lNONHSAG009757', 'lNONHSAG009782', 'lNONHSAG009913', 'lNONHSAG009938', 'lNONHSAG009945', 'lNONHSAG009950', 'lNONHSAG009968', 'lNONHSAG010021', 'lNONHSAG010117', 'lNONHSAG010179', 'lNONHSAG010184', 'lNONHSAG010186', 'lNONHSAG010189', 'lNONHSAG010190', 'lNONHSAG010193', 'lNONHSAG010200', 'lNONHSAG010348', 'lNONHSAG010352', 'lNONHSAG010405', 'lNONHSAG010416', 'lNONHSAG010543', 'lNONHSAG010657', 'lNONHSAG010658', 'lNONHSAG010716', 'lNONHSAG010792', 'lNONHSAG010940', 'lNONHSAG010986', 'lNONHSAG010989', 'lNONHSAG011028', 'lNONHSAG011057', 'lNONHSAG011070', 'lNONHSAG011084', 'lNONHSAG011086', 'lNONHSAG011090', 'lNONHSAG011121', 'lNONHSAG011125', 'lNONHSAG011211', 'lNONHSAG011230', 'lNONHSAG011264', 'lNONHSAG011337', 'lNONHSAG011343', 'lNONHSAG011375', 'lNONHSAG011439', 'lNONHSAG011518', 'lNONHSAG011524', 'lNONHSAG011576', 'lNONHSAG011658', 'lNONHSAG011790', 'lNONHSAG011854', 'lNONHSAG011870', 'lNONHSAG011935', 'lNONHSAG012025', 'lNONHSAG012076', 'lNONHSAG012077', 'lNONHSAG012099', 'lNONHSAG012297', 'lNONHSAG012303', 'lNONHSAG012339', 'lNONHSAG012367', 'lNONHSAG012375', 'lNONHSAG012423', 'lNONHSAG012505', 'lNONHSAG012534', 'lNONHSAG012540', 'lNONHSAG012549', 'lNONHSAG012555', 'lNONHSAG012594', 'lNONHSAG012614', 'lNONHSAG012617', 'lNONHSAG012751', 'lNONHSAG012791', 'lNONHSAG013005', 'lNONHSAG013060', 'lNONHSAG013095', 'lNONHSAG013098', 'lNONHSAG013109', 'lNONHSAG013388', 'lNONHSAG013475', 'lNONHSAG013515', 'lNONHSAG013534', 'lNONHSAG013568', 'lNONHSAG013708', 'lNONHSAG013730', 'lNONHSAG013790', 'lNONHSAG013809', 'lNONHSAG013912', 'lNONHSAG013917', 'lNONHSAG013940', 'lNONHSAG013942', 'lNONHSAG013944', 'lNONHSAG013946', 'lNONHSAG013954', 'lNONHSAG013992', 'lNONHSAG014098', 'lNONHSAG014112', 'lNONHSAG014130', 'lNONHSAG014267', 'lNONHSAG014289', 'lNONHSAG014332', 'lNONHSAG014362', 'lNONHSAG014372', 'lNONHSAG014373', 'lNONHSAG014381', 'lNONHSAG014496', 'lNONHSAG014502', 'lNONHSAG014546', 'lNONHSAG014562', 'lNONHSAG014591', 'lNONHSAG014672', 'lNONHSAG014679', 'lNONHSAG014890', 'lNONHSAG014891', 'lNONHSAG014914', 'lNONHSAG015044', 'lNONHSAG015163', 'lNONHSAG015215', 'lNONHSAG015234', 'lNONHSAG015352', 'lNONHSAG015417', 'lNONHSAG015454', 'lNONHSAG015461', 'lNONHSAG015505', 'lNONHSAG015591', 'lNONHSAG015623', 'lNONHSAG015692', 'lNONHSAG015723', 'lNONHSAG015787', 'lNONHSAG015788', 'lNONHSAG015961', 'lNONHSAG016021', 'lNONHSAG016118', 'lNONHSAG016199', 'lNONHSAG016307', 'lNONHSAG016395', 'lNONHSAG016403', 'lNONHSAG016486', 'lNONHSAG016487', 'lNONHSAG016576', 'lNONHSAG016611', 'lNONHSAG016618', 'lNONHSAG016623', 'lNONHSAG016733', 'lNONHSAG016749', 'lNONHSAG016771', 'lNONHSAG016822', 'lNONHSAG016893', 'lNONHSAG017020', 'lNONHSAG017060', 'lNONHSAG017232', 'lNONHSAG017238', 'lNONHSAG017254', 'lNONHSAG017282', 'lNONHSAG017288', 'lNONHSAG017344', 'lNONHSAG017347', 'lNONHSAG017349', 'lNONHSAG017376', 'lNONHSAG017377', 'lNONHSAG017379', 'lNONHSAG017417', 'lNONHSAG017486', 'lNONHSAG017504', 'lNONHSAG017567', 'lNONHSAG017666', 'lNONHSAG017767', 'lNONHSAG017783', 'lNONHSAG017882', 'lNONHSAG018053', 'lNONHSAG018054', 'lNONHSAG018110', 'lNONHSAG018180', 'lNONHSAG018203', 'lNONHSAG018236', 'lNONHSAG018313', 'lNONHSAG018322', 'lNONHSAG018326', 'lNONHSAG018341', 'lNONHSAG018344', 'lNONHSAG018372', 'lNONHSAG018374', 'lNONHSAG018414', 'lNONHSAG018416', 'lNONHSAG018417', 'lNONHSAG018420', 'lNONHSAG018461', 'lNONHSAG018586', 'lNONHSAG018621', 'lNONHSAG018635', 'lNONHSAG018656', 'lNONHSAG018659', 'lNONHSAG018707', 'lNONHSAG018709', 'lNONHSAG018711', 'lNONHSAG018829', 'lNONHSAG018889', 'lNONHSAG018893', 'lNONHSAG018903', 'lNONHSAG018980', 'lNONHSAG019003', 'lNONHSAG019012', 'lNONHSAG019014', 'lNONHSAG019021', 'lNONHSAG019023', 'lNONHSAG019031', 'lNONHSAG019049', 'lNONHSAG019051', 'lNONHSAG019079', 'lNONHSAG019090', 'lNONHSAG019115', 'lNONHSAG019134', 'lNONHSAG019158', 'lNONHSAG019221', 'lNONHSAG019270', 'lNONHSAG019332', 'lNONHSAG019370', 'lNONHSAG019439', 'lNONHSAG019493', 'lNONHSAG019569', 'lNONHSAG019613', 'lNONHSAG019667', 'lNONHSAG019670', 'lNONHSAG019711', 'lNONHSAG019767', 'lNONHSAG019813', 'lNONHSAG019814', 'lNONHSAG019848', 'lNONHSAG019852', 'lNONHSAG019878', 'lNONHSAG019898', 'lNONHSAG019967', 'lNONHSAG020053', 'lNONHSAG020066', 'lNONHSAG020068', 'lNONHSAG020075', 'lNONHSAG020091', 'lNONHSAG020107', 'lNONHSAG020155', 'lNONHSAG020218', 'lNONHSAG020223', 'lNONHSAG020252', 'lNONHSAG020259', 'lNONHSAG020260', 'lNONHSAG020273', 'lNONHSAG020274', 'lNONHSAG020277', 'lNONHSAG020278', 'lNONHSAG020281', 'lNONHSAG020298', 'lNONHSAG020304', 'lNONHSAG020307', 'lNONHSAG020312', 'lNONHSAG020321', 'lNONHSAG020325', 'lNONHSAG020361', 'lNONHSAG020367', 'lNONHSAG020372', 'lNONHSAG020374', 'lNONHSAG020382', 'lNONHSAG020403', 'lNONHSAG020474', 'lNONHSAG020476', 'lNONHSAG020616', 'lNONHSAG020729', 'lNONHSAG020755', 'lNONHSAG020759', 'lNONHSAG020760', 'lNONHSAG020762', 'lNONHSAG020869', 'lNONHSAG020957', 'lNONHSAG020990', 'lNONHSAG021042', 'lNONHSAG021072', 'lNONHSAG021309', 'lNONHSAG021335', 'lNONHSAG021342', 'lNONHSAG021370', 'lNONHSAG021390', 'lNONHSAG021400', 'lNONHSAG021408', 'lNONHSAG021410', 'lNONHSAG021431', 'lNONHSAG021432', 'lNONHSAG021433', 'lNONHSAG021557', 'lNONHSAG021566', 'lNONHSAG021567', 'lNONHSAG021584', 'lNONHSAG021638', 'lNONHSAG021641', 'lNONHSAG021698', 'lNONHSAG021760', 'lNONHSAG021780', 'lNONHSAG021820', 'lNONHSAG021846', 'lNONHSAG021874', 'lNONHSAG021882', 'lNONHSAG021893', 'lNONHSAG021909', 'lNONHSAG021976', 'lNONHSAG021981', 'lNONHSAG022009', 'lNONHSAG022030', 'lNONHSAG022058', 'lNONHSAG022088', 'lNONHSAG022094', 'lNONHSAG022103', 'lNONHSAG022125', 'lNONHSAG022127', 'lNONHSAG022162', 'lNONHSAG022311', 'lNONHSAG022327', 'lNONHSAG022328', 'lNONHSAG022335', 'lNONHSAG022339', 'lNONHSAG022495', 'lNONHSAG022510', 'lNONHSAG022551', 'lNONHSAG022579', 'lNONHSAG022595', 'lNONHSAG022597', 'lNONHSAG022655', 'lNONHSAG022690', 'lNONHSAG022743', 'lNONHSAG022806', 'lNONHSAG022836', 'lNONHSAG022845', 'lNONHSAG022851', 'lNONHSAG022893', 'lNONHSAG022965', 'lNONHSAG022972', 'lNONHSAG022980', 'lNONHSAG022982', 'lNONHSAG023049', 'lNONHSAG023051', 'lNONHSAG023073', 'lNONHSAG023175', 'lNONHSAG023237', 'lNONHSAG023375', 'lNONHSAG023387', 'lNONHSAG023392', 'lNONHSAG023494', 'lNONHSAG023512', 'lNONHSAG023553', 'lNONHSAG023579', 'lNONHSAG023598', 'lNONHSAG023607', 'lNONHSAG023630', 'lNONHSAG023633', 'lNONHSAG023635', 'lNONHSAG023661', 'lNONHSAG023668', 'lNONHSAG023740', 'lNONHSAG023837', 'lNONHSAG023864', 'lNONHSAG023885', 'lNONHSAG023888', 'lNONHSAG023964', 'lNONHSAG024117', 'lNONHSAG024141', 'lNONHSAG024146', 'lNONHSAG024171', 'lNONHSAG024224', 'lNONHSAG024244', 'lNONHSAG024282', 'lNONHSAG024332', 'lNONHSAG024341', 'lNONHSAG024354', 'lNONHSAG024361', 'lNONHSAG024362', 'lNONHSAG024364', 'lNONHSAG024381', 'lNONHSAG024391', 'lNONHSAG024393', 'lNONHSAG024428', 'lNONHSAG024540', 'lNONHSAG024542', 'lNONHSAG024637', 'lNONHSAG024668', 'lNONHSAG024671', 'lNONHSAG024676', 'lNONHSAG024741', 'lNONHSAG024810', 'lNONHSAG024818', 'lNONHSAG024826', 'lNONHSAG024905', 'lNONHSAG024908', 'lNONHSAG024913', 'lNONHSAG024921', 'lNONHSAG024923', 'lNONHSAG024925', 'lNONHSAG024979', 'lNONHSAG025011', 'lNONHSAG025135', 'lNONHSAG025137', 'lNONHSAG025157', 'lNONHSAG025185', 'lNONHSAG025352', 'lNONHSAG025483', 'lNONHSAG025485', 'lNONHSAG025712', 'lNONHSAG025744', 'lNONHSAG025864', 'lNONHSAG025865', 'lNONHSAG025867', 'lNONHSAG025907', 'lNONHSAG025934', 'lNONHSAG025939', 'lNONHSAG025964', 'lNONHSAG025997', 'lNONHSAG026053', 'lNONHSAG026089', 'lNONHSAG026091', 'lNONHSAG026103', 'lNONHSAG026153', 'lNONHSAG026176', 'lNONHSAG026205', 'lNONHSAG026364', 'lNONHSAG026386', 'lNONHSAG026575', 'lNONHSAG026599', 'lNONHSAG026631', 'lNONHSAG026720', 'lNONHSAG026721', 'lNONHSAG026743', 'lNONHSAG026781', 'lNONHSAG026794', 'lNONHSAG026852', 'lNONHSAG026854', 'lNONHSAG026856', 'lNONHSAG027017', 'lNONHSAG027075', 'lNONHSAG027110', 'lNONHSAG027276', 'lNONHSAG027278', 'lNONHSAG027323', 'lNONHSAG027342', 'lNONHSAG027374', 'lNONHSAG027482', 'lNONHSAG027598', 'lNONHSAG027618', 'lNONHSAG027682', 'lNONHSAG027692', 'lNONHSAG027694', 'lNONHSAG027709', 'lNONHSAG027837', 'lNONHSAG027874', 'lNONHSAG027876', 'lNONHSAG028045', 'lNONHSAG028083', 'lNONHSAG028112', 'lNONHSAG028141', 'lNONHSAG028142', 'lNONHSAG028403', 'lNONHSAG028713', 'lNONHSAG028720', 'lNONHSAG028817', 'lNONHSAG028820', 'lNONHSAG028857', 'lNONHSAG028870', 'lNONHSAG028913', 'lNONHSAG028918', 'lNONHSAG028948', 'lNONHSAG029033', 'lNONHSAG029080', 'lNONHSAG029124', 'lNONHSAG029312', 'lNONHSAG029336', 'lNONHSAG029377', 'lNONHSAG029467', 'lNONHSAG029668', 'lNONHSAG029792', 'lNONHSAG029830', 'lNONHSAG029880', 'lNONHSAG029933', 'lNONHSAG029956', 'lNONHSAG029957', 'lNONHSAG029958', 'lNONHSAG029959', 'lNONHSAG029960', 'lNONHSAG029961', 'lNONHSAG029962', 'lNONHSAG029965', 'lNONHSAG029985', 'lNONHSAG030113', 'lNONHSAG030129', 'lNONHSAG030244', 'lNONHSAG030258', 'lNONHSAG030278', 'lNONHSAG030279', 'lNONHSAG030304', 'lNONHSAG030333', 'lNONHSAG030410', 'lNONHSAG030440', 'lNONHSAG030487', 'lNONHSAG030516', 'lNONHSAG030525', 'lNONHSAG030582', 'lNONHSAG030583', 'lNONHSAG030738', 'lNONHSAG030739', 'lNONHSAG030742', 'lNONHSAG031025', 'lNONHSAG031123', 'lNONHSAG031261', 'lNONHSAG031385', 'lNONHSAG031425', 'lNONHSAG031452', 'lNONHSAG031453', 'lNONHSAG031456', 'lNONHSAG031481', 'lNONHSAG031563', 'lNONHSAG031565', 'lNONHSAG031584', 'lNONHSAG031636', 'lNONHSAG031696', 'lNONHSAG031853', 'lNONHSAG031900', 'lNONHSAG031913', 'lNONHSAG031991', 'lNONHSAG032063', 'lNONHSAG032126', 'lNONHSAG032247', 'lNONHSAG032267', 'lNONHSAG032297', 'lNONHSAG032309', 'lNONHSAG032312', 'lNONHSAG032537', 'lNONHSAG032560', 'lNONHSAG032664', 'lNONHSAG032682', 'lNONHSAG032724', 'lNONHSAG032735', 'lNONHSAG032737', 'lNONHSAG032748', 'lNONHSAG032750', 'lNONHSAG033027', 'lNONHSAG033061', 'lNONHSAG033100', 'lNONHSAG033105', 'lNONHSAG033107', 'lNONHSAG033121', 'lNONHSAG033168', 'lNONHSAG033170', 'lNONHSAG033216', 'lNONHSAG033224', 'lNONHSAG033254', 'lNONHSAG033263', 'lNONHSAG033266', 'lNONHSAG033298', 'lNONHSAG033334', 'lNONHSAG033348', 'lNONHSAG033352', 'lNONHSAG033386', 'lNONHSAG033435', 'lNONHSAG033459', 'lNONHSAG033480', 'lNONHSAG033528', 'lNONHSAG033589', 'lNONHSAG033645', 'lNONHSAG033691', 'lNONHSAG033716', 'lNONHSAG033735', 'lNONHSAG033748', 'lNONHSAG033810', 'lNONHSAG033862', 'lNONHSAG033896', 'lNONHSAG033898', 'lNONHSAG033899', 'lNONHSAG033937', 'lNONHSAG033940', 'lNONHSAG034021', 'lNONHSAG034217', 'lNONHSAG034316', 'lNONHSAG034417', 'lNONHSAG034418', 'lNONHSAG034492', 'lNONHSAG034508', 'lNONHSAG034527', 'lNONHSAG034676', 'lNONHSAG034678', 'lNONHSAG034801', 'lNONHSAG034845', 'lNONHSAG034846', 'lNONHSAG034935', 'lNONHSAG034973', 'lNONHSAG035096', 'lNONHSAG035103', 'lNONHSAG035262', 'lNONHSAG035287', 'lNONHSAG035456', 'lNONHSAG035531', 'lNONHSAG035568', 'lNONHSAG035914', 'lNONHSAG035916', 'lNONHSAG035919', 'lNONHSAG035923', 'lNONHSAG036047', 'lNONHSAG036054', 'lNONHSAG036115', 'lNONHSAG036255', 'lNONHSAG036263', 'lNONHSAG036273', 'lNONHSAG036403', 'lNONHSAG036407', 'lNONHSAG036412', 'lNONHSAG036413', 'lNONHSAG036612', 'lNONHSAG036615', 'lNONHSAG036866', 'lNONHSAG036922', 'lNONHSAG036926', 'lNONHSAG037025', 'lNONHSAG037061', 'lNONHSAG037072', 'lNONHSAG037073', 'lNONHSAG037080', 'lNONHSAG037082', 'lNONHSAG037083', 'lNONHSAG037096', 'lNONHSAG037137', 'lNONHSAG037146', 'lNONHSAG037164', 'lNONHSAG037241', 'lNONHSAG037348', 'lNONHSAG037420', 'lNONHSAG037559', 'lNONHSAG037827', 'lNONHSAG037891', 'lNONHSAG037936', 'lNONHSAG037946', 'lNONHSAG038001', 'lNONHSAG038060', 'lNONHSAG038091', 'lNONHSAG038162', 'lNONHSAG038343', 'lNONHSAG038344', 'lNONHSAG038397', 'lNONHSAG038502', 'lNONHSAG038561', 'lNONHSAG038578', 'lNONHSAG038663', 'lNONHSAG038675', 'lNONHSAG038682', 'lNONHSAG038836', 'lNONHSAG039037', 'lNONHSAG039038', 'lNONHSAG039147', 'lNONHSAG039293', 'lNONHSAG039295', 'lNONHSAG039319', 'lNONHSAG039617', 'lNONHSAG039620', 'lNONHSAG039634', 'lNONHSAG039637', 'lNONHSAG039654', 'lNONHSAG039664', 'lNONHSAG039669', 'lNONHSAG039749', 'lNONHSAG039872', 'lNONHSAG039951', 'lNONHSAG040179', 'lNONHSAG040241', 'lNONHSAG040269', 'lNONHSAG040329', 'lNONHSAG040444', 'lNONHSAG040481', 'lNONHSAG040542', 'lNONHSAG040544', 'lNONHSAG040560', 'lNONHSAG040601', 'lNONHSAG040692', 'lNONHSAG040700', 'lNONHSAG040729', 'lNONHSAG040804', 'lNONHSAG040859', 'lNONHSAG040909', 'lNONHSAG040945', 'lNONHSAG040958', 'lNONHSAG040969', 'lNONHSAG040976', 'lNONHSAG041017', 'lNONHSAG041023', 'lNONHSAG041250', 'lNONHSAG041256', 'lNONHSAG041257', 'lNONHSAG041480', 'lNONHSAG041528', 'lNONHSAG041529', 'lNONHSAG041592', 'lNONHSAG041670', 'lNONHSAG041707', 'lNONHSAG041716', 'lNONHSAG041883', 'lNONHSAG041938', 'lNONHSAG041966', 'lNONHSAG042033', 'lNONHSAG042050', 'lNONHSAG042062', 'lNONHSAG042080', 'lNONHSAG042132', 'lNONHSAG042138', 'lNONHSAG042218', 'lNONHSAG042257', 'lNONHSAG042270', 'lNONHSAG042306', 'lNONHSAG042307', 'lNONHSAG042433', 'lNONHSAG042476', 'lNONHSAG042491', 'lNONHSAG042722', 'lNONHSAG042724', 'lNONHSAG042855', 'lNONHSAG042957', 'lNONHSAG042966', 'lNONHSAG042970', 'lNONHSAG042991', 'lNONHSAG043138', 'lNONHSAG043159', 'lNONHSAG043229', 'lNONHSAG043250', 'lNONHSAG043303', 'lNONHSAG043433', 'lNONHSAG043550', 'lNONHSAG043592', 'lNONHSAG043625', 'lNONHSAG043657', 'lNONHSAG043770', 'lNONHSAG043851', 'lNONHSAG043934', 'lNONHSAG044022', 'lNONHSAG044041', 'lNONHSAG044064', 'lNONHSAG044283', 'lNONHSAG044350', 'lNONHSAG044406', 'lNONHSAG044429', 'lNONHSAG044533', 'lNONHSAG044624', 'lNONHSAG044666', 'lNONHSAG044709', 'lNONHSAG044791', 'lNONHSAG045131', 'lNONHSAG045160', 'lNONHSAG045163', 'lNONHSAG045166', 'lNONHSAG045306', 'lNONHSAG045383', 'lNONHSAG045430', 'lNONHSAG046722', 'lNONHSAG046730', 'lNONHSAG046765', 'lNONHSAG046781', 'lNONHSAG046811', 'lNONHSAG046839', 'lNONHSAG047182', 'lNONHSAG047197', 'lNONHSAG047260', 'lNONHSAG047463', 'lNONHSAG047469', 'lNONHSAG047507', 'lNONHSAG047543', 'lNONHSAG047544', 'lNONHSAG047547', 'lNONHSAG047619', 'lNONHSAG047620', 'lNONHSAG047725', 'lNONHSAG047796', 'lNONHSAG047830', 'lNONHSAG047840', 'lNONHSAG047851', 'lNONHSAG047951', 'lNONHSAG047973', 'lNONHSAG047974', 'lNONHSAG048057', 'lNONHSAG048101', 'lNONHSAG048114', 'lNONHSAG048189', 'lNONHSAG048191', 'lNONHSAG048201', 'lNONHSAG048231', 'lNONHSAG048270', 'lNONHSAG048302', 'lNONHSAG048323', 'lNONHSAG048354', 'lNONHSAG048439', 'lNONHSAG048464', 'lNONHSAG048598', 'lNONHSAG048602', 'lNONHSAG048603', 'lNONHSAG048610', 'lNONHSAG048623', 'lNONHSAG048624', 'lNONHSAG048626', 'lNONHSAG048641', 'lNONHSAG048682', 'lNONHSAG048695', 'lNONHSAG048781', 'lNONHSAG048817', 'lNONHSAG049037', 'lNONHSAG049050', 'lNONHSAG049051', 'lNONHSAG049129', 'lNONHSAG049157', 'lNONHSAG049185', 'lNONHSAG049288', 'lNONHSAG049303', 'lNONHSAG049421', 'lNONHSAG049507', 'lNONHSAG049626', 'lNONHSAG049754', 'lNONHSAG049801', 'lNONHSAG049901', 'lNONHSAG050073', 'lNONHSAG050104', 'lNONHSAG050167', 'lNONHSAG050168', 'lNONHSAG050272', 'lNONHSAG050273', 'lNONHSAG050284', 'lNONHSAG050345', 'lNONHSAG050423', 'lNONHSAG050670', 'lNONHSAG050725', 'lNONHSAG050769', 'lNONHSAG050786', 'lNONHSAG050815', 'lNONHSAG050929', 'lNONHSAG051010', 'lNONHSAG051166', 'lNONHSAG051196', 'lNONHSAG051245', 'lNONHSAG051250', 'lNONHSAG051260', 'lNONHSAG051266', 'lNONHSAG051291', 'lNONHSAG051448', 'lNONHSAG051454', 'lNONHSAG051484', 'lNONHSAG051514', 'lNONHSAG051517', 'lNONHSAG051567', 'lNONHSAG051568', 'lNONHSAG051603', 'lNONHSAG051770', 'lNONHSAG051898', 'lNONHSAG051958', 'lNONHSAG052046', 'lNONHSAG052082', 'lNONHSAG052097', 'lNONHSAG052119', 'lNONHSAG052149', 'lNONHSAG052151', 'lNONHSAG052179', 'lNONHSAG052454', 'lNONHSAG052459', 'lNONHSAG052491', 'lNONHSAG052492', 'lNONHSAG052495', 'lNONHSAG052510', 'lNONHSAG052511', 'lNONHSAG052609', 'lNONHSAG052680', 'lNONHSAG052686', 'lNONHSAG052726', 'lNONHSAG052853', 'lNONHSAG052908', 'lNONHSAG052925', 'lNONHSAG052929', 'lNONHSAG052933', 'lNONHSAG052943', 'lNONHSAG053007', 'lNONHSAG053014', 'lNONHSAG053028', 'lNONHSAG053033', 'lNONHSAG053082', 'lNONHSAG053162', 'lNONHSAG053228', 'lNONHSAG053419', 'lNONHSAG053499', 'lNONHSAG053500', 'lNONHSAG053546', 'lNONHSAG053590', 'lNONHSAG053602', 'lNONHSAG053716', 'lNONHSAG053719', 'lNONHSAG053748', 'lNONHSAG053796', 'lNONHSAG053802', 'lNONHSAG053842', 'lNONHSAG054024', 'lNONHSAG054212', 'lNONHSAG054213', 'lNONHSAG054214', 'lNONHSAG054215', 'lNONHSAG054216', 'lNONHSAG054301', 'lNONHSAG054360', 'lNONHSAG054432', 'lNONHSAG054699', 'lNONHSAG054716', 'lNONHSAG054717', 'lNONHSAG054718', 'lNONHSAG054780', 'lNONHSAG054791', 'lNONHSAG054807', 'lNONHSAG055008', 'lNONHSAG055088', 'lNONHSAG055092', 'lNONHSAG055151', 'lNONHSAG055258', 'lNONHSAG055350', 'lNONHSAG055418', 'lNONHSAG055450', 'lNONHSAG055546', 'lNONHSAG055558', 'lNONHSAG055565', 'lNONHSAG055577', 'lNONHSAG055582', 'lNONHSAG056025', 'lNONHSAG056029', 'lNONHSAG056053', 'lNONHSAG056451', 'lNONHSAG056733', 'lNONHSAG056746', 'lNONHSAG056868', 'lNONHSAG056875', 'lNONHSAG057043', 'lNONHSAG057222', 'lNONHSAG057260', 'lNONHSAG058006', 'lNONHSAG058109', 'lNONHSAG058112', 'lNONHSAG058118', 'lNONHSAG058128', 'lNONHSAG058533', 'lNONHSAG058967', 'lNONHSAG059768', 'lNONHSAG060586', 'lNONHSAG061096', 'lNONHSAG061404', 'lNONHSAG061492', 'lNONHSAG063700', 'lNONHSAG064784', 'lNONHSAG064962', 'lNONHSAG065252', 'lNONHSAG065364', 'lNONHSAG066253', 'lNONHSAG068402', 'lNONHSAG068639', 'lNONHSAG069030', 'lNONHSAG069147', 'lNONHSAG069277', 'lNONHSAG069876', 'lNONHSAG070257', 'lNONHSAG071444', 'lNONHSAG072176', 'lNONHSAG072945', 'lNONHSAG073380', 'lNONHSAG073406', 'lNONHSAG073419', 'lNONHSAG073786', 'lNONHSAG074052', 'lNONHSAG074661', 'lNONHSAG075363', 'lNONHSAG077475', 'lNONHSAG077527', 'lNONHSAG077551', 'lNONHSAG079231', 'lNONHSAG080772', 'lNONHSAG081227', 'lNONHSAG081583', 'lNONHSAG081993', 'lNONHSAG083209', 'lNONHSAG083289', 'lNONHSAG083615', 'lNONHSAG083859', 'lNONHSAG083883', 'lNONHSAG083894', 'lNONHSAG084701', 'lNONHSAG084832', 'lNONHSAG084937', 'lNONHSAG085975', 'lNONHSAG088562', 'lNONHSAG091116', 'lNONHSAG091284', 'lNONHSAG091452', 'lNONHSAG091943', 'lNONHSAG092907', 'lNONHSAG093064', 'lNONHSAG093078', 'lNONHSAG093517', 'lNONHSAG094075', 'lNONHSAG094129', 'lNONHSAG094269', 'lNONHSAG096130', 'lNONHSAG096227', 'lNONHSAG096230', 'lNONHSAG096627', 'lNONHSAG097344', 'lNONHSAG097347', 'lNONHSAG098653', 'lNONHSAG099082', 'lNONHSAG099120', 'lNONHSAG099126', 'lNONHSAG099774', 'lNONHSAG101725', 'lNONHSAG102572', 'lNONHSAG102979', 'lNONHSAG103259', 'lNONHSAG103457', 'lNONHSAG103817', 'lNONHSAG104186', 'lNONHSAG110420', 'lNONHSAG110858', 'lNONHSAG111667', 'lNONHSAG112396', 'lNONHSAG113761', 'lNONHSAG114445', 'lENSG00000103472', 'lENSG00000163364', 'lENSG00000171889', 'lENSG00000177410', 'lENSG00000179406', 'lENSG00000179523', 'lENSG00000189295', 'lENSG00000198221', 'lENSG00000198468', 'lENSG00000203497', 'lENSG00000205611', 'lENSG00000223764', 'lENSG00000223783', 'lENSG00000224057', 'lENSG00000224078', 'lENSG00000224614', 'lENSG00000225470', 'lENSG00000225506', 'lENSG00000225855', 'lENSG00000226115', 'lENSG00000226137', 'lENSG00000227256', 'lENSG00000227963', 'lENSG00000228022', 'lENSG00000229267', 'lENSG00000229335', 'lENSG00000229388', 'lENSG00000230046', 'lENSG00000230061', 'lENSG00000230257', 'lENSG00000230313', 'lENSG00000230400', 'lENSG00000230866', 'lENSG00000231019', 'lENSG00000231437', 'lENSG00000231473', 'lENSG00000231663', 'lENSG00000232265', 'lENSG00000232415', 'lENSG00000232442', 'lENSG00000232500', 'lENSG00000233047', 'lENSG00000233387', 'lENSG00000233532', 'lENSG00000234169', 'lENSG00000234222', 'lENSG00000234455', 'lENSG00000234546', 'lENSG00000234625', 'lENSG00000235385', 'lENSG00000235724', 'lENSG00000236240', 'lENSG00000236535', 'lENSG00000236671', 'lENSG00000237167', 'lENSG00000237396', 'lENSG00000237880', 'lENSG00000241388', 'lENSG00000242207', 'lENSG00000243479', 'lENSG00000244124', 'lENSG00000245067', 'lENSG00000245146', 'lENSG00000245614', 'lENSG00000246560', 'lENSG00000247095', 'lENSG00000247373', 'lENSG00000247400', 'lENSG00000247498', 'lENSG00000249532', 'lENSG00000249786', 'lENSG00000249835', 'lENSG00000249993', 'lENSG00000251003', 'lENSG00000251061', 'lENSG00000253315', 'lENSG00000254418', 'lENSG00000254480', 'lENSG00000254508', 'lENSG00000254635', 'lENSG00000254791', 'lENSG00000255363', 'lENSG00000255427', 'lENSG00000255553', 'lENSG00000255850', 'lENSG00000256742', 'lENSG00000256769', 'lENSG00000257084', 'lENSG00000257557', 'lENSG00000258197', 'lENSG00000258912', 'lENSG00000259289', 'lENSG00000259424', 'lENSG00000260219', 'lENSG00000260280', 'lENSG00000260455', 'lENSG00000260924', 'lENSG00000260969', 'lENSG00000261183', 'lENSG00000261423', 'lENSG00000261780', 'lENSG00000263718', 'lENSG00000265374', 'lENSG00000266402', 'lENSG00000266970', 'lENSG00000267296', 'lENSG00000267321', 'lENSG00000267395', 'lENSG00000267413', 'lENSG00000267440', 'lENSG00000267858', 'lENSG00000269019', 'lENSG00000269911', 'lENSG00000269939', 'lENSG00000270084', 'lENSG00000270344', 'lENSG00000270959', 'lENSG00000272769', 'lENSG00000274372', 'lENSG00000278709', 'lENSG00000278970', 'lENSG00000279296', 'lENSG00000281189', 'lENSG00000285644', 'lENSG00000286004', 'lENSG00000286737', 'lENSG00000288080', 'lENSG00000224167', 'lENSG00000224739', 'lA1BG-AS1', 'lADAMTS9-AS2', 'lANKRD62P1-PARP4P3', 'lAQP4-AS1', 'lASMTL-AS1', 'lCCAT2', 'lCDKN2B-AS1', 'lCRNDE', 'lDGKK', 'lDLX6-AS1', 'lEGOT', 'lFEZF1-AS1', 'lGATA3-AS1', 'lGATA6-AS1', 'lGHET1', 'lHEIH', 'lHOXA-AS3', 'lINHBA-AS1', 'lJRK', 'lKCTD21-AS1', 'lKTN1-AS1', 'lLAMTOR5-AS1', 'lLBX2-AS1', 'lLINC00173', 'lLINC00174', 'lLINC00240', 'lLINC00333', 'lLINC00472', 'lLPP-AS2', 'lMEG3', 'lMIR181A1HG', 'lMIR31HG', 'lMYLK-AS1', 'lPANDAR', 'lPCGEM1', 'lPVT1', 'lRHPN1-AS1', 'lSNHG15', 'lSNX29P2', 'lTEN1-CDK3', 'lTPTEP1', 'lTRAM2-AS1', 'lVCAN-AS1', 'lZNF286B', 'lZNF503-AS2', 'lLINC00461', 'lLINC00514', 'lSLC2A1-AS1', 'lSRP14-AS1', 'lAC007009.1', 'lPWAR6', 'lAC004840.8', 'lAC061992.2', 'lAC103564.7', 'lAC135048.13', 'lAC137723.5', 'lAC137932.5', 'lAL928742.12', 'lAP001058.3', 'lCTB-60B18.10', 'lCTB-91J4.1', 'lCTC-338M12.2', 'lCTD-2195B23.3', 'lCTD-2540L5.5', 'lLA16c-321D4.2', 'lLA16c-380H5.3', 'lLL22NC03-23C6.13', 'lRP1-283E3.8', 'lRP11-100F15.1', 'lRP11-104E19.1', 'lRP11-108M9.3', 'lRP11-123O10.4', 'lRP11-137H2.4', 'lRP11-197N18.2', 'lRP11-21J18.1', 'lRP11-227H15.4', 'lRP11-243J18.2', 'lRP11-24P14.1', 'lRP11-264B17.3', 'lRP11-276H7.2', 'lRP11-2C24.4', 'lRP11-305P14.1', 'lRP11-439K3.1', 'lRP11-467J12.4', 'lRP11-49K24.4', 'lRP11-514P8.8', 'lRP11-54O7.3', 'lRP11-680A11.5', 'lRP4-756H11.3', 'lRP4-790G17.7', 'lRP5-1061H20.4', 'lRP5-1074L1.1', 'lRP5-1160K1.8', 'lXXbac-B444P24.8', 'lXXbac-BPG300A18.13', 'lAC018766.4', 'lCTD-2231H16.1', 'lHNRNPU-AS1', 'lRP11-429J17.8', 'lRP11-672A2.1', 'lRP5-1063M23.1', 'lRP11-495P10.8', 'lCTA-250D10.23', 'lRP4-610C12.4', 'lLINC00035', 'lRP11-408H20.2', 'lNONHSAG000157', 'lNONHSAG000265', 'lNONHSAG000297', 'lNONHSAG000298', 'lNONHSAG000623', 'lNONHSAG000636', 'lNONHSAG000677', 'lNONHSAG000896', 'lNONHSAG000969', 'lNONHSAG000994', 'lNONHSAG001014', 'lNONHSAG001028', 'lNONHSAG001030', 'lNONHSAG001033', 'lNONHSAG001171', 'lNONHSAG001207', 'lNONHSAG001240', 'lNONHSAG001258', 'lNONHSAG001435', 'lNONHSAG001613', 'lNONHSAG002403', 'lNONHSAG002487', 'lNONHSAG002619', 'lNONHSAG002726', 'lNONHSAG002790', 'lNONHSAG002816', 'lNONHSAG003227', 'lNONHSAG003308', 'lNONHSAG003418', 'lNONHSAG003459', 'lNONHSAG003810', 'lNONHSAG004227', 'lNONHSAG004351', 'lNONHSAG004475', 'lNONHSAG004507', 'lNONHSAG004638', 'lNONHSAG004893', 'lNONHSAG005249', 'lNONHSAG005363', 'lNONHSAG005473', 'lNONHSAG005522', 'lNONHSAG005652', 'lNONHSAG005679', 'lNONHSAG005690', 'lNONHSAG005717', 'lNONHSAG005727', 'lNONHSAG005739', 'lNONHSAG005740', 'lNONHSAG005746', 'lNONHSAG005747', 'lNONHSAG005760', 'lNONHSAG005761', 'lNONHSAG005769', 'lNONHSAG005789', 'lNONHSAG005797', 'lNONHSAG005809', 'lNONHSAG005830', 'lNONHSAG005842', 'lNONHSAG005852', 'lNONHSAG005853', 'lNONHSAG005856', 'lNONHSAG005857', 'lNONHSAG005867', 'lNONHSAG005870', 'lNONHSAG005885', 'lNONHSAG005901', 'lNONHSAG005915', 'lNONHSAG005936', 'lNONHSAG005939', 'lNONHSAG005985', 'lNONHSAG005986', 'lNONHSAG006012', 'lNONHSAG006022', 'lNONHSAG006078', 'lNONHSAG006086', 'lNONHSAG006091', 'lNONHSAG006097', 'lNONHSAG006103', 'lNONHSAG006166', 'lNONHSAG006183', 'lNONHSAG006186', 'lNONHSAG006187', 'lNONHSAG006188', 'lNONHSAG006206', 'lNONHSAG006220', 'lNONHSAG006221', 'lNONHSAG006235', 'lNONHSAG006274', 'lNONHSAG006279', 'lNONHSAG006290', 'lNONHSAG006293', 'lNONHSAG006300', 'lNONHSAG006314', 'lNONHSAG006324', 'lNONHSAG006376', 'lNONHSAG006377', 'lNONHSAG006382', 'lNONHSAG006388', 'lNONHSAG006395', 'lNONHSAG006399', 'lNONHSAG006405', 'lNONHSAG006407', 'lNONHSAG006412', 'lNONHSAG006415', 'lNONHSAG006434', 'lNONHSAG006440', 'lNONHSAG006450', 'lNONHSAG006459', 'lNONHSAG006479', 'lNONHSAG006487', 'lNONHSAG006493', 'lNONHSAG006507', 'lNONHSAG006527', 'lNONHSAG006536', 'lNONHSAG006551', 'lNONHSAG006554', 'lNONHSAG006555', 'lNONHSAG006557', 'lNONHSAG006573', 'lNONHSAG006576', 'lNONHSAG006579', 'lNONHSAG006581', 'lNONHSAG006586', 'lNONHSAG006591', 'lNONHSAG006602', 'lNONHSAG006646', 'lNONHSAG006653', 'lNONHSAG006669', 'lNONHSAG006716', 'lNONHSAG006750', 'lNONHSAG006765', 'lNONHSAG006779', 'lNONHSAG006808', 'lNONHSAG006830', 'lNONHSAG006832', 'lNONHSAG006837', 'lNONHSAG006855', 'lNONHSAG006863', 'lNONHSAG006883', 'lNONHSAG006889', 'lNONHSAG006894', 'lNONHSAG006897', 'lNONHSAG006909', 'lNONHSAG006922', 'lNONHSAG006967', 'lNONHSAG006970', 'lNONHSAG006976', 'lNONHSAG007000', 'lNONHSAG007008', 'lNONHSAG007020', 'lNONHSAG007031', 'lNONHSAG007035', 'lNONHSAG007065', 'lNONHSAG007087', 'lNONHSAG007093', 'lNONHSAG007103', 'lNONHSAG007118', 'lNONHSAG007123', 'lNONHSAG007129', 'lNONHSAG007139', 'lNONHSAG007155', 'lNONHSAG007166', 'lNONHSAG007172', 'lNONHSAG007203', 'lNONHSAG007222', 'lNONHSAG007225', 'lNONHSAG007242', 'lNONHSAG007259', 'lNONHSAG007268', 'lNONHSAG007278', 'lNONHSAG007286', 'lNONHSAG007298', 'lNONHSAG007414', 'lNONHSAG007419', 'lNONHSAG007429', 'lNONHSAG007488', 'lNONHSAG007507', 'lNONHSAG007531', 'lNONHSAG007533', 'lNONHSAG007543', 'lNONHSAG007554', 'lNONHSAG007563', 'lNONHSAG007574', 'lNONHSAG007578', 'lNONHSAG007599', 'lNONHSAG007632', 'lNONHSAG007638', 'lNONHSAG007730', 'lENSG00000083622', 'lENSG00000105501', 'lENSG00000122043', 'lENSG00000149443', 'lENSG00000167920', 'lENSG00000175746', 'lENSG00000177596', 'lENSG00000178248', 'lENSG00000197644', 'lENSG00000197880', 'lENSG00000198054', 'lENSG00000198671', 'lENSG00000203307', 'lENSG00000203469', 'lENSG00000203472', 'lENSG00000203565', 'lENSG00000203605', 'lENSG00000203864', 'lENSG00000204393', 'lENSG00000204464', 'lENSG00000205018', 'lENSG00000205452', 'lENSG00000205500', 'lENSG00000212856', 'lENSG00000219410', 'lENSG00000221845', 'lENSG00000222000', 'lENSG00000222044', 'lENSG00000223374', 'lENSG00000223381', 'lENSG00000223387', 'lENSG00000223400', 'lENSG00000223537', 'lENSG00000223563', 'lENSG00000223598', 'lENSG00000223634', 'lENSG00000223641', 'lENSG00000223643', 'lENSG00000223647', 'lENSG00000223720', 'lENSG00000223727', 'lENSG00000223786', 'lENSG00000223809', 'lENSG00000223831', 'lENSG00000223870', 'lENSG00000223881', 'lENSG00000223966', 'lENSG00000223993', 'lENSG00000224031', 'lENSG00000224075', 'lENSG00000224087', 'lENSG00000224095', 'lENSG00000224220', 'lENSG00000224277', 'lENSG00000224330', 'lENSG00000224384', 'lENSG00000224500', 'lENSG00000224535', 'lENSG00000224541', 'lENSG00000224549', 'lENSG00000224645', 'lENSG00000224794', 'lENSG00000224821', 'lENSG00000224844', 'lENSG00000224857', 'lENSG00000224885', 'lENSG00000224922', 'lENSG00000224972', 'lENSG00000225012', 'lENSG00000225050', 'lENSG00000225129', 'lENSG00000225218', 'lENSG00000225325', 'lENSG00000225378', 'lENSG00000225457', 'lENSG00000225537', 'lENSG00000225570', 'lENSG00000225588', 'lENSG00000225647', 'lENSG00000225750', 'lENSG00000225751', 'lENSG00000225761', 'lENSG00000225798', 'lENSG00000225886', 'lENSG00000225919', 'lENSG00000225929', 'lENSG00000226047', 'lENSG00000226089', 'lENSG00000226133', 'lENSG00000226143', 'lENSG00000226193', 'lENSG00000226194', 'lENSG00000226238', 'lENSG00000226323', 'lENSG00000226337', 'lENSG00000226352', 'lENSG00000226398', 'lENSG00000226454', 'lENSG00000226486', 'lENSG00000226508', 'lENSG00000226522', 'lENSG00000226542', 'lENSG00000226562', 'lENSG00000226566', 'lENSG00000226576', 'lENSG00000226601', 'lENSG00000226647', 'lENSG00000226699', 'lENSG00000226770', 'lENSG00000226813', 'lENSG00000226883', 'lENSG00000226925', 'lENSG00000226956', 'lENSG00000226957', 'lENSG00000227075', 'lENSG00000227076', 'lENSG00000227125', 'lENSG00000227131', 'lENSG00000227181', 'lENSG00000227197', 'lENSG00000227330', 'lENSG00000227360', 'lENSG00000227409', 'lENSG00000227482', 'lENSG00000227496', 'lENSG00000227509', 'lENSG00000227512', 'lENSG00000227549', 'lENSG00000227579', 'lENSG00000227606', 'lENSG00000227611', 'lENSG00000227680', 'lENSG00000227716', 'lENSG00000227718', 'lENSG00000227769', 'lENSG00000227863', 'lENSG00000227893', 'lENSG00000227930', 'lENSG00000227960', 'lENSG00000228028', 'lENSG00000228082', 'lENSG00000228108', 'lENSG00000228136', 'lENSG00000228170', 'lENSG00000228215', 'lENSG00000228261', 'lENSG00000228272', 'lENSG00000228351', 'lENSG00000228372', 'lENSG00000228383', 'lENSG00000228470', 'lENSG00000228485', 'lENSG00000228548', 'lENSG00000228596', 'lENSG00000228627', 'lENSG00000228804', 'lENSG00000228826', 'lENSG00000228852', 'lENSG00000228950', 'lENSG00000229152', 'lENSG00000229162', 'lENSG00000229167', 'lENSG00000229190', 'lENSG00000229224', 'lENSG00000229283', 'lENSG00000229297', 'lENSG00000229331', 'lENSG00000229370', 'lENSG00000229379', 'lENSG00000229444', 'lENSG00000229457', 'lENSG00000229487', 'lENSG00000229498', 'lENSG00000229502', 'lENSG00000229528', 'lENSG00000229531', 'lENSG00000229673', 'lENSG00000229679', 'lENSG00000229688', 'lENSG00000229848', 'lENSG00000229851', 'lENSG00000229953', 'lENSG00000229999', 'lENSG00000230010', 'lENSG00000230065', 'lENSG00000230105', 'lENSG00000230109', 'lENSG00000230121', 'lENSG00000230131', 'lENSG00000230153', 'lENSG00000230155', 'lENSG00000230190', 'lENSG00000230197', 'lENSG00000230212', 'lENSG00000230233', 'lENSG00000230234', 'lENSG00000230323', 'lENSG00000230432', 'lENSG00000230483', 'lENSG00000230499', 'lENSG00000230599', 'lENSG00000230668', 'lENSG00000230735', 'lENSG00000230741', 'lENSG00000230759', 'lENSG00000230790', 'lENSG00000230794', 'lENSG00000230826', 'lENSG00000230830', 'lENSG00000230912', 'lENSG00000230918', 'lENSG00000230972', 'lENSG00000231081', 'lENSG00000231082', 'lENSG00000231092', 'lENSG00000231102', 'lENSG00000231114', 'lENSG00000231143', 'lENSG00000231253', 'lENSG00000231272', 'lENSG00000231407', 'lENSG00000231413', 'lENSG00000231440', 'lENSG00000231492', 'lENSG00000231496', 'lENSG00000231597', 'lENSG00000231678', 'lENSG00000231681', 'lENSG00000231724', 'lENSG00000231772', 'lENSG00000231781', 'lENSG00000231912', 'lENSG00000231937', 'lENSG00000231964', 'lENSG00000232031', 'lENSG00000232058', 'lENSG00000232072', 'lENSG00000232086', 'lENSG00000232192', 'lENSG00000232197', 'lENSG00000232286', 'lENSG00000232310', 'lENSG00000232328', 'lENSG00000232335', 'lENSG00000232359', 'lENSG00000232363', 'lENSG00000232396', 'lENSG00000232451', 'lENSG00000232464', 'lENSG00000232465', 'lENSG00000232564', 'lENSG00000232596', 'lENSG00000232604', 'lENSG00000232710', 'lENSG00000232719', 'lENSG00000232746', 'lENSG00000232806', 'lENSG00000232893', 'lENSG00000232895', 'lENSG00000232930', 'lENSG00000232939', 'lENSG00000232964', 'lENSG00000233070', 'lENSG00000233178', 'lENSG00000233179', 'lENSG00000233219', 'lENSG00000233222', 'lENSG00000233330', 'lENSG00000233339', 'lENSG00000233407', 'lENSG00000233472', 'lENSG00000233479', 'lENSG00000233534', 'lENSG00000233574', 'lENSG00000233581', 'lENSG00000233613', 'lENSG00000233625', 'lENSG00000233656', 'lENSG00000233665', 'lENSG00000233689', 'lENSG00000233706', 'lENSG00000233851', 'lENSG00000233891', 'lENSG00000233953', 'lENSG00000233960', 'lENSG00000233969', 'lENSG00000233985', 'lENSG00000234021', 'lENSG00000234055', 'lENSG00000234117', 'lENSG00000234149', 'lENSG00000234160', 'lENSG00000234172', 'lENSG00000234191', 'lENSG00000234504', 'lENSG00000234622', 'lENSG00000234626', 'lENSG00000234653', 'lENSG00000234690', 'lENSG00000234693', 'lENSG00000234714', 'lENSG00000234756', 'lENSG00000234860', 'lENSG00000234900', 'lENSG00000234953', 'lENSG00000234961', 'lENSG00000234979', 'lENSG00000235035', 'lENSG00000235050', 'lENSG00000235059', 'lENSG00000235086', 'lENSG00000235122', 'lENSG00000235168', 'lENSG00000235262', 'lENSG00000235435', 'lENSG00000235494', 'lENSG00000235503', 'lENSG00000235533', 'lENSG00000235628', 'lENSG00000235635', 'lENSG00000235637', 'lENSG00000235669', 'lENSG00000235786', 'lENSG00000235813', 'lENSG00000236022', 'lENSG00000236031', 'lENSG00000236065', 'lENSG00000236109', 'lENSG00000236242', 'lENSG00000236267', 'lENSG00000236272', 'lENSG00000236324', 'lENSG00000236326', 'lENSG00000236358', 'lENSG00000236366', 'lENSG00000236414', 'lENSG00000236452', 'lENSG00000236463', 'lENSG00000236498', 'lENSG00000236559', 'lENSG00000236648', 'lENSG00000236662', 'lENSG00000236723', 'lENSG00000236744', 'lENSG00000236758', 'lENSG00000236800', 'lENSG00000236828', 'lENSG00000236921', 'lENSG00000236951', 'lENSG00000236953', 'lENSG00000236975', 'lENSG00000237015', 'lENSG00000237058', 'lENSG00000237073', 'lENSG00000237293', 'lENSG00000237324', 'lENSG00000237331', 'lENSG00000237337', 'lENSG00000237373', 'lENSG00000237435', 'lENSG00000237463', 'lENSG00000237477', 'lENSG00000237481', 'lENSG00000237494', 'lENSG00000237571', 'lENSG00000237576', 'lENSG00000237581', 'lENSG00000237670', 'lENSG00000237687', 'lENSG00000237734', 'lENSG00000237768', 'lENSG00000237802', 'lENSG00000237919', 'lENSG00000237921', 'lENSG00000237937', 'lENSG00000237993', 'lENSG00000238131', 'lENSG00000238140', 'lENSG00000238185', 'lENSG00000238282', 'lENSG00000238291', 'lENSG00000239314', 'lENSG00000239415', 'lENSG00000239482', 'lENSG00000240354', 'lENSG00000240573', 'lENSG00000240868', 'lENSG00000241383', 'lENSG00000241397', 'lENSG00000241577', 'lENSG00000241593', 'lENSG00000241666', 'lENSG00000241985', 'lENSG00000242012', 'lENSG00000242072', 'lENSG00000242339', 'lENSG00000242391', 'lENSG00000242545', 'lENSG00000242568', 'lENSG00000242618', 'lENSG00000242795', 'lENSG00000242861', 'lENSG00000243149', 'lENSG00000243230', 'lENSG00000243273', 'lENSG00000243368', 'lENSG00000243797', 'lENSG00000243903', 'lENSG00000243961', 'lENSG00000244327', 'lENSG00000244461', 'lENSG00000244701', 'lENSG00000245148', 'lENSG00000245385', 'lENSG00000246541', 'lENSG00000247867', 'lENSG00000247925', 'lENSG00000248125', 'lENSG00000248145', 'lENSG00000248148', 'lENSG00000248245', 'lENSG00000248358', 'lENSG00000248373', 'lENSG00000248393', 'lENSG00000248397', 'lENSG00000248416', 'lENSG00000248457', 'lENSG00000248482', 'lENSG00000248490', 'lENSG00000248576', 'lENSG00000248599', 'lENSG00000248627', 'lENSG00000248758', 'lENSG00000248789', 'lENSG00000248802', 'lENSG00000248925', 'lENSG00000248935', 'lENSG00000248969', 'lENSG00000248975', 'lENSG00000248984', 'lENSG00000248995', 'lENSG00000249066', 'lENSG00000249071', 'lENSG00000249099', 'lENSG00000249111', 'lENSG00000249114', 'lENSG00000249297', 'lENSG00000249382', 'lENSG00000249409', 'lENSG00000249419', 'lENSG00000249426', 'lENSG00000249441', 'lENSG00000249474', 'lENSG00000249547', 'lENSG00000249605', 'lENSG00000249613', 'lENSG00000249697', 'lENSG00000249706', 'lENSG00000249742', 'lENSG00000249753', 'lENSG00000249782', 'lENSG00000249806', 'lENSG00000249830', 'lENSG00000249865', 'lENSG00000249892', 'lENSG00000250062', 'lENSG00000250186', 'lENSG00000250195', 'lENSG00000250242', 'lENSG00000250524', 'lENSG00000250626', 'lENSG00000250629', 'lENSG00000250646', 'lENSG00000250657', 'lENSG00000250665', 'lENSG00000250698', 'lENSG00000250761', 'lENSG00000250791', 'lENSG00000250820', 'lENSG00000250855', 'lENSG00000250865', 'lENSG00000250866', 'lENSG00000250877', 'lENSG00000250910', 'lENSG00000250917', 'lENSG00000250929', 'lENSG00000250945', 'lENSG00000250949', 'lENSG00000250950', 'lENSG00000250955', 'lENSG00000251059', 'lENSG00000251072', 'lENSG00000251088', 'lENSG00000251185', 'lENSG00000251194', 'lENSG00000251256', 'lENSG00000251266', 'lENSG00000251281', 'lENSG00000251412', 'lENSG00000251414', 'lENSG00000251438', 'lENSG00000251688', 'lENSG00000253134', 'lENSG00000253142', 'lENSG00000253167', 'lENSG00000253171', 'lENSG00000253189', 'lENSG00000253282', 'lENSG00000253356', 'lENSG00000253397', 'lENSG00000253449', 'lENSG00000253456', 'lENSG00000253503', 'lENSG00000253507', 'lENSG00000253526', 'lENSG00000253530', 'lENSG00000253539', 'lENSG00000253577', 'lENSG00000253616', 'lENSG00000253619', 'lENSG00000253627', 'lENSG00000253645', 'lENSG00000253665', 'lENSG00000253717', 'lENSG00000253722', 'lENSG00000253754', 'lENSG00000253782', 'lENSG00000253834', 'lENSG00000253858', 'lENSG00000253865', 'lENSG00000253871', 'lENSG00000253875', 'lENSG00000253880', 'lENSG00000253927', 'lENSG00000253947', 'lENSG00000253976', 'lENSG00000254011', 'lENSG00000254021', 'lENSG00000254026', 'lENSG00000254031', 'lENSG00000254033', 'lENSG00000254035', 'lENSG00000254043', 'lENSG00000254084', 'lENSG00000254094', 'lENSG00000254123', 'lENSG00000254141', 'lENSG00000254171', 'lENSG00000254177', 'lENSG00000254207', 'lENSG00000254239', 'lENSG00000254242', 'lENSG00000254263', 'lENSG00000254314', 'lENSG00000254325', 'lENSG00000254330', 'lENSG00000254347', 'lENSG00000254350', 'lENSG00000254380', 'lENSG00000254429', 'lENSG00000254456', 'lENSG00000254516', 'lENSG00000254526', 'lENSG00000254559', 'lENSG00000254563', 'lENSG00000254592', 'lENSG00000254604', 'lENSG00000254620', 'lENSG00000254626', 'lENSG00000254627', 'lENSG00000254689', 'lENSG00000254739', 'lENSG00000254775', 'lENSG00000254787', 'lENSG00000254846', 'lENSG00000254847', 'lENSG00000254864', 'lENSG00000254879', 'lENSG00000254913', 'lENSG00000254921', 'lENSG00000254928', 'lENSG00000254930', 'lENSG00000254972', 'lENSG00000254990', 'lENSG00000255027', 'lENSG00000255039', 'lENSG00000255041', 'lENSG00000255084', 'lENSG00000255114', 'lENSG00000255121', 'lENSG00000255159', 'lENSG00000255167', 'lENSG00000255227', 'lENSG00000255241', 'lENSG00000255247', 'lENSG00000255252', 'lENSG00000255271', 'lENSG00000255300', 'lENSG00000255327', 'lENSG00000255343', 'lENSG00000255357', 'lENSG00000255366', 'lENSG00000255375', 'lENSG00000255388', 'lENSG00000255390', 'lENSG00000255443', 'lENSG00000255478', 'lENSG00000255482', 'lENSG00000255487', 'lENSG00000255496', 'lENSG00000255498', 'lENSG00000255523', 'lENSG00000255528', 'lENSG00000255539', 'lENSG00000255555', 'lENSG00000255565', 'lENSG00000255808', 'lENSG00000255839', 'lENSG00000255893', 'lENSG00000255949', 'lENSG00000256007', 'lENSG00000256071', 'lENSG00000256072', 'lENSG00000256083', 'lENSG00000256209', 'lENSG00000256234', 'lENSG00000256314', 'lENSG00000256364', 'lENSG00000256448', 'lENSG00000256452', 'lENSG00000256482', 'lENSG00000256484', 'lENSG00000256568', 'lENSG00000256582', 'lENSG00000256670', 'lENSG00000256733', 'lENSG00000256897', 'lENSG00000256972', 'lENSG00000257004', 'lENSG00000257096', 'lENSG00000257105', 'lENSG00000257165', 'lENSG00000257264', 'lENSG00000257265', 'lENSG00000257271', 'lENSG00000257275', 'lENSG00000257342', 'lENSG00000257381', 'lENSG00000257407', 'lENSG00000257470', 'lENSG00000257488', 'lENSG00000257494', 'lENSG00000257500', 'lENSG00000257514', 'lENSG00000257541', 'lENSG00000257634', 'lENSG00000257653', 'lENSG00000257682', 'lENSG00000257732', 'lENSG00000257764', 'lENSG00000257860', 'lENSG00000257904', 'lENSG00000257925', 'lENSG00000257997', 'lENSG00000258007', 'lENSG00000258044', 'lENSG00000258084', 'lENSG00000258108', 'lENSG00000258167', 'lENSG00000258185', 'lENSG00000258210', 'lENSG00000258220', 'lENSG00000258272', 'lENSG00000258292', 'lENSG00000258308', 'lENSG00000258312', 'lENSG00000258313', 'lENSG00000258331', 'lENSG00000258378', 'lENSG00000258379', 'lENSG00000258394', 'lENSG00000258425', 'lENSG00000258451', 'lENSG00000258460', 'lENSG00000258515', 'lENSG00000258516', 'lENSG00000258520', 'lENSG00000258610', 'lENSG00000258657', 'lENSG00000258670', 'lENSG00000258690', 'lENSG00000258695', 'lENSG00000258698', 'lENSG00000258742', 'lENSG00000258745', 'lENSG00000258784', 'lENSG00000258800', 'lENSG00000258824', 'lENSG00000258826', 'lENSG00000258829', 'lENSG00000258850', 'lENSG00000258869', 'lENSG00000258892', 'lENSG00000258904', 'lENSG00000258908', 'lENSG00000258944', 'lENSG00000258958', 'lENSG00000259007', 'lENSG00000259026', 'lENSG00000259187', 'lENSG00000259188', 'lENSG00000259194', 'lENSG00000259202', 'lENSG00000259211', 'lENSG00000259223', 'lENSG00000259250', 'lENSG00000259256', 'lENSG00000259265', 'lENSG00000259268', 'lENSG00000259290', 'lENSG00000259294', 'lENSG00000259307', 'lENSG00000259342', 'lENSG00000259351', 'lENSG00000259352', 'lENSG00000259360', 'lENSG00000259503', 'lENSG00000259532', 'lENSG00000259544', 'lENSG00000259595', 'lENSG00000259631', 'lENSG00000259636', 'lENSG00000259649', 'lENSG00000259659', 'lENSG00000259678', 'lENSG00000259757', 'lENSG00000259759', 'lENSG00000259767', 'lENSG00000259798', 'lENSG00000259805', 'lENSG00000259935', 'lENSG00000259945', 'lENSG00000259955', 'lENSG00000260003', 'lENSG00000260017', 'lENSG00000260022', 'lENSG00000260058', 'lENSG00000260158', 'lENSG00000260186', 'lENSG00000260190', 'lENSG00000260237', 'lENSG00000260246', 'lENSG00000260304', 'lENSG00000260454', 'lENSG00000260476', 'lENSG00000260586', 'lENSG00000260605', 'lENSG00000260626', 'lENSG00000260659', 'lENSG00000260741', 'lENSG00000260773', 'lENSG00000260798', 'lENSG00000260814', 'lENSG00000260884', 'lENSG00000260911', 'lENSG00000260934', 'lENSG00000260970', 'lENSG00000260986', 'lENSG00000260999', 'lENSG00000261014', 'lENSG00000261036', 'lENSG00000261070', 'lENSG00000261243', 'lENSG00000261248', 'lENSG00000261261', 'lENSG00000261307', 'lENSG00000261332', 'lENSG00000261379', 'lENSG00000261432', 'lENSG00000261475', 'lENSG00000261507', 'lENSG00000261523', 'lENSG00000261552', 'lENSG00000261569', 'lENSG00000261633', 'lENSG00000261663', 'lENSG00000261671', 'lENSG00000261695', 'lENSG00000261697', 'lENSG00000261723', 'lENSG00000261729', 'lENSG00000261731', 'lENSG00000261761', 'lENSG00000261838', 'lENSG00000261864', 'lENSG00000262151', 'lENSG00000262298', 'lENSG00000262434', 'lENSG00000262533', 'lENSG00000262652', 'lENSG00000262692', 'lENSG00000262777', 'lENSG00000262810', 'lENSG00000262815', 'lENSG00000263237', 'lENSG00000263300', 'lENSG00000263321', 'lENSG00000263417', 'lENSG00000263466', 'lENSG00000263585', 'lENSG00000263594', 'lENSG00000263618', 'lENSG00000263684', 'lENSG00000263765', 'lENSG00000263797', 'lENSG00000263847', 'lENSG00000263873', 'lENSG00000263952', 'lENSG00000263982', 'lENSG00000263986', 'lENSG00000264023', 'lENSG00000264066', 'lENSG00000264107', 'lENSG00000264116', 'lENSG00000264151', 'lENSG00000264254', 'lENSG00000264269', 'lENSG00000264486', 'lENSG00000264513', 'lENSG00000264520', 'lENSG00000264546', 'lENSG00000264577', 'lENSG00000264622', 'lENSG00000264734', 'lENSG00000264769', 'lENSG00000264825', 'lENSG00000264924', 'lENSG00000265168', 'lENSG00000265205', 'lENSG00000265334', 'lENSG00000265359', 'lENSG00000265400', 'lENSG00000265443', 'lENSG00000265474', 'lENSG00000265554', 'lENSG00000265625', 'lENSG00000265728', 'lENSG00000265743', 'lENSG00000265791', 'lENSG00000265800', 'lENSG00000265840', 'lENSG00000265844', 'lENSG00000265845', 'lENSG00000265980', 'lENSG00000265987', 'lENSG00000265994', 'lENSG00000266102', 'lENSG00000266153', 'lENSG00000266311', 'lENSG00000266341', 'lENSG00000266368', 'lENSG00000266397', 'lENSG00000266541', 'lENSG00000266651', 'lENSG00000266801', 'lENSG00000266839', 'lENSG00000266844', 'lENSG00000266877', 'lENSG00000266936', 'lENSG00000266981', 'lENSG00000267000', 'lENSG00000267028', 'lENSG00000267057', 'lENSG00000267063', 'lENSG00000267177', 'lENSG00000267225', 'lENSG00000267234', 'lENSG00000267255', 'lENSG00000267263', 'lENSG00000267274', 'lENSG00000267286', 'lENSG00000267320', 'lENSG00000267341', 'lENSG00000267354', 'lENSG00000267378', 'lENSG00000267387', 'lENSG00000267436', 'lENSG00000267437', 'lENSG00000267501', 'lENSG00000267510', 'lENSG00000267543', 'lENSG00000267583', 'lENSG00000267615', 'lENSG00000267617', 'lENSG00000267633', 'lENSG00000267638', 'lENSG00000267665', 'lENSG00000267711', 'lENSG00000267791', 'lENSG00000267838', 'lENSG00000267922', 'lENSG00000267980', 'lENSG00000268049', 'lENSG00000268051', 'lENSG00000268069', 'lENSG00000268078', 'lENSG00000268191', 'lENSG00000268203', 'lENSG00000268240', 'lENSG00000268289', 'lENSG00000268292', 'lENSG00000268296', 'lENSG00000268520', 'lENSG00000268605', 'lENSG00000268734', 'lENSG00000268743', 'lENSG00000268798', 'lENSG00000268833', 'lENSG00000268906', 'lENSG00000268912', 'lENSG00000268981', 'lENSG00000269044', 'lENSG00000269085', 'lENSG00000269145', 'lENSG00000269191', 'lENSG00000269292', 'lENSG00000269321', 'lENSG00000269350', 'lENSG00000269495', 'lENSG00000269504', 'lENSG00000269578', 'lENSG00000269621', 'lENSG00000269656', 'lENSG00000269729', 'lENSG00000269802', 'lENSG00000269826', 'lENSG00000269843', 'lENSG00000269867', 'lENSG00000269901', 'lENSG00000269950', 'lENSG00000269987', 'lENSG00000270082', 'lENSG00000270094', 'lENSG00000270108', 'lENSG00000270380', 'lENSG00000270726', 'lENSG00000270871', 'lENSG00000270996', 'lENSG00000271032', 'lENSG00000271218', 'lENSG00000271314', 'lENSG00000271579', 'lENSG00000271717', 'lENSG00000271763', 'lENSG00000271787', 'lENSG00000271833', 'lENSG00000271901', 'lENSG00000271936', 'lENSG00000271945', 'lENSG00000271983', 'lENSG00000272027', 'lENSG00000272072', 'lENSG00000272159', 'lENSG00000272338', 'lENSG00000272510', 'lENSG00000272540', 'lENSG00000272575', 'lENSG00000272661', 'lENSG00000272742', 'lENSG00000272810', 'lENSG00000272814', 'lENSG00000272866', 'lENSG00000272995', 'lENSG00000273035', 'lENSG00000273110', 'lENSG00000273198', 'lENSG00000273226', 'lENSG00000273257', 'lENSG00000273275', 'lENSG00000273360', 'lENSG00000273449', 'lENSG00000273461', 'lENSG00000273485', 'lENSG00000273493', 'lENSG00000273550', 'lENSG00000273568', 'lENSG00000273838', 'lENSG00000273877', 'lENSG00000273919', 'lENSG00000274177', 'lENSG00000274227', 'lENSG00000274624', 'lENSG00000274678', 'lENSG00000274737', 'lENSG00000274863', 'lENSG00000274893', 'lENSG00000275173', 'lENSG00000275356', 'lENSG00000275401', 'lENSG00000275484', 'lENSG00000275576', 'lENSG00000275638', 'lENSG00000275871', 'lENSG00000275963', 'lENSG00000276054', 'lENSG00000276107', 'lENSG00000276266', 'lENSG00000276488', 'lENSG00000276533', 'lENSG00000276668', 'lENSG00000276997', 'lENSG00000277173', 'lENSG00000277332', 'lENSG00000277639', 'lENSG00000277675', 'lENSG00000278000', 'lENSG00000278013', 'lENSG00000278202', 'lENSG00000278351', 'lENSG00000278766', 'lENSG00000278944', 'lENSG00000279088', 'lENSG00000279240', 'lENSG00000279484', 'lENSG00000279623', 'lENSG00000279687', 'lENSG00000279751', 'lENSG00000279920', 'lENSG00000280206', 'lENSG00000280224', 'lENSG00000280455', 'lENSG00000280580', 'lENSG00000280703', 'lENSG00000280870', 'lENSG00000280881', 'lENSG00000281021', 'lENSG00000281831', 'lENSG00000282478', 'lENSG00000282828', 'lENSG00000282950', 'lENSG00000283083', 'lENSG00000283286', 'lENSG00000283347', 'lENSG00000283375', 'lENSG00000283436', 'lENSG00000283457', 'lENSG00000283573', 'lENSG00000283631', 'lENSG00000283766', 'lENSG00000283973', 'lENSG00000284376', 'lENSG00000284500', 'lENSG00000284513', 'lENSG00000284608', 'lENSG00000284699', 'lENSG00000284846', 'lENSG00000284994', 'lENSG00000285012', 'lENSG00000285040', 'lENSG00000285117', 'lENSG00000285325', 'lENSG00000285354', 'lENSG00000285409', 'lENSG00000285473', 'lENSG00000285518', 'lENSG00000285550', 'lENSG00000285551', 'lENSG00000285621', 'lENSG00000285654', 'lENSG00000285699', 'lENSG00000285780', 'lENSG00000285857', 'lENSG00000285861', 'lENSG00000285889', 'lENSG00000285954', 'lENSG00000285998', 'lENSG00000286002', 'lENSG00000286010', 'lENSG00000286018', 'lENSG00000286020', 'lENSG00000286050', 'lENSG00000286076', 'lENSG00000286089', 'lENSG00000286093', 'lENSG00000286101', 'lENSG00000286168', 'lENSG00000286194', 'lENSG00000286242', 'lENSG00000286276', 'lENSG00000286331', 'lENSG00000286333', 'lENSG00000286357', 'lENSG00000286419', 'lENSG00000286430', 'lENSG00000286436', 'lENSG00000286441', 'lENSG00000286453', 'lENSG00000286461', 'lENSG00000286474', 'lENSG00000286515', 'lENSG00000286565', 'lENSG00000286581', 'lENSG00000286584', 'lENSG00000286588', 'lENSG00000286598', 'lENSG00000286617', 'lENSG00000286639', 'lENSG00000286645', 'lENSG00000286670', 'lENSG00000286689', 'lENSG00000286698', 'lENSG00000286715', 'lENSG00000286716', 'lENSG00000286722', 'lENSG00000286735', 'lENSG00000286738', 'lENSG00000286740', 'lENSG00000286759', 'lENSG00000286767', 'lENSG00000286770', 'lENSG00000286776', 'lENSG00000286795', 'lENSG00000286803', 'lENSG00000286820', 'lENSG00000286822', 'lENSG00000286838', 'lENSG00000286843', 'lENSG00000286850', 'lENSG00000286887', 'lENSG00000286908', 'lENSG00000287005', 'lENSG00000287006', 'lENSG00000287020', 'lENSG00000287028', 'lENSG00000287030', 'lENSG00000287066', 'lENSG00000287094', 'lENSG00000287107', 'lENSG00000287128', 'lENSG00000287155', 'lENSG00000287159', 'lENSG00000287191', 'lENSG00000287198', 'lENSG00000287202', 'lENSG00000287213', 'lENSG00000287236', 'lENSG00000287270', 'lENSG00000287285', 'lENSG00000287321', 'lENSG00000287358', 'lENSG00000287359', 'lENSG00000287366', 'lENSG00000287381', 'lENSG00000287441', 'lENSG00000287451', 'lENSG00000287456', 'lENSG00000287462', 'lENSG00000287501', 'lENSG00000287511', 'lENSG00000287517', 'lENSG00000287518', 'lENSG00000287545', 'lENSG00000287550', 'lENSG00000287551', 'lENSG00000287556', 'lENSG00000287587', 'lENSG00000287618', 'lENSG00000287660', 'lENSG00000287664', 'lENSG00000287684', 'lENSG00000287687', 'lENSG00000287691', 'lENSG00000287704', 'lENSG00000211683', 'lENSG00000214955', 'lENSG00000223379', 'lENSG00000223795', 'lENSG00000224884', 'lENSG00000225393', 'lENSG00000225836', 'lENSG00000228255', 'lENSG00000228538', 'lENSG00000229454', 'lENSG00000229458', 'lENSG00000229628', 'lENSG00000229964', 'lENSG00000230600', 'lENSG00000230649', 'lENSG00000231212', 'lENSG00000232056', 'lENSG00000232636', 'lENSG00000233200', 'lENSG00000233987', 'lENSG00000234083', 'lENSG00000234810', 'lENSG00000234998', 'lENSG00000235337', 'lENSG00000236453', 'lENSG00000239801', 'lENSG00000241792', 'lENSG00000242375', 'lENSG00000244620', 'lENSG00000247810', 'lENSG00000248359', 'lENSG00000248991', 'lENSG00000249159', 'lENSG00000250481', 'lENSG00000250567', 'lENSG00000250777', 'lENSG00000250948', 'lENSG00000251506', 'lENSG00000251654', 'lENSG00000254306', 'lENSG00000254927', 'lENSG00000255325', 'lENSG00000255644', 'lENSG00000256686', 'lENSG00000257715', 'lENSG00000257962', 'lENSG00000258088', 'lENSG00000258196', 'lENSG00000258386', 'lENSG00000258949', 'lENSG00000259123', 'lENSG00000259209', 'lENSG00000259222', 'lENSG00000259244', 'lENSG00000259255', 'lENSG00000259274', 'lENSG00000259407', 'lENSG00000260511', 'lENSG00000260983', 'lENSG00000261193', 'lENSG00000261445', 'lENSG00000261470', 'lENSG00000261775', 'lENSG00000265174', 'lENSG00000266893', 'lENSG00000267081', 'lENSG00000267581', 'lENSG00000269391', 'lENSG00000269460', 'lENSG00000272304', 'lENSG00000272369', 'lENSG00000273138', 'lENSG00000273403', 'lENSG00000273486', 'lENSG00000274902', 'lENSG00000278514', 'lENSG00000286164', 'lENSG00000226032', 'lENSG00000251613', 'lENSG00000263316', 'lENSG00000258631', 'lENSG00000260141', 'lENSG00000279472', 'lENSG00000271870', 'lENSG00000272934', 'lENSG00000265556', 'lENSG00000271840', 'lENSG00000253701', 'lENSG00000281408', 'lENSG00000268166', 'lDGUOK-AS1', 'lDSCR8', 'lMIR145', 'lMIR24-2', 'lMIR3179-2', 'lMIR3654', 'lACA64', 'lCDKN2B-AS', 'lC3orf65']","[1.0, 1.0, 0.0, 0.0, 1.0, 1.0, 0.0, 1.0, 0.0, 1.0, 0.0, 0.0, 1.0, 1.0, 1.0, 0.0, 0.0, 1.0, 1.0, 0.0, 0.0, 1.0, 1.0, 1.0, 1.0, 0.0, 1.0, 0.0, 1.0, 1.0, 1.0, 0.0, 0.0, 1.0, 0.0, 1.0, 0.0, 1.0, 1.0, 1.0, 0.0, 0.0, 0.0, 0.0, 0.0, 1.0, 1.0, 1.0, 1.0, 1.0, 0.0, 1.0, 0.0, 0.0, 1.0, 1.0, 1.0, 0.0, 1.0, 1.0, 1.0, 0.0, 0.0, 1.0, 1.0, 1.0, 1.0, 1.0, 0.0, 0.0, 0.0, 1.0, 0.0, 1.0, 1.0, 0.0, 0.0, 1.0, 1.0, 1.0, 0.0, 1.0, 1.0, 1.0, 0.0, 1.0, 1.0, 1.0, 0.0, 0.0, 1.0, 0.0, 1.0, 1.0, 1.0, 0.0, 1.0, 1.0, 0.0, 0.0, 1.0, 1.0, 0.0, 1.0, 0.0, 0.0, 1.0, 1.0, 1.0, 0.0, 1.0, 1.0, 1.0, 1.0, 1.0, 1.0, 0.0, 0.0, 1.0, 1.0, 0.0, 1.0, 0.0, 0.0, 0.0, 1.0, 0.0, 1.0, 0.0, 0.0, 1.0, 1.0, 0.0, 1.0, 1.0, 0.0, 1.0, 1.0, 0.0, 0.0, 0.0, 1.0, 1.0, 1.0, 1.0, 1.0, 0.0, 0.0, 1.0, 1.0, 1.0, 0.0, 0.0, 0.0, 0.0, 1.0, 1.0, 0.0, 1.0, 1.0, 0.0, 0.0, 0.0, 0.0, 1.0, 1.0, 0.0, 1.0, 1.0, 0.0, 1.0, 1.0, 1.0, 1.0, 0.0, 0.0, 1.0, 0.0, 0.0, 1.0, 1.0, 0.0, 0.0, 1.0, 0.0, 1.0, 1.0, 0.0, 1.0, 1.0, 0.0, 1.0, 1.0, 0.0, 0.0, 0.0, 0.0, 1.0, 1.0, 0.0, 1.0, 1.0, 1.0, 0.0, 0.0, 0.0, 0.0, 0.0, 1.0, 0.0, 1.0, 1.0, 0.0, 0.0, 0.0, 0.0, 0.0, 0.0, 1.0, 1.0, 1.0, 1.0, 0.0, 0.0, 1.0, 1.0, 1.0, 0.0, 1.0, 0.0, 1.0, 1.0, 1.0, 1.0, 1.0, 1.0, 1.0, 1.0, 0.0, 0.0, 1.0, 0.0, 1.0, 1.0, 0.0, 0.0, 0.0, 1.0, 0.0, 0.0, 1.0, 1.0, 1.0, 0.0, 0.0, 0.0, 1.0, 1.0, 1.0, 1.0, 1.0, 1.0, 1.0, 1.0, 0.0, 0.0, 0.0, 1.0, 0.0, 0.0, 1.0, 1.0, 0.0, 1.0, 0.0, 1.0, 0.0, 0.0, 1.0, 1.0, 1.0, 1.0, 0.0, 0.0, 1.0, 1.0, 1.0, 1.0, 0.0, 0.0, 0.0, 0.0, 0.0, 0.0, 0.0, 0.0, 0.0, 1.0, 1.0, 1.0, 1.0, 1.0, 0.0, 1.0, 1.0, 0.0, 1.0, 1.0, 0.0, 0.0, 1.0, 0.0, 0.0, 1.0, 1.0, 1.0, 0.0, 1.0, 1.0, 1.0, 1.0, 0.0, 1.0, 1.0, 0.0, 0.0, 1.0, 0.0, 1.0, 1.0, 0.0, 0.0, 0.0, 0.0, 1.0, 0.0, 1.0, 1.0, 1.0, 0.0, 1.0, 0.0, 1.0, 0.0, 0.0, 0.0, 1.0, 0.0, 1.0, 1.0, 1.0, 1.0, 0.0, 1.0, 0.0, 1.0, 0.0, 0.0, 0.0, 1.0, 1.0, 0.0, 1.0, 1.0, 0.0, 1.0, 1.0, 0.0, 0.0, 0.0, 1.0, 1.0, 0.0, 1.0, 0.0, 1.0, 0.0, 0.0, 0.0, 1.0, 0.0, 0.0, 0.0, 1.0, 1.0, 0.0, 1.0, 0.0, 0.0, 0.0, 0.0, 1.0, 0.0, 1.0, 0.0, 1.0, 0.0, 0.0, 0.0, 1.0, 1.0, 0.0, 0.0, 1.0, 0.0, 1.0, 1.0, 1.0, 1.0, 0.0, 0.0, 0.0, 0.0, 1.0, 1.0, 0.0, 0.0, 1.0, 0.0, 0.0, 0.0, 0.0, 1.0, 1.0, 0.0, 1.0, 0.0, 1.0, 1.0, 0.0, 0.0, 1.0, 1.0, 0.0, 1.0, 1.0, 1.0, 0.0, 0.0, 0.0, 0.0, 1.0, 1.0, 0.0, 1.0, 0.0, 1.0, 1.0, 1.0, 0.0, 1.0, 0.0, 1.0, 1.0, 1.0, 0.0, 1.0, 1.0, 1.0, 1.0, 0.0, 1.0, 0.0, 1.0, 0.0, 1.0, 0.0, 1.0, 1.0, 0.0, 1.0, 0.0, 1.0, 1.0, 0.0, 0.0, 0.0, 1.0, 0.0, 0.0, 0.0, 1.0, 0.0, 1.0, 0.0, 0.0, 1.0, 0.0, 1.0, 0.0, 0.0, 1.0, 1.0, 1.0, 0.0, 0.0, 1.0, 0.0, 1.0, 0.0, 0.0, 1.0, 0.0, 0.0, 0.0, 0.0, 1.0, 1.0, 1.0, 1.0, 0.0, 0.0, 1.0, 0.0, 0.0, 1.0, 1.0, 0.0, 0.0, 0.0, 0.0, 1.0, 0.0, 1.0, 1.0, 1.0, 0.0, 0.0, 1.0, 0.0, 0.0, 1.0, 0.0, 0.0, 1.0, 1.0, 0.0, 0.0, 0.0, 1.0, 1.0, 0.0, 0.0, 1.0, 1.0, 0.0, 1.0, 1.0, 0.0, 0.0, 1.0, 1.0, 0.0, 0.0, 0.0, 0.0, 1.0, 0.0, 0.0, 1.0, 0.0, 0.0, 0.0, 1.0, 0.0, 0.0, 1.0, 0.0, 1.0, 1.0, 0.0, 1.0, 0.0, 1.0, 0.0, 0.0, 1.0, 1.0, 1.0, 1.0, 0.0, 0.0, 0.0, 1.0, 0.0, 0.0, 0.0, 0.0, 1.0, 1.0, 1.0, 1.0, 1.0, 0.0, 1.0, 1.0, 0.0, 0.0, 1.0, 0.0, 0.0, 0.0, 0.0, 1.0, 1.0, 1.0, 1.0, 1.0, 0.0, 1.0, 0.0, 1.0, 1.0, 0.0, 1.0, 1.0, 1.0, 1.0, 1.0, 0.0, 1.0, 0.0, 0.0, 0.0, 1.0, 1.0, 1.0, 1.0, 0.0, 0.0, 1.0, 0.0, 1.0, 1.0, 0.0, 0.0, 1.0, 1.0, 0.0, 1.0, 1.0, 1.0, 0.0, 0.0, 1.0, 1.0, 0.0, 0.0, 0.0, 1.0, 0.0, 1.0, 0.0, 1.0, 0.0, 1.0, 1.0, 1.0, 1.0, 1.0, 1.0, 1.0, 1.0, 1.0, 1.0, 1.0, 1.0, 0.0, 0.0, 0.0, 0.0, 1.0, 0.0, 1.0, 1.0, 1.0, 1.0, 1.0, 0.0, 1.0, 1.0, 0.0, 1.0, 1.0, 0.0, 0.0, 1.0, 0.0, 0.0, 1.0, 0.0, 0.0, 1.0, 1.0, 0.0, 0.0, 0.0, 1.0, 0.0, 0.0, 0.0, 1.0, 1.0, 0.0, 0.0, 0.0, 0.0, 1.0, 1.0, 0.0, 0.0, 1.0, 0.0, 0.0, 1.0, 0.0, 0.0, 0.0, 1.0, 0.0, 0.0, 0.0, 1.0, 1.0, 0.0, 0.0, 1.0, 1.0, 1.0, 1.0, 0.0, 0.0, 0.0, 1.0, 0.0, 1.0, 1.0, 0.0, 0.0, 1.0, 0.0, 0.0, 1.0, 1.0, 0.0, 1.0, 1.0, 0.0, 1.0, 1.0, 0.0, 0.0, 0.0, 1.0, 0.0, 0.0, 0.0, 1.0, 0.0, 0.0, 1.0, 0.0, 1.0, 0.0, 0.0, 1.0, 1.0, 1.0, 0.0, 1.0, 1.0, 0.0, 1.0, 0.0, 0.0, 1.0, 1.0, 1.0, 1.0, 1.0, 1.0, 1.0, 0.0, 0.0, 0.0, 0.0, 0.0, 1.0, 0.0, 1.0, 0.0, 1.0, 0.0, 0.0, 1.0, 0.0, 1.0, 0.0, 0.0, 0.0, 0.0, 0.0, 1.0, 1.0, 1.0, 0.0, 0.0, 0.0, 1.0, 0.0, 0.0, 1.0, 1.0, 0.0, 1.0, 1.0, 0.0, 1.0, 1.0, 0.0, 0.0, 1.0, 1.0, 0.0, 0.0, 1.0, 1.0, 0.0, 0.0, 0.0, 1.0, 0.0, 0.0, 1.0, 1.0, 1.0, 1.0, 1.0, 1.0, 1.0, 1.0, 0.0, 1.0, 0.0, 0.0, 0.0, 0.0, 1.0, 1.0, 1.0, 0.0, 1.0, 1.0, 0.0, 1.0, 0.0, 0.0, 1.0, 1.0, 1.0, 0.0, 0.0, 1.0, 1.0, 0.0, 1.0, 0.0, 0.0, 0.0, 0.0, 1.0, 0.0, 0.0, 1.0, 1.0, 0.0, 1.0, 0.0, 0.0, 0.0, 1.0, 1.0, 1.0, 1.0, 1.0, 1.0, 0.0, 1.0, 1.0, 0.0, 0.0, 0.0, 1.0, 0.0, 0.0, 1.0, 0.0, 1.0, 0.0, 1.0, 0.0, 1.0, 1.0, 0.0, 0.0, 1.0, 0.0, 1.0, 1.0, 0.0, 0.0, 0.0, 1.0, 0.0, 1.0, 0.0, 0.0, 0.0, 1.0, 1.0, 0.0, 0.0, 1.0, 0.0, 1.0, 0.0, 0.0, 0.0, 1.0, 1.0, 1.0, 0.0, 1.0, 1.0, 0.0, 1.0, 1.0, 1.0, 0.0, 0.0, 0.0, 0.0, 1.0, 0.0, 1.0, 0.0, 0.0, 1.0, 0.0, 0.0, 0.0, 0.0, 0.0, 0.0, 0.0, 1.0, 1.0, 1.0, 1.0, 0.0, 1.0, 1.0, 0.0, 0.0, 0.0, 1.0, 1.0, 0.0, 0.0, 0.0, 1.0, 0.0, 1.0, 1.0, 0.0, 1.0, 0.0, 0.0, 0.0, 0.0, 1.0, 0.0, 1.0, 0.0, 0.0, 1.0, 0.0, 1.0, 0.0, 1.0, 0.0, 0.0, 1.0, 0.0, 1.0, 1.0, 0.0, 0.0, 0.0, 0.0, 1.0, 1.0, 1.0, 0.0, 1.0, 0.0, 1.0, 0.0, 0.0, 1.0, 0.0, 0.0, 1.0, 1.0, 1.0, 1.0, 1.0, 0.0, 1.0, 1.0, 0.0, 1.0, 0.0, 0.0, 1.0, 1.0, 0.0, 1.0, 1.0, 1.0, 0.0, 0.0, 0.0, 1.0, 1.0, 1.0, 0.0, 0.0, 0.0, 0.0, 1.0, 1.0, 0.0, 1.0, 1.0, 0.0, 0.0, 0.0, 1.0, 1.0, 0.0, 1.0, 0.0, 0.0, 1.0, 1.0, 1.0, 0.0, 0.0, 1.0, 1.0, 1.0, 1.0, 0.0, 1.0, 0.0, 0.0, 1.0, 1.0, 0.0, 1.0, 0.0, 0.0, 1.0, 0.0, 1.0, 1.0, 1.0, 0.0, 0.0, 0.0, 0.0, 1.0, 1.0, 1.0, 1.0, 0.0, 0.0, 1.0, 1.0, 0.0, 0.0, 0.0, 1.0, 1.0, 1.0, 1.0, 1.0, 0.0, 0.0, 0.0, 0.0, 0.0, 1.0, 1.0, 0.0, 0.0, 0.0, 0.0, 1.0, 0.0, 0.0, 1.0, 1.0, 0.0, 0.0, 1.0, 0.0, 1.0, 1.0, 1.0, 0.0, 1.0, 0.0, 0.0, 0.0, 1.0, 1.0, 1.0, 0.0, 0.0, 1.0, 0.0, 1.0, 1.0, 0.0, 0.0, 0.0, 1.0, 0.0, 1.0, 0.0, 1.0, 0.0, 0.0, 1.0, 0.0, 0.0, 1.0, 0.0, 0.0, 1.0, 1.0, 0.0, 1.0, 0.0, 0.0, 1.0, 1.0, 0.0, 0.0, 1.0, 0.0, 0.0, 1.0, 0.0, 1.0, 0.0, 0.0, 0.0, 1.0, 0.0, 0.0, 1.0, 1.0, 1.0, 0.0, 0.0, 0.0, 1.0, 1.0, 0.0, 1.0, 0.0, 1.0, 1.0, 0.0, 1.0, 0.0, 0.0, 1.0, 1.0, 1.0, 0.0, 1.0, 1.0, 1.0, 1.0, 0.0, 0.0, 0.0, 0.0, 0.0, 0.0, 0.0, 1.0, 0.0, 1.0, 1.0, 1.0, 1.0, 1.0, 0.0, 0.0, 0.0, 0.0, 1.0, 1.0, 1.0, 0.0, 0.0, 0.0, 1.0, 0.0, 0.0, 0.0, 0.0, 0.0, 0.0, 1.0, 1.0, 0.0, 1.0, 0.0, 1.0, 0.0, 1.0, 1.0, 1.0, 0.0, 1.0, 0.0, 0.0, 1.0, 1.0, 1.0, 0.0, 1.0, 0.0, 0.0, 1.0, 0.0, 1.0, 1.0, 0.0, 0.0, 0.0, 0.0, 0.0, 1.0, 1.0, 0.0, 1.0, 1.0, 0.0, 1.0, 1.0, 1.0, 0.0, 0.0, 0.0, 1.0, 0.0, 1.0, 0.0, 0.0, 0.0, 1.0, 1.0, 0.0, 1.0, 0.0, 0.0, 1.0, 0.0, 0.0, 1.0, 0.0, 1.0, 0.0, 0.0, 1.0, 0.0, 0.0, 0.0, 1.0, 0.0, 0.0, 0.0, 1.0, 1.0, 0.0, 1.0, 1.0, 1.0, 0.0, 0.0, 1.0, 1.0, 0.0, 0.0, 0.0, 0.0, 0.0, 0.0, 1.0, 0.0, 0.0, 0.0, 0.0, 1.0, 1.0, 1.0, 0.0, 0.0, 0.0, 0.0, 1.0, 0.0, 1.0, 0.0, 1.0, 0.0, 0.0, 0.0, 1.0, 1.0, 0.0, 0.0, 1.0, 0.0, 1.0, 0.0, 1.0, 1.0, 1.0, 1.0, 1.0, 0.0, 1.0, 0.0, 0.0, 1.0, 0.0, 0.0, 0.0, 1.0, 1.0, 1.0, 1.0, 0.0, 1.0, 1.0, 1.0, 1.0, 0.0, 1.0, 0.0, 0.0, 0.0, 1.0, 0.0, 1.0, 0.0, 0.0, 1.0, 0.0, 1.0, 0.0, 1.0, 0.0, 1.0, 0.0, 1.0, 1.0, 1.0, 0.0, 1.0, 0.0, 1.0, 1.0, 1.0, 1.0, 0.0, 1.0, 0.0, 0.0, 0.0, 1.0, 0.0, 0.0, 1.0, 0.0, 0.0, 0.0, 1.0, 1.0, 1.0, 0.0, 1.0, 1.0, 1.0, 1.0, 1.0, 0.0, 1.0, 0.0, 1.0, 0.0, 0.0, 0.0, 1.0, 0.0, 1.0, 1.0, 0.0, 0.0, 1.0, 1.0, 0.0, 0.0, 0.0, 0.0, 1.0, 1.0, 1.0, 0.0, 0.0, 0.0, 1.0, 0.0, 0.0, 1.0, 1.0, 1.0, 0.0, 0.0, 1.0, 0.0, 1.0, 1.0, 0.0, 1.0, 0.0, 1.0, 0.0, 1.0, 1.0, 1.0, 1.0, 1.0, 1.0, 0.0, 0.0, 0.0, 0.0, 0.0, 1.0, 1.0, 1.0, 0.0, 1.0, 1.0, 0.0, 0.0, 0.0, 1.0, 1.0, 0.0, 0.0, 1.0, 0.0, 0.0, 0.0, 0.0, 0.0, 1.0, 0.0, 0.0, 1.0, 1.0, 1.0, 0.0, 0.0, 1.0, 1.0, 0.0, 0.0, 0.0, 0.0, 1.0, 1.0, 0.0, 1.0, 1.0, 0.0, 1.0, 1.0, 1.0, 0.0, 0.0, 0.0, 1.0, 1.0, 0.0, 0.0, 1.0, 1.0, 1.0, 0.0, 1.0, 1.0, 0.0, 1.0, 0.0, 0.0, 1.0, 0.0, 1.0, 1.0, 1.0, 0.0, 0.0, 1.0, 1.0, 1.0, 1.0, 1.0, 1.0, 0.0, 0.0, 0.0, 1.0, 0.0, 0.0, 0.0, 1.0, 1.0, 0.0, 0.0, 0.0, 0.0, 1.0, 1.0, 0.0, 1.0, 1.0, 1.0, 0.0, 1.0, 1.0, 0.0, 0.0, 0.0, 0.0, 0.0, 1.0, 0.0, 1.0, 0.0, 0.0, 0.0, 0.0, 0.0, 0.0, 0.0, 1.0, 0.0, 0.0, 1.0, 0.0, 0.0, 1.0, 0.0, 1.0, 0.0, 0.0, 1.0, 0.0, 1.0, 1.0, 1.0, 1.0, 0.0, 0.0, 0.0, 0.0, 1.0, 1.0, 0.0, 0.0, 0.0, 0.0, 1.0, 1.0, 0.0, 1.0, 1.0, 0.0, 0.0, 1.0, 1.0, 1.0, 1.0, 1.0, 1.0, 0.0, 0.0, 0.0, 1.0, 1.0, 0.0, 0.0, 0.0, 1.0, 1.0, 1.0, 1.0, 0.0, 1.0, 1.0, 0.0, 1.0, 0.0, 0.0, 0.0, 1.0, 1.0, 0.0, 0.0, 1.0, 0.0, 1.0, 1.0, 0.0, 0.0, 0.0, 1.0, 1.0, 0.0, 0.0, 0.0, 0.0, 0.0, 0.0, 0.0, 0.0, 1.0, 0.0, 0.0, 0.0, 1.0, 0.0, 0.0, 1.0, 0.0, 1.0, 0.0, 0.0, 0.0, 1.0, 0.0, 1.0, 0.0, 0.0, 1.0, 1.0, 0.0, 0.0, 1.0, 1.0, 1.0, 1.0, 1.0, 0.0, 0.0, 1.0, 1.0, 0.0, 1.0, 0.0, 0.0, 1.0, 0.0, 1.0, 0.0, 1.0, 1.0, 0.0, 1.0, 0.0, 1.0, 1.0, 0.0, 0.0, 1.0, 1.0, 0.0, 1.0, 1.0, 0.0, 0.0, 0.0, 1.0, 1.0, 1.0, 1.0, 1.0, 0.0, 1.0, 0.0, 0.0, 0.0, 1.0, 1.0, 0.0, 1.0, 1.0, 0.0, 1.0, 1.0, 1.0, 0.0, 1.0, 0.0, 1.0, 1.0, 0.0, 0.0, 0.0, 0.0, 1.0, 1.0, 1.0, 0.0, 0.0, 1.0, 1.0, 0.0, 1.0, 0.0, 1.0, 0.0, 0.0, 1.0, 1.0, 1.0, 0.0, 1.0, 1.0, 1.0, 0.0, 1.0, 0.0, 0.0, 0.0, 0.0, 0.0, 0.0, 1.0, 1.0, 1.0, 1.0, 1.0, 0.0, 1.0, 1.0, 1.0, 1.0, 0.0, 1.0, 1.0, 0.0, 1.0, 1.0, 0.0, 0.0, 0.0, 0.0, 0.0, 1.0, 0.0, 0.0, 0.0, 1.0, 0.0, 0.0, 0.0, 1.0, 0.0, 0.0, 0.0, 1.0, 0.0, 1.0, 0.0, 1.0, 0.0, 0.0, 0.0, 1.0, 1.0, 0.0, 1.0, 0.0, 1.0, 0.0, 0.0, 1.0, 1.0, 1.0, 0.0, 0.0, 0.0, 1.0, 0.0, 1.0, 0.0, 1.0, 0.0, 1.0, 0.0, 1.0, 1.0, 1.0, 0.0, 1.0, 0.0, 0.0, 0.0, 0.0, 0.0, 0.0, 0.0, 0.0, 0.0, 1.0, 0.0, 0.0, 0.0, 0.0, 1.0, 1.0, 1.0, 0.0, 1.0, 1.0, 1.0, 0.0, 0.0, 1.0, 1.0, 1.0, 1.0, 1.0, 0.0, 1.0, 0.0, 1.0, 1.0, 1.0, 1.0, 1.0, 0.0, 0.0, 1.0, 1.0, 1.0, 1.0, 1.0, 1.0, 1.0, 0.0, 0.0, 0.0, 0.0, 0.0, 1.0, 0.0, 0.0, 0.0, 0.0, 1.0, 1.0, 0.0, 1.0, 1.0, 0.0, 1.0, 1.0, 1.0, 0.0, 0.0, 1.0, 1.0, 0.0, 1.0, 0.0, 1.0, 1.0, 1.0, 1.0, 0.0, 0.0, 0.0, 0.0, 0.0, 1.0, 1.0, 1.0, 1.0, 0.0, 1.0, 0.0, 1.0, 1.0, 1.0, 0.0, 1.0, 0.0, 1.0, 0.0, 1.0, 0.0, 0.0, 0.0, 0.0, 1.0, 0.0, 0.0, 0.0, 0.0, 1.0, 0.0, 1.0, 1.0, 0.0, 0.0, 0.0, 1.0, 1.0, 1.0, 1.0, 1.0, 1.0, 1.0, 1.0, 0.0, 1.0, 0.0, 1.0, 1.0, 0.0, 1.0, 1.0, 1.0, 0.0, 0.0, 0.0, 0.0, 1.0, 1.0, 0.0, 0.0, 0.0, 0.0, 0.0, 0.0, 1.0, 1.0, 0.0, 1.0, 1.0, 0.0, 0.0, 0.0, 1.0, 1.0, 1.0, 1.0, 1.0, 0.0, 1.0, 1.0, 0.0, 0.0, 1.0, 1.0, 0.0, 0.0, 0.0, 1.0, 0.0, 0.0, 0.0, 0.0, 0.0, 0.0, 0.0, 1.0, 0.0, 1.0, 1.0, 1.0, 0.0, 0.0, 0.0, 0.0, 1.0, 1.0, 1.0, 1.0, 0.0, 0.0, 1.0, 0.0, 0.0, 1.0, 0.0, 0.0, 1.0, 0.0, 1.0, 1.0, 1.0, 1.0, 1.0, 1.0, 1.0, 1.0, 0.0, 0.0, 0.0, 0.0, 1.0, 0.0, 1.0, 1.0, 1.0, 1.0, 1.0, 1.0, 0.0, 1.0, 0.0, 0.0, 1.0, 0.0, 1.0, 0.0, 1.0, 0.0, 1.0, 1.0, 0.0, 1.0, 1.0, 0.0, 1.0, 0.0, 1.0, 0.0, 1.0, 0.0, 0.0, 1.0, 1.0, 0.0, 1.0, 0.0, 1.0, 0.0, 0.0, 0.0, 1.0, 1.0, 1.0, 0.0, 1.0, 0.0, 1.0, 1.0, 1.0, 0.0, 1.0, 1.0, 0.0, 0.0, 0.0, 0.0, 1.0, 0.0, 1.0, 0.0, 1.0, 0.0, 0.0, 1.0, 0.0, 1.0, 1.0, 1.0, 0.0, 1.0, 1.0, 0.0, 1.0, 0.0, 0.0, 1.0, 1.0, 0.0, 0.0, 1.0, 0.0, 1.0, 0.0, 0.0, 1.0, 1.0, 0.0, 1.0, 0.0, 1.0, 1.0, 1.0, 0.0, 1.0, 1.0, 1.0, 0.0, 0.0, 0.0, 1.0, 0.0, 0.0, 1.0, 0.0, 0.0, 1.0, 1.0, 0.0, 1.0, 1.0, 1.0, 1.0, 0.0, 0.0, 0.0, 1.0, 1.0, 0.0, 0.0, 1.0, 1.0, 0.0, 0.0, 1.0, 0.0, 0.0, 1.0, 0.0, 1.0, 1.0, 1.0, 1.0, 1.0, 1.0, 0.0, 0.0, 1.0, 0.0, 1.0, 0.0, 0.0, 1.0, 1.0, 1.0, 0.0, 1.0, 1.0, 0.0, 0.0, 0.0, 0.0, 0.0, 1.0, 1.0, 1.0, 1.0, 0.0, 0.0, 1.0, 1.0, 1.0, 0.0, 1.0, 1.0, 1.0, 0.0, 0.0, 1.0, 1.0, 1.0, 0.0, 1.0, 1.0, 0.0, 0.0, 1.0, 1.0, 0.0, 0.0, 1.0, 0.0, 0.0, 0.0, 1.0, 1.0, 0.0, 0.0, 0.0, 1.0, 1.0, 0.0, 0.0, 1.0, 1.0, 0.0, 1.0, 0.0, 0.0, 1.0, 0.0, 0.0, 1.0, 1.0, 0.0, 1.0, 0.0, 1.0, 1.0, 1.0, 1.0, 0.0, 1.0, 0.0, 1.0, 0.0, 0.0, 1.0, 1.0, 0.0, 1.0, 0.0, 1.0, 0.0, 1.0, 0.0, 0.0, 1.0, 1.0, 1.0, 0.0, 0.0, 1.0, 0.0, 0.0, 1.0, 0.0, 0.0, 1.0, 0.0, 1.0, 0.0, 1.0, 0.0, 1.0, 0.0, 0.0, 1.0, 1.0, 0.0, 1.0, 0.0, 1.0, 1.0, 0.0, 1.0, 0.0, 1.0, 0.0, 0.0, 0.0, 0.0, 1.0, 0.0, 1.0, 0.0, 0.0, 0.0, 0.0, 1.0, 1.0, 1.0, 1.0, 1.0, 0.0, 1.0, 0.0, 0.0, 0.0, 0.0, 1.0, 1.0, 0.0, 0.0, 1.0, 0.0, 0.0, 1.0, 0.0, 1.0, 0.0, 0.0, 0.0, 1.0, 0.0, 0.0, 1.0, 0.0, 1.0, 0.0, 0.0, 1.0, 0.0, 0.0, 1.0, 1.0, 1.0, 1.0, 0.0, 0.0, 0.0, 1.0, 1.0, 0.0, 1.0, 0.0, 0.0, 0.0, 1.0, 0.0, 0.0, 1.0, 0.0, 1.0, 0.0, 1.0, 0.0, 0.0, 1.0, 0.0, 1.0, 0.0, 1.0, 1.0, 1.0, 0.0, 1.0, 1.0, 1.0, 1.0, 0.0, 1.0, 0.0, 1.0, 0.0, 0.0, 1.0, 0.0, 1.0, 1.0, 1.0, 0.0, 0.0, 0.0, 0.0, 0.0, 0.0, 0.0, 1.0, 1.0, 1.0, 0.0, 0.0, 1.0, 0.0, 1.0, 0.0, 0.0, 1.0, 1.0, 0.0, 0.0, 1.0, 0.0, 0.0, 0.0, 1.0, 1.0, 0.0, 1.0, 1.0, 1.0, 0.0, 1.0, 1.0, 1.0, 1.0, 0.0, 0.0, 1.0, 0.0, 0.0, 1.0, 0.0, 1.0, 1.0, 0.0, 0.0, 0.0, 0.0, 0.0, 1.0, 1.0, 1.0, 1.0, 0.0, 1.0, 0.0, 0.0, 1.0, 1.0, 0.0, 0.0, 1.0, 0.0, 1.0, 0.0, 0.0, 0.0, 1.0, 1.0, 0.0, 0.0, 1.0, 1.0, 1.0, 1.0, 0.0, 0.0, 1.0, 0.0, 0.0, 1.0, 1.0, 1.0, 1.0, 1.0, 1.0, 1.0, 0.0, 1.0, 0.0, 1.0, 0.0, 0.0, 0.0, 1.0, 0.0, 1.0, 0.0, 0.0, 1.0, 1.0, 0.0, 1.0, 0.0, 1.0, 0.0, 0.0, 0.0, 0.0, 1.0, 1.0, 0.0, 0.0, 1.0, 0.0, 1.0, 0.0, 1.0, 1.0, 1.0, 0.0, 0.0, 0.0, 0.0, 1.0, 1.0, 1.0, 0.0, 0.0, 0.0, 1.0, 0.0, 1.0, 0.0, 0.0, 1.0, 0.0, 0.0, 0.0, 0.0, 0.0, 1.0, 0.0, 0.0, 0.0, 1.0, 1.0, 0.0, 1.0, 1.0, 0.0, 1.0, 0.0, 1.0, 0.0, 0.0, 1.0, 1.0, 0.0, 0.0, 1.0, 1.0, 0.0, 0.0, 0.0, 0.0, 1.0, 0.0, 0.0, 0.0, 0.0, 0.0, 0.0, 0.0, 1.0, 1.0, 0.0, 0.0, 1.0, 1.0, 0.0, 0.0, 0.0, 0.0, 0.0, 1.0, 0.0, 1.0, 0.0, 1.0, 1.0, 0.0, 1.0, 1.0, 1.0, 1.0, 1.0, 0.0, 0.0, 0.0, 0.0, 1.0, 1.0, 0.0, 1.0, 0.0, 0.0, 0.0, 1.0, 0.0, 1.0, 0.0, 0.0, 1.0, 0.0, 0.0, 1.0, 1.0, 1.0, 1.0, 0.0, 0.0, 0.0, 1.0, 0.0, 1.0, 1.0, 1.0, 1.0, 1.0, 0.0, 1.0, 1.0, 0.0, 1.0, 1.0, 1.0, 0.0, 1.0, 1.0, 0.0, 1.0, 1.0, 1.0, 1.0, 1.0, 0.0, 0.0, 1.0, 1.0, 1.0, 1.0, 0.0, 0.0, 1.0, 1.0, 1.0, 0.0, 1.0, 0.0, 0.0, 0.0, 0.0, 1.0, 1.0, 1.0, 0.0, 1.0, 1.0, 1.0, 1.0, 1.0, 1.0, 0.0, 1.0, 1.0, 1.0, 0.0, 0.0, 0.0, 1.0, 1.0, 1.0, 1.0, 1.0, 0.0, 0.0, 0.0, 0.0, 1.0, 1.0, 1.0, 1.0, 1.0, 1.0, 1.0, 0.0, 1.0, 0.0, 0.0, 0.0, 1.0, 1.0, 1.0, 0.0, 0.0, 0.0, 1.0, 1.0, 0.0, 1.0, 0.0, 1.0, 1.0, 0.0, 0.0, 1.0, 0.0, 1.0, 1.0, 0.0, 0.0, 1.0, 0.0, 0.0, 0.0, 0.0, 0.0, 1.0, 1.0, 0.0, 0.0, 0.0, 0.0, 1.0, 0.0, 1.0, 0.0, 0.0, 0.0, 0.0, 0.0, 1.0, 1.0, 0.0, 1.0, 1.0, 0.0, 0.0, 0.0, 0.0, 1.0, 1.0, 1.0, 1.0, 1.0, 0.0, 1.0, 1.0, 0.0, 0.0, 0.0, 1.0, 0.0, 1.0, 1.0, 1.0, 0.0, 1.0, 1.0, 0.0, 1.0, 1.0, 1.0, 1.0, 0.0, 1.0, 0.0, 0.0, 0.0, 1.0, 1.0, 0.0, 0.0, 1.0, 1.0, 1.0, 0.0, 0.0, 0.0, 0.0, 1.0, 0.0, 0.0, 0.0, 1.0, 0.0, 0.0, 0.0, 1.0, 1.0, 1.0, 0.0, 1.0, 0.0, 1.0, 0.0, 1.0, 0.0, 1.0, 1.0, 0.0, 1.0, 1.0, 0.0, 0.0, 1.0, 0.0, 1.0, 1.0, 1.0, 0.0, 0.0, 0.0, 0.0, 0.0, 1.0, 1.0, 1.0, 0.0, 0.0, 1.0, 0.0, 1.0, 1.0, 1.0, 0.0, 0.0, 1.0, 0.0, 1.0, 0.0, 1.0, 1.0, 0.0, 1.0, 0.0, 1.0, 1.0, 0.0, 0.0, 0.0, 1.0, 0.0, 0.0, 0.0, 0.0, 0.0, 1.0, 1.0, 0.0, 0.0, 0.0, 1.0, 0.0, 1.0, 1.0, 0.0, 1.0, 0.0, 0.0, 1.0, 0.0, 1.0, 1.0, 0.0, 0.0, 1.0, 1.0, 0.0, 1.0, 1.0, 0.0, 1.0, 0.0, 0.0, 1.0, 0.0, 1.0, 0.0, 0.0, 0.0, 0.0, 1.0, 0.0, 1.0, 0.0, 1.0, 0.0, 0.0, 0.0, 1.0, 0.0, 0.0, 0.0, 0.0, 0.0, 0.0, 0.0, 1.0, 1.0, 0.0]","['lNONHSAG000130', 'lNONHSAG000374', 'lNONHSAG000579', 'lNONHSAG000625', 'lNONHSAG001284', 'lNONHSAG001360', 'lNONHSAG001448', 'lNONHSAG001941', 'lNONHSAG002086', 'lNONHSAG003134', 'lNONHSAG003884', 'lNONHSAG003886', 'lNONHSAG005339', 'lNONHSAG005403', 'lNONHSAG005699', 'lNONHSAG005866', 'lNONHSAG006071', 'lNONHSAG006474', 'lNONHSAG006865', 'lNONHSAG006945', 'lNONHSAG007868', 'lNONHSAG008199', 'lNONHSAG008675', 'lNONHSAG009747', 'lNONHSAG009989', 'lNONHSAG010194', 'lNONHSAG010798', 'lNONHSAG011446', 'lNONHSAG011633', 'lNONHSAG012476', 'lNONHSAG013431', 'lNONHSAG014730', 'lNONHSAG016068', 'lNONHSAG016741', 'lNONHSAG017890', 'lNONHSAG017899', 'lNONHSAG018058', 'lNONHSAG018415', 'lNONHSAG018530', 'lNONHSAG020153', 'lNONHSAG020339', 'lNONHSAG020600', 'lNONHSAG020731', 'lNONHSAG020771', 'lNONHSAG021307', 'lNONHSAG021315', 'lNONHSAG021347', 'lNONHSAG021471', 'lNONHSAG021878', 'lNONHSAG022078', 'lNONHSAG022110', 'lNONHSAG022378', 'lNONHSAG022750', 'lNONHSAG022888', 'lNONHSAG023003', 'lNONHSAG023614', 'lNONHSAG023930', 'lNONHSAG024340', 'lNONHSAG024395', 'lNONHSAG024681', 'lNONHSAG024809', 'lNONHSAG024903', 'lNONHSAG025319', 'lNONHSAG025609', 'lNONHSAG025743', 'lNONHSAG026274', 'lNONHSAG026661', 'lNONHSAG026737', 'lNONHSAG027421', 'lNONHSAG027675', 'lNONHSAG028093', 'lNONHSAG028159', 'lNONHSAG028996', 'lNONHSAG029267', 'lNONHSAG029873', 'lNONHSAG029964', 'lNONHSAG030074', 'lNONHSAG031035', 'lNONHSAG031581', 'lNONHSAG032302', 'lNONHSAG033328', 'lNONHSAG033342', 'lNONHSAG033368', 'lNONHSAG033390', 'lNONHSAG033471', 'lNONHSAG033611', 'lNONHSAG034006', 'lNONHSAG034014', 'lNONHSAG034032', 'lNONHSAG035382', 'lNONHSAG035806', 'lNONHSAG036120', 'lNONHSAG036667', 'lNONHSAG036718', 'lNONHSAG036783', 'lNONHSAG038024', 'lNONHSAG038530', 'lNONHSAG038676', 'lNONHSAG040188', 'lNONHSAG040226', 'lNONHSAG040320', 'lNONHSAG040408', 'lNONHSAG040870', 'lNONHSAG041002', 'lNONHSAG041241', 'lNONHSAG041758', 'lNONHSAG041844', 'lNONHSAG041981', 'lNONHSAG042370', 'lNONHSAG042500', 'lNONHSAG042836', 'lNONHSAG044751', 'lNONHSAG046953', 'lNONHSAG047191', 'lNONHSAG047319', 'lNONHSAG047433', 'lNONHSAG047471', 'lNONHSAG047792', 'lNONHSAG047842', 'lNONHSAG048228', 'lNONHSAG049119', 'lNONHSAG049191', 'lNONHSAG049356', 'lNONHSAG049655', 'lNONHSAG050445', 'lNONHSAG050493', 'lNONHSAG050518', 'lNONHSAG050985', 'lNONHSAG051015', 'lNONHSAG051255', 'lNONHSAG051259', 'lNONHSAG051263', 'lNONHSAG051523', 'lNONHSAG051542', 'lNONHSAG052709', 'lNONHSAG052931', 'lNONHSAG053108', 'lNONHSAG053456', 'lNONHSAG053502', 'lNONHSAG053547', 'lNONHSAG053626', 'lNONHSAG053631', 'lNONHSAG053651', 'lNONHSAG054038', 'lNONHSAG054832', 'lNONHSAG073025', 'lNONHSAG082891', 'lNONHSAG089857', 'lNONHSAG099742', 'lNONHSAG101229', 'lENSG00000175061', 'lENSG00000227082', 'lENSG00000228526', 'lENSG00000233590', 'lENSG00000235535', 'lENSG00000250635', 'lENSG00000264672', 'lENSG00000284070', 'lBANCR', 'lHOTAIRM1', 'lJPX', 'lMCM3AP-AS1', 'lRMST', 'lSNHG16', 'lZFAS1', 'lCTD-2165H16.4', 'lKB-7G2.8', 'lRP11-550C4.6', 'lNONHSAG001008', 'lNONHSAG001147', 'lNONHSAG001419', 'lNONHSAG003881', 'lNONHSAG005725', 'lNONHSAG005821', 'lNONHSAG005847', 'lNONHSAG005851', 'lNONHSAG005855', 'lNONHSAG005859', 'lNONHSAG005862', 'lNONHSAG005935', 'lNONHSAG006160', 'lNONHSAG006240', 'lNONHSAG006748', 'lNONHSAG006915', 'lNONHSAG007023', 'lNONHSAG007029', 'lNONHSAG007063', 'lNONHSAG007224', 'lNONHSAG007458', 'lNONHSAG007544', 'lNONHSAG007587', 'lNONHSAG007621', 'lNONHSAG007932', 'lENSG00000203434', 'lENSG00000222032', 'lENSG00000224595', 'lENSG00000224655', 'lENSG00000225146', 'lENSG00000225334', 'lENSG00000226442', 'lENSG00000227459', 'lENSG00000227958', 'lENSG00000228231', 'lENSG00000228939', 'lENSG00000229345', 'lENSG00000231539', 'lENSG00000231760', 'lENSG00000231914', 'lENSG00000231953', 'lENSG00000232120', 'lENSG00000232252', 'lENSG00000233079', 'lENSG00000234318', 'lENSG00000234567', 'lENSG00000235011', 'lENSG00000236854', 'lENSG00000237200', 'lENSG00000237312', 'lENSG00000237520', 'lENSG00000237756', 'lENSG00000239593', 'lENSG00000244278', 'lENSG00000248172', 'lENSG00000249334', 'lENSG00000249451', 'lENSG00000250092', 'lENSG00000250541', 'lENSG00000250993', 'lENSG00000251283', 'lENSG00000253147', 'lENSG00000253643', 'lENSG00000253660', 'lENSG00000253851', 'lENSG00000254428', 'lENSG00000254574', 'lENSG00000254829', 'lENSG00000254842', 'lENSG00000254983', 'lENSG00000255462', 'lENSG00000255506', 'lENSG00000255572', 'lENSG00000255580', 'lENSG00000256226', 'lENSG00000256292', 'lENSG00000257022', 'lENSG00000257137', 'lENSG00000257235', 'lENSG00000257261', 'lENSG00000257527', 'lENSG00000257587', 'lENSG00000257750', 'lENSG00000257787', 'lENSG00000258234', 'lENSG00000258323', 'lENSG00000258390', 'lENSG00000259385', 'lENSG00000259432', 'lENSG00000259967', 'lENSG00000260720', 'lENSG00000261065', 'lENSG00000261066', 'lENSG00000261266', 'lENSG00000263080', 'lENSG00000263257', 'lENSG00000263335', 'lENSG00000263709', 'lENSG00000264016', 'lENSG00000264558', 'lENSG00000264595', 'lENSG00000265125', 'lENSG00000265265', 'lENSG00000265643', 'lENSG00000265739', 'lENSG00000266535', 'lENSG00000266538', 'lENSG00000266696', 'lENSG00000266985', 'lENSG00000266993', 'lENSG00000267364', 'lENSG00000267593', 'lENSG00000268015', 'lENSG00000272149', 'lENSG00000272642', 'lENSG00000273271', 'lENSG00000274561', 'lENSG00000275345', 'lENSG00000276527', 'lENSG00000278630', 'lENSG00000279501', 'lENSG00000284418', 'lENSG00000285524', 'lENSG00000285619', 'lENSG00000285709', 'lENSG00000286188', 'lENSG00000286197', 'lENSG00000286206', 'lENSG00000286244', 'lENSG00000286303', 'lENSG00000286338', 'lENSG00000286578', 'lENSG00000286690', 'lENSG00000286751', 'lENSG00000286781', 'lENSG00000286963', 'lENSG00000287108', 'lENSG00000287335', 'lENSG00000287367', 'lENSG00000287423', 'lENSG00000231616', 'lENSG00000235795', 'lENSG00000250670', 'lENSG00000250686', 'lENSG00000253766', 'lENSG00000255279', 'lENSG00000257603', 'lENSG00000259306', 'lENSG00000264660', 'lENSG00000267521', 'lENSG00000275232', 'lENSG00000279672', 'lENSG00000282887', 'lENSG00000235736', 'lALG13-AS1']","[1.0, 1.0, 0.0, 1.0, 0.0, 0.0, 1.0, 0.0, 0.0, 1.0, 0.0, 1.0, 1.0, 0.0, 0.0, 1.0, 1.0, 0.0, 0.0, 1.0, 1.0, 0.0, 0.0, 1.0, 0.0, 0.0, 1.0, 0.0, 0.0, 0.0, 1.0, 1.0, 0.0, 1.0, 0.0, 0.0, 1.0, 0.0, 0.0, 1.0, 0.0, 0.0, 0.0, 1.0, 1.0, 1.0, 0.0, 1.0, 1.0, 1.0, 1.0, 0.0, 0.0, 1.0, 0.0, 1.0, 1.0, 0.0, 1.0, 1.0, 0.0, 0.0, 1.0, 0.0, 0.0, 0.0, 0.0, 1.0, 1.0, 1.0, 1.0, 0.0, 0.0, 0.0, 0.0, 1.0, 0.0, 1.0, 1.0, 0.0, 1.0, 0.0, 1.0, 0.0, 1.0, 1.0, 1.0, 0.0, 1.0, 0.0, 1.0, 1.0, 1.0, 1.0, 0.0, 0.0, 0.0, 0.0, 0.0, 0.0, 0.0, 0.0, 0.0, 0.0, 1.0, 0.0, 0.0, 0.0, 0.0, 1.0, 0.0, 0.0, 1.0, 0.0, 1.0, 0.0, 0.0, 1.0, 0.0, 0.0, 1.0, 1.0, 0.0, 0.0, 1.0, 0.0, 1.0, 0.0, 1.0, 0.0, 0.0, 1.0, 1.0, 0.0, 1.0, 1.0, 1.0, 0.0, 0.0, 1.0, 1.0, 1.0, 0.0, 1.0, 1.0, 0.0, 1.0, 1.0, 1.0, 0.0, 1.0, 0.0, 0.0, 1.0, 1.0, 0.0, 1.0, 0.0, 0.0, 1.0, 0.0, 0.0, 1.0, 1.0, 1.0, 0.0, 1.0, 0.0, 1.0, 1.0, 1.0, 1.0, 1.0, 1.0, 0.0, 1.0, 1.0, 1.0, 1.0, 1.0, 1.0, 0.0, 1.0, 0.0, 0.0, 1.0, 1.0, 1.0, 0.0, 0.0, 0.0, 1.0, 0.0, 0.0, 1.0, 1.0, 1.0, 0.0, 0.0, 1.0, 1.0, 0.0, 1.0, 0.0, 1.0, 0.0, 1.0, 1.0, 0.0, 1.0, 0.0, 0.0, 1.0, 1.0, 1.0, 1.0, 1.0, 1.0, 0.0, 0.0, 0.0, 0.0, 1.0, 0.0, 0.0, 0.0, 0.0, 1.0, 0.0, 1.0, 0.0, 0.0, 0.0, 0.0, 1.0, 1.0, 0.0, 0.0, 0.0, 1.0, 1.0, 1.0, 1.0, 1.0, 1.0, 1.0, 0.0, 1.0, 0.0, 1.0, 0.0, 0.0, 0.0, 1.0, 0.0, 1.0, 1.0, 1.0, 1.0, 1.0, 0.0, 1.0, 1.0, 1.0, 1.0, 1.0, 1.0, 1.0, 0.0, 0.0, 0.0, 1.0, 1.0, 1.0, 1.0, 1.0, 1.0, 0.0, 1.0, 0.0, 0.0, 1.0, 0.0, 1.0, 1.0, 0.0, 1.0, 1.0, 1.0, 0.0, 0.0, 1.0, 0.0, 1.0, 0.0, 1.0, 0.0, 1.0, 0.0, 0.0, 0.0, 1.0, 0.0, 1.0, 0.0, 1.0, 0.0, 1.0, 0.0, 0.0, 0.0, 1.0, 1.0, 0.0, 0.0, 1.0, 0.0, 1.0, 0.0, 0.0, 1.0, 1.0, 1.0]","[1, 0, 1, 0, 0, 1, 1, 1, 1, 1, 1, 1, 1, 1, 0, 0, 1, 0, 1, 1, 1, 0, 1, 0, 1, 1, 0, 1, 1, 0, 1, 1, 1, 0, 1, 1, 0, 0, 0, 1, 0, 0, 0, 1, 1, 1, 1, 0, 0, 1, 1, 0, 0, 0, 0, 1, 0, 0, 1, 0, 0, 1, 0, 0, 0, 1, 0, 0, 1, 1, 0, 1, 1, 1, 1, 1, 0, 0, 0, 0, 1, 1, 0, 0, 0, 1, 1, 0, 1, 1, 1, 1, 1, 1, 0, 1, 0, 1, 1, 0, 1, 1, 1, 1, 1, 0, 1, 0, 0, 0, 0, 0, 0, 1, 1, 1, 0, 1, 0, 1, 1, 0, 0, 0, 1, 0, 0, 0, 1, 0, 1, 0, 1, 0, 1, 0, 0, 0, 0, 0, 0, 0, 1, 0, 1, 0, 0, 1, 1, 1, 1, 0, 0, 0, 0, 0, 0, 0, 0, 1, 1, 1, 1, 0, 0, 0, 1, 0, 0, 1, 1, 1, 0, 1, 1, 1, 1, 0, 1, 0, 1, 1, 1, 1, 0, 0, 1, 0, 0, 1, 1, 1, 1, 1, 0, 1, 0, 0, 1, 1, 1, 0, 0, 0, 1, 0, 0, 0, 1, 0, 0, 1, 0, 0, 1, 0, 0, 1, 0, 1, 0, 1, 1, 0, 0, 1, 0, 1, 1, 1, 0, 0, 0, 1, 1, 0, 1, 1, 0, 1, 0, 0, 0, 0, 0, 0, 1, 1, 0, 0, 1, 0, 1, 0, 0, 1, 0, 1, 0, 1, 0, 1, 1, 0, 1, 0, 1, 1, 0, 0, 1, 0, 0, 0, 1, 1, 0, 0, 1, 0, 1, 0, 0, 1, 0, 0, 0, 1, 0, 1, 0, 1, 0, 0, 1, 0, 0, 0, 0, 0, 0, 0, 0, 0, 0, 0, 0, 0, 0, 1, 0, 1, 0, 0, 1, 0, 0, 0, 0, 1, 0, 0, 1]","[0.007660416673960141, -0.013241173128506561, 0.267488272815413, -0.16950552830467255, -0.05710240142032727, 0.011226792728383034, 0.048615986723816645, 0.021795654320871632, 0.10858051332010313, 0.032783512386303754, 0.1704109992613935, 0.0675182395918478, 0.04305739479186013, 0.01870466860677436, -0.05807328775636442, -0.11782794999423149, 0.11205389333822904, -0.222418297657594, 0.09861276085980367, 0.02278307639641844, 0.04317181735481937, -0.1046270752280157, 1.1589338671182055, -0.08526596969478958, 0.2825629608343728, 0.2742664159931584, -0.060496597112582234, 0.15612704936466262, 0.14383586760565184, -0.016092870092726835, 0.07207878144987437, 0.16589074347355962, 0.04812023375385657, -0.002221602517240656, 0.14416563773387284, 0.10229849883840272, -0.08423594319666491, -0.10995571240352717, -0.053185462097567, 0.13985517716845344, -0.2052564403518576, -0.16926231765773733, -0.29373106474204713, 0.03125267894695974, 0.09639283084013109, 0.3155538137378703, 0.16761595823885536, -0.12358858640059464, -0.6380392124436552, 0.23641215953516284, 0.014581373004301318, -0.124364316547077, -0.056809667284036, -0.20802513051479163, -0.19049656810697088, 0.1413157115254701, -0.17035491835386737, -0.11432759736275919, 0.17639948167433098, -0.10186906015021666, -0.3072969017624857, 0.009958025983841351, -0.14885693659366392, -0.1025246167282999, -0.03479665641289084, 0.28831389813511377, -0.016618376044243627, -0.08612847976035151, 0.23205606742826426, 0.005455602735997461, -0.06451143308684024, 0.018755065767856044, 0.09137073423255018, 0.03282782455365699, 0.05136937559712021, 0.07357411897378655, -0.2081674736006872, -0.025001092571972444, -0.012417435781821057, -0.35537656414009533, 0.2906016735951823, 0.13627290162042352, -0.018195139549760236, -0.15002710757977952, -0.20647851222038102, 0.26786768194946287, 0.03634887389856392, -0.20786240121428942, 0.06852437741585629, 0.2990522720777816, 0.14884696182232507, 0.08279643646355464, 0.10806210915827866, 0.22754750956772032, -0.5490365962123024, 0.008672348288467552, -0.06723212079624083, 0.024359407482216794, 0.07087915853757867, -0.0958226882416092, 0.013674406494812358, 0.03302040026639555, 0.12193982868283496, 0.06795591429884365, 0.132680502490944, -0.5935075485996212, 0.05201295986261059, -0.19085600286855806, -0.03344385812274861, -0.08756025690628907, -0.04442448959413134, -0.02434388443175592, -0.04046062183659113, 0.07738947478956418, 0.3559326772523471, 0.02031048907730329, -0.012688543570253147, 0.28130886595093896, -0.06331517639927683, 0.13931040741784698, 0.01224368951478319, -0.061451201189147125, -1.3802488389003114, -0.04780114586868009, 0.058172476401055745, -0.2884596181399669, -0.11423839942406708, -0.027771535970847333, 0.22222591210428214, -0.11983009714684431, 0.060093218258326614, -0.19790000541645422, 0.19648262812503373, -0.15702314033899442, 0.09455934008139746, -0.3046148645688721, -0.054978088026600064, -0.010244997864597843, -0.6535771577180217, -0.07885207861744456, -0.128014587178742, -0.027566781614175, 0.11681823988660947, -0.16895891174580333, 0.13989928481199812, -0.027134567785142755, -0.11365514904910831, 0.034165489302667856, 0.19331888201877537, 0.47010926272662734, 0.0868706310925699, -0.10483842882191716, -0.1175751104769148, -0.14946486532395617, -0.04283033221978369, -0.011116500100623122, -0.053217436356987585, -0.205610576732259, -2.394727377211956, 0.05108555919247984, 0.0758388729340215, 0.14791882404417925, 0.003119933756694865, -0.07043092579568597, -0.03829494139888298, -0.16706811777524208, 0.11133276917222315, -0.1317738050532596, -0.03537071671645861, 0.04404818264267121, 0.1665609193869008, 0.07202951848694675, -0.03289142809346454, 0.1501913760643058, 0.013524722966605479, 0.04399983604976079, 0.07469159706313314, -0.10650334929517821, 0.06416935652037328, -0.2609724407904196, 0.008539991293022103, 0.13000751280331216, 0.21833963105123058, 0.11896528918097751, -0.01871954079541424, -0.17918550436964206, 0.29143444964121545, -0.0038831733468361607, -0.016621289130293343, 0.032735922011451285, 0.02645970531697764, 0.015808171377130448, 0.0719354887357774, 0.08761579841054914, -0.08125824542750201, 0.005420134813679672, -0.17662627555091479, -0.13598852121120739, 0.14755598024008823, 0.24474937283432432, 0.08622017179624822, -0.07901856783651748, -0.014333926088775678, -0.18828526274956178, 0.2029121224636631, -0.11451907970838845, -0.016433965144483226, -0.20261446977644368, 0.07010291148427453, -0.10278953949993283, -0.053297118912027125, 0.3073013710732674, -0.02498572900840798, -0.3538384575651051, 0.058940963501936144, -0.2400856340111309, -0.06121124767923067, 0.20536164979895447, -0.13058697122248616, 0.21247778319765356, -0.1978408180200085, 0.129573484420502, 0.07674522020152566, -0.22989981287903447, -0.16356761773147052, 0.036932430729299, -0.39148612121348647, 0.40385453720140096, 0.03649745116587014, 0.057733931746962425, -0.2775364981051959, -0.05264101588534684, -0.32902934662785166, 0.09182814469592984, 0.018825241229456863, -0.2791065939704881, 0.09169081186168784, 0.11589302838261109, -0.20831181326059553, 0.031570659721815636, -0.06166240582304869, -0.16611057656341596, -0.16501462644935358, -0.1038553337601594, -0.08407491189426927, -0.026390621451994528, 0.005409893282636885, 0.201603881190389, -0.16111694763323933, -0.07240738712027381, 0.4465408229546547, -0.30838561506162654, 0.006987911669396857, -0.07216636772121063, -0.1718874130316471, 0.33828228790574, -0.13979220427814595, 0.1379838172489011, -0.058333546995570446, 0.6869345087512321, -0.1562550870731277, 0.11490602737172165, 0.10346719750681857, -0.0918464494112424, 0.2599656663337363, -0.05636477006552862, 0.00887048366255741, 0.15682680305542754, -0.0032749102748939884, -0.21834608840728284, 0.11918150063727265, -0.003308609757240427, -0.027871182769554886, -0.011859299030223619, 0.2386346533980607, 0.04144272815240094, -0.7010572217870866, -0.16774804236258553, 0.06953446872547522, -0.22119180691551818, 0.07583462184408366, -0.12840763533309127, -0.02005669514129646, 0.07739164433113235, -0.43910710033136413, -0.12731623294325586, -0.323206776875805, 0.28089618191284094, -0.22930725216838663, 0.09933650866428981, -0.12798717710614502, 0.06336265416532375, -0.18101465995261598, -0.3953597394705263, 0.14230350010877083, -0.15525842656496333, -0.16197611744994997, -0.10397414860484008, -0.24459250160931498, -0.1821198405460894, -0.13358743215982258, -0.21328813234273544, -0.15787184442925603, -0.09360237990376916, -0.10393640984595684, -0.027609726886968916, -0.18241930697846173, -0.020851594138045465, -0.022613358188251803, 0.4830568269064214, -0.037254565867512385, 0.058572478529349686, -0.07876086785752764, -0.06209429227029792, 0.1708522100903304, -0.18621757050632368, -0.2967492799935233, -0.11675970329676363, -0.10266770549213752, 0.046965505519465905, -0.3641213391927117, -0.17569911141123792, 0.07093724595600906]"
10,"['lNONHSAG000008', 'lNONHSAG000059', 'lNONHSAG000069', 'lNONHSAG000130', 'lNONHSAG000158', 'lNONHSAG000195', 'lNONHSAG000241', 'lNONHSAG000253', 'lNONHSAG000310', 'lNONHSAG000311', 'lNONHSAG000374', 'lNONHSAG000381', 'lNONHSAG000464', 'lNONHSAG000484', 'lNONHSAG000498', 'lNONHSAG000579', 'lNONHSAG000584', 'lNONHSAG000603', 'lNONHSAG000625', 'lNONHSAG000742', 'lNONHSAG000840', 'lNONHSAG000843', 'lNONHSAG000863', 'lNONHSAG000884', 'lNONHSAG000918', 'lNONHSAG000938', 'lNONHSAG000967', 'lNONHSAG001142', 'lNONHSAG001172', 'lNONHSAG001238', 'lNONHSAG001247', 'lNONHSAG001259', 'lNONHSAG001284', 'lNONHSAG001360', 'lNONHSAG001375', 'lNONHSAG001448', 'lNONHSAG001468', 'lNONHSAG001499', 'lNONHSAG001513', 'lNONHSAG001696', 'lNONHSAG001724', 'lNONHSAG001773', 'lNONHSAG001837', 'lNONHSAG001941', 'lNONHSAG001993', 'lNONHSAG002056', 'lNONHSAG002058', 'lNONHSAG002086', 'lNONHSAG002134', 'lNONHSAG002135', 'lNONHSAG002343', 'lNONHSAG002359', 'lNONHSAG002376', 'lNONHSAG002378', 'lNONHSAG002454', 'lNONHSAG002490', 'lNONHSAG002549', 'lNONHSAG002617', 'lNONHSAG002669', 'lNONHSAG002701', 'lNONHSAG002719', 'lNONHSAG002752', 'lNONHSAG002859', 'lNONHSAG002883', 'lNONHSAG002978', 'lNONHSAG003053', 'lNONHSAG003056', 'lNONHSAG003068', 'lNONHSAG003074', 'lNONHSAG003077', 'lNONHSAG003119', 'lNONHSAG003134', 'lNONHSAG003156', 'lNONHSAG003198', 'lNONHSAG003244', 'lNONHSAG003260', 'lNONHSAG003269', 'lNONHSAG003303', 'lNONHSAG003374', 'lNONHSAG003504', 'lNONHSAG003505', 'lNONHSAG003512', 'lNONHSAG003645', 'lNONHSAG003820', 'lNONHSAG003874', 'lNONHSAG003884', 'lNONHSAG003886', 'lNONHSAG003900', 'lNONHSAG003911', 'lNONHSAG003912', 'lNONHSAG003938', 'lNONHSAG003976', 'lNONHSAG004013', 'lNONHSAG004054', 'lNONHSAG004095', 'lNONHSAG004247', 'lNONHSAG004303', 'lNONHSAG004373', 'lNONHSAG004619', 'lNONHSAG004673', 'lNONHSAG004674', 'lNONHSAG004714', 'lNONHSAG004743', 'lNONHSAG004779', 'lNONHSAG004868', 'lNONHSAG005084', 'lNONHSAG005153', 'lNONHSAG005339', 'lNONHSAG005377', 'lNONHSAG005403', 'lNONHSAG005482', 'lNONHSAG005669', 'lNONHSAG005699', 'lNONHSAG005711', 'lNONHSAG005721', 'lNONHSAG005732', 'lNONHSAG005742', 'lNONHSAG005780', 'lNONHSAG005838', 'lNONHSAG005866', 'lNONHSAG005920', 'lNONHSAG006007', 'lNONHSAG006050', 'lNONHSAG006054', 'lNONHSAG006071', 'lNONHSAG006163', 'lNONHSAG006204', 'lNONHSAG006212', 'lNONHSAG006238', 'lNONHSAG006301', 'lNONHSAG006341', 'lNONHSAG006362', 'lNONHSAG006454', 'lNONHSAG006457', 'lNONHSAG006474', 'lNONHSAG006477', 'lNONHSAG006526', 'lNONHSAG006678', 'lNONHSAG006692', 'lNONHSAG006735', 'lNONHSAG006756', 'lNONHSAG006763', 'lNONHSAG006772', 'lNONHSAG006865', 'lNONHSAG006945', 'lNONHSAG006966', 'lNONHSAG007109', 'lNONHSAG007295', 'lNONHSAG007324', 'lNONHSAG007384', 'lNONHSAG007434', 'lNONHSAG007455', 'lNONHSAG007463', 'lNONHSAG007487', 'lNONHSAG007538', 'lNONHSAG007602', 'lNONHSAG007631', 'lNONHSAG007692', 'lNONHSAG007708', 'lNONHSAG007715', 'lNONHSAG007868', 'lNONHSAG007961', 'lNONHSAG007983', 'lNONHSAG007984', 'lNONHSAG008015', 'lNONHSAG008037', 'lNONHSAG008056', 'lNONHSAG008167', 'lNONHSAG008199', 'lNONHSAG008220', 'lNONHSAG008354', 'lNONHSAG008517', 'lNONHSAG008540', 'lNONHSAG008552', 'lNONHSAG008615', 'lNONHSAG008654', 'lNONHSAG008675', 'lNONHSAG008693', 'lNONHSAG008726', 'lNONHSAG008728', 'lNONHSAG008759', 'lNONHSAG008859', 'lNONHSAG008937', 'lNONHSAG008966', 'lNONHSAG009021', 'lNONHSAG009124', 'lNONHSAG009130', 'lNONHSAG009133', 'lNONHSAG009174', 'lNONHSAG009180', 'lNONHSAG009193', 'lNONHSAG009228', 'lNONHSAG009544', 'lNONHSAG009546', 'lNONHSAG009613', 'lNONHSAG009636', 'lNONHSAG009728', 'lNONHSAG009747', 'lNONHSAG009755', 'lNONHSAG009757', 'lNONHSAG009782', 'lNONHSAG009913', 'lNONHSAG009938', 'lNONHSAG009945', 'lNONHSAG009950', 'lNONHSAG009968', 'lNONHSAG009989', 'lNONHSAG010021', 'lNONHSAG010117', 'lNONHSAG010179', 'lNONHSAG010184', 'lNONHSAG010186', 'lNONHSAG010189', 'lNONHSAG010190', 'lNONHSAG010193', 'lNONHSAG010194', 'lNONHSAG010200', 'lNONHSAG010348', 'lNONHSAG010352', 'lNONHSAG010405', 'lNONHSAG010416', 'lNONHSAG010543', 'lNONHSAG010658', 'lNONHSAG010716', 'lNONHSAG010792', 'lNONHSAG010798', 'lNONHSAG010940', 'lNONHSAG010986', 'lNONHSAG010989', 'lNONHSAG011028', 'lNONHSAG011057', 'lNONHSAG011070', 'lNONHSAG011084', 'lNONHSAG011090', 'lNONHSAG011121', 'lNONHSAG011125', 'lNONHSAG011211', 'lNONHSAG011230', 'lNONHSAG011264', 'lNONHSAG011337', 'lNONHSAG011343', 'lNONHSAG011439', 'lNONHSAG011446', 'lNONHSAG011518', 'lNONHSAG011524', 'lNONHSAG011576', 'lNONHSAG011633', 'lNONHSAG011658', 'lNONHSAG011790', 'lNONHSAG011854', 'lNONHSAG011870', 'lNONHSAG011935', 'lNONHSAG012025', 'lNONHSAG012076', 'lNONHSAG012077', 'lNONHSAG012099', 'lNONHSAG012297', 'lNONHSAG012303', 'lNONHSAG012339', 'lNONHSAG012367', 'lNONHSAG012375', 'lNONHSAG012423', 'lNONHSAG012476', 'lNONHSAG012505', 'lNONHSAG012534', 'lNONHSAG012540', 'lNONHSAG012549', 'lNONHSAG012555', 'lNONHSAG012594', 'lNONHSAG012614', 'lNONHSAG012617', 'lNONHSAG012791', 'lNONHSAG013005', 'lNONHSAG013060', 'lNONHSAG013095', 'lNONHSAG013098', 'lNONHSAG013109', 'lNONHSAG013388', 'lNONHSAG013431', 'lNONHSAG013475', 'lNONHSAG013515', 'lNONHSAG013534', 'lNONHSAG013568', 'lNONHSAG013708', 'lNONHSAG013730', 'lNONHSAG013790', 'lNONHSAG013809', 'lNONHSAG013912', 'lNONHSAG013917', 'lNONHSAG013940', 'lNONHSAG013942', 'lNONHSAG013944', 'lNONHSAG013946', 'lNONHSAG013954', 'lNONHSAG014098', 'lNONHSAG014112', 'lNONHSAG014130', 'lNONHSAG014267', 'lNONHSAG014289', 'lNONHSAG014332', 'lNONHSAG014362', 'lNONHSAG014372', 'lNONHSAG014373', 'lNONHSAG014381', 'lNONHSAG014496', 'lNONHSAG014502', 'lNONHSAG014562', 'lNONHSAG014591', 'lNONHSAG014672', 'lNONHSAG014679', 'lNONHSAG014730', 'lNONHSAG014890', 'lNONHSAG014914', 'lNONHSAG015044', 'lNONHSAG015163', 'lNONHSAG015215', 'lNONHSAG015234', 'lNONHSAG015352', 'lNONHSAG015417', 'lNONHSAG015454', 'lNONHSAG015461', 'lNONHSAG015505', 'lNONHSAG015591', 'lNONHSAG015623', 'lNONHSAG015692', 'lNONHSAG015723', 'lNONHSAG015787', 'lNONHSAG015788', 'lNONHSAG015961', 'lNONHSAG016021', 'lNONHSAG016068', 'lNONHSAG016118', 'lNONHSAG016199', 'lNONHSAG016307', 'lNONHSAG016395', 'lNONHSAG016403', 'lNONHSAG016486', 'lNONHSAG016487', 'lNONHSAG016576', 'lNONHSAG016611', 'lNONHSAG016618', 'lNONHSAG016623', 'lNONHSAG016733', 'lNONHSAG016741', 'lNONHSAG016749', 'lNONHSAG016771', 'lNONHSAG016822', 'lNONHSAG016893', 'lNONHSAG017020', 'lNONHSAG017060', 'lNONHSAG017232', 'lNONHSAG017238', 'lNONHSAG017288', 'lNONHSAG017344', 'lNONHSAG017347', 'lNONHSAG017349', 'lNONHSAG017376', 'lNONHSAG017377', 'lNONHSAG017379', 'lNONHSAG017417', 'lNONHSAG017486', 'lNONHSAG017504', 'lNONHSAG017567', 'lNONHSAG017783', 'lNONHSAG017882', 'lNONHSAG017890', 'lNONHSAG017899', 'lNONHSAG018054', 'lNONHSAG018058', 'lNONHSAG018180', 'lNONHSAG018203', 'lNONHSAG018313', 'lNONHSAG018322', 'lNONHSAG018326', 'lNONHSAG018341', 'lNONHSAG018344', 'lNONHSAG018372', 'lNONHSAG018374', 'lNONHSAG018414', 'lNONHSAG018415', 'lNONHSAG018416', 'lNONHSAG018417', 'lNONHSAG018420', 'lNONHSAG018461', 'lNONHSAG018530', 'lNONHSAG018621', 'lNONHSAG018635', 'lNONHSAG018656', 'lNONHSAG018659', 'lNONHSAG018707', 'lNONHSAG018709', 'lNONHSAG018711', 'lNONHSAG018829', 'lNONHSAG018889', 'lNONHSAG018893', 'lNONHSAG018903', 'lNONHSAG018980', 'lNONHSAG019003', 'lNONHSAG019012', 'lNONHSAG019014', 'lNONHSAG019021', 'lNONHSAG019023', 'lNONHSAG019031', 'lNONHSAG019049', 'lNONHSAG019051', 'lNONHSAG019079', 'lNONHSAG019090', 'lNONHSAG019115', 'lNONHSAG019134', 'lNONHSAG019158', 'lNONHSAG019221', 'lNONHSAG019270', 'lNONHSAG019332', 'lNONHSAG019370', 'lNONHSAG019439', 'lNONHSAG019493', 'lNONHSAG019569', 'lNONHSAG019613', 'lNONHSAG019670', 'lNONHSAG019711', 'lNONHSAG019813', 'lNONHSAG019814', 'lNONHSAG019848', 'lNONHSAG019878', 'lNONHSAG019898', 'lNONHSAG019967', 'lNONHSAG020053', 'lNONHSAG020066', 'lNONHSAG020068', 'lNONHSAG020091', 'lNONHSAG020107', 'lNONHSAG020153', 'lNONHSAG020155', 'lNONHSAG020218', 'lNONHSAG020223', 'lNONHSAG020252', 'lNONHSAG020260', 'lNONHSAG020273', 'lNONHSAG020274', 'lNONHSAG020277', 'lNONHSAG020278', 'lNONHSAG020281', 'lNONHSAG020298', 'lNONHSAG020304', 'lNONHSAG020307', 'lNONHSAG020312', 'lNONHSAG020321', 'lNONHSAG020325', 'lNONHSAG020339', 'lNONHSAG020367', 'lNONHSAG020372', 'lNONHSAG020374', 'lNONHSAG020403', 'lNONHSAG020474', 'lNONHSAG020476', 'lNONHSAG020600', 'lNONHSAG020616', 'lNONHSAG020729', 'lNONHSAG020731', 'lNONHSAG020755', 'lNONHSAG020759', 'lNONHSAG020762', 'lNONHSAG020771', 'lNONHSAG020869', 'lNONHSAG020957', 'lNONHSAG020990', 'lNONHSAG021042', 'lNONHSAG021072', 'lNONHSAG021307', 'lNONHSAG021309', 'lNONHSAG021315', 'lNONHSAG021335', 'lNONHSAG021342', 'lNONHSAG021347', 'lNONHSAG021370', 'lNONHSAG021390', 'lNONHSAG021400', 'lNONHSAG021408', 'lNONHSAG021410', 'lNONHSAG021431', 'lNONHSAG021432', 'lNONHSAG021433', 'lNONHSAG021471', 'lNONHSAG021557', 'lNONHSAG021566', 'lNONHSAG021567', 'lNONHSAG021584', 'lNONHSAG021638', 'lNONHSAG021641', 'lNONHSAG021698', 'lNONHSAG021760', 'lNONHSAG021780', 'lNONHSAG021820', 'lNONHSAG021846', 'lNONHSAG021874', 'lNONHSAG021878', 'lNONHSAG021882', 'lNONHSAG021893', 'lNONHSAG021976', 'lNONHSAG021981', 'lNONHSAG022009', 'lNONHSAG022030', 'lNONHSAG022058', 'lNONHSAG022078', 'lNONHSAG022088', 'lNONHSAG022094', 'lNONHSAG022103', 'lNONHSAG022110', 'lNONHSAG022125', 'lNONHSAG022127', 'lNONHSAG022162', 'lNONHSAG022311', 'lNONHSAG022327', 'lNONHSAG022328', 'lNONHSAG022335', 'lNONHSAG022339', 'lNONHSAG022378', 'lNONHSAG022495', 'lNONHSAG022510', 'lNONHSAG022595', 'lNONHSAG022597', 'lNONHSAG022655', 'lNONHSAG022690', 'lNONHSAG022743', 'lNONHSAG022750', 'lNONHSAG022806', 'lNONHSAG022836', 'lNONHSAG022845', 'lNONHSAG022851', 'lNONHSAG022888', 'lNONHSAG022893', 'lNONHSAG022965', 'lNONHSAG022972', 'lNONHSAG022980', 'lNONHSAG022982', 'lNONHSAG023003', 'lNONHSAG023049', 'lNONHSAG023051', 'lNONHSAG023073', 'lNONHSAG023175', 'lNONHSAG023237', 'lNONHSAG023387', 'lNONHSAG023392', 'lNONHSAG023494', 'lNONHSAG023512', 'lNONHSAG023553', 'lNONHSAG023579', 'lNONHSAG023598', 'lNONHSAG023607', 'lNONHSAG023614', 'lNONHSAG023630', 'lNONHSAG023633', 'lNONHSAG023635', 'lNONHSAG023661', 'lNONHSAG023740', 'lNONHSAG023837', 'lNONHSAG023864', 'lNONHSAG023885', 'lNONHSAG023888', 'lNONHSAG023930', 'lNONHSAG023964', 'lNONHSAG024141', 'lNONHSAG024146', 'lNONHSAG024171', 'lNONHSAG024224', 'lNONHSAG024244', 'lNONHSAG024282', 'lNONHSAG024332', 'lNONHSAG024340', 'lNONHSAG024341', 'lNONHSAG024354', 'lNONHSAG024361', 'lNONHSAG024362', 'lNONHSAG024364', 'lNONHSAG024381', 'lNONHSAG024393', 'lNONHSAG024395', 'lNONHSAG024428', 'lNONHSAG024542', 'lNONHSAG024637', 'lNONHSAG024668', 'lNONHSAG024671', 'lNONHSAG024676', 'lNONHSAG024681', 'lNONHSAG024741', 'lNONHSAG024809', 'lNONHSAG024810', 'lNONHSAG024818', 'lNONHSAG024826', 'lNONHSAG024903', 'lNONHSAG024913', 'lNONHSAG024921', 'lNONHSAG024923', 'lNONHSAG024925', 'lNONHSAG025011', 'lNONHSAG025137', 'lNONHSAG025157', 'lNONHSAG025185', 'lNONHSAG025319', 'lNONHSAG025352', 'lNONHSAG025483', 'lNONHSAG025485', 'lNONHSAG025609', 'lNONHSAG025712', 'lNONHSAG025743', 'lNONHSAG025864', 'lNONHSAG025865', 'lNONHSAG025867', 'lNONHSAG025934', 'lNONHSAG025939', 'lNONHSAG025964', 'lNONHSAG025997', 'lNONHSAG026053', 'lNONHSAG026089', 'lNONHSAG026091', 'lNONHSAG026103', 'lNONHSAG026153', 'lNONHSAG026176', 'lNONHSAG026205', 'lNONHSAG026274', 'lNONHSAG026364', 'lNONHSAG026386', 'lNONHSAG026575', 'lNONHSAG026599', 'lNONHSAG026631', 'lNONHSAG026661', 'lNONHSAG026720', 'lNONHSAG026737', 'lNONHSAG026743', 'lNONHSAG026781', 'lNONHSAG026794', 'lNONHSAG026852', 'lNONHSAG026854', 'lNONHSAG026856', 'lNONHSAG027017', 'lNONHSAG027075', 'lNONHSAG027110', 'lNONHSAG027276', 'lNONHSAG027278', 'lNONHSAG027323', 'lNONHSAG027342', 'lNONHSAG027421', 'lNONHSAG027482', 'lNONHSAG027598', 'lNONHSAG027675', 'lNONHSAG027682', 'lNONHSAG027692', 'lNONHSAG027694', 'lNONHSAG027709', 'lNONHSAG027837', 'lNONHSAG027876', 'lNONHSAG028045', 'lNONHSAG028083', 'lNONHSAG028093', 'lNONHSAG028112', 'lNONHSAG028141', 'lNONHSAG028142', 'lNONHSAG028159', 'lNONHSAG028403', 'lNONHSAG028713', 'lNONHSAG028720', 'lNONHSAG028817', 'lNONHSAG028820', 'lNONHSAG028857', 'lNONHSAG028870', 'lNONHSAG028913', 'lNONHSAG028918', 'lNONHSAG028948', 'lNONHSAG028996', 'lNONHSAG029033', 'lNONHSAG029080', 'lNONHSAG029124', 'lNONHSAG029267', 'lNONHSAG029312', 'lNONHSAG029336', 'lNONHSAG029377', 'lNONHSAG029467', 'lNONHSAG029668', 'lNONHSAG029792', 'lNONHSAG029830', 'lNONHSAG029873', 'lNONHSAG029880', 'lNONHSAG029933', 'lNONHSAG029956', 'lNONHSAG029957', 'lNONHSAG029958', 'lNONHSAG029959', 'lNONHSAG029961', 'lNONHSAG029962', 'lNONHSAG029964', 'lNONHSAG029965', 'lNONHSAG029985', 'lNONHSAG030074', 'lNONHSAG030113', 'lNONHSAG030129', 'lNONHSAG030244', 'lNONHSAG030258', 'lNONHSAG030278', 'lNONHSAG030279', 'lNONHSAG030304', 'lNONHSAG030333', 'lNONHSAG030410', 'lNONHSAG030487', 'lNONHSAG030516', 'lNONHSAG030582', 'lNONHSAG030583', 'lNONHSAG030739', 'lNONHSAG030742', 'lNONHSAG031025', 'lNONHSAG031035', 'lNONHSAG031123', 'lNONHSAG031385', 'lNONHSAG031425', 'lNONHSAG031452', 'lNONHSAG031456', 'lNONHSAG031481', 'lNONHSAG031563', 'lNONHSAG031565', 'lNONHSAG031581', 'lNONHSAG031584', 'lNONHSAG031636', 'lNONHSAG031696', 'lNONHSAG031853', 'lNONHSAG031900', 'lNONHSAG031913', 'lNONHSAG032063', 'lNONHSAG032126', 'lNONHSAG032247', 'lNONHSAG032297', 'lNONHSAG032302', 'lNONHSAG032309', 'lNONHSAG032312', 'lNONHSAG032537', 'lNONHSAG032560', 'lNONHSAG032664', 'lNONHSAG032682', 'lNONHSAG032735', 'lNONHSAG032737', 'lNONHSAG032748', 'lNONHSAG032750', 'lNONHSAG033027', 'lNONHSAG033061', 'lNONHSAG033100', 'lNONHSAG033105', 'lNONHSAG033107', 'lNONHSAG033121', 'lNONHSAG033170', 'lNONHSAG033216', 'lNONHSAG033224', 'lNONHSAG033254', 'lNONHSAG033263', 'lNONHSAG033266', 'lNONHSAG033298', 'lNONHSAG033328', 'lNONHSAG033334', 'lNONHSAG033342', 'lNONHSAG033348', 'lNONHSAG033352', 'lNONHSAG033368', 'lNONHSAG033386', 'lNONHSAG033390', 'lNONHSAG033435', 'lNONHSAG033459', 'lNONHSAG033471', 'lNONHSAG033480', 'lNONHSAG033589', 'lNONHSAG033611', 'lNONHSAG033645', 'lNONHSAG033691', 'lNONHSAG033716', 'lNONHSAG033735', 'lNONHSAG033748', 'lNONHSAG033810', 'lNONHSAG033862', 'lNONHSAG033896', 'lNONHSAG033898', 'lNONHSAG033899', 'lNONHSAG033937', 'lNONHSAG033940', 'lNONHSAG034006', 'lNONHSAG034014', 'lNONHSAG034021', 'lNONHSAG034032', 'lNONHSAG034316', 'lNONHSAG034417', 'lNONHSAG034418', 'lNONHSAG034492', 'lNONHSAG034508', 'lNONHSAG034676', 'lNONHSAG034678', 'lNONHSAG034845', 'lNONHSAG034846', 'lNONHSAG034935', 'lNONHSAG034973', 'lNONHSAG035096', 'lNONHSAG035103', 'lNONHSAG035287', 'lNONHSAG035382', 'lNONHSAG035456', 'lNONHSAG035531', 'lNONHSAG035568', 'lNONHSAG035806', 'lNONHSAG035919', 'lNONHSAG036047', 'lNONHSAG036054', 'lNONHSAG036115', 'lNONHSAG036120', 'lNONHSAG036255', 'lNONHSAG036263', 'lNONHSAG036273', 'lNONHSAG036403', 'lNONHSAG036407', 'lNONHSAG036412', 'lNONHSAG036413', 'lNONHSAG036612', 'lNONHSAG036615', 'lNONHSAG036667', 'lNONHSAG036718', 'lNONHSAG036783', 'lNONHSAG036866', 'lNONHSAG036922', 'lNONHSAG036926', 'lNONHSAG037025', 'lNONHSAG037061', 'lNONHSAG037072', 'lNONHSAG037073', 'lNONHSAG037080', 'lNONHSAG037082', 'lNONHSAG037083', 'lNONHSAG037096', 'lNONHSAG037137', 'lNONHSAG037146', 'lNONHSAG037164', 'lNONHSAG037241', 'lNONHSAG037348', 'lNONHSAG037420', 'lNONHSAG037559', 'lNONHSAG037827', 'lNONHSAG037891', 'lNONHSAG037936', 'lNONHSAG037946', 'lNONHSAG038001', 'lNONHSAG038024', 'lNONHSAG038060', 'lNONHSAG038091', 'lNONHSAG038162', 'lNONHSAG038343', 'lNONHSAG038344', 'lNONHSAG038397', 'lNONHSAG038502', 'lNONHSAG038530', 'lNONHSAG038561', 'lNONHSAG038578', 'lNONHSAG038663', 'lNONHSAG038675', 'lNONHSAG038676', 'lNONHSAG038682', 'lNONHSAG038836', 'lNONHSAG039037', 'lNONHSAG039038', 'lNONHSAG039147', 'lNONHSAG039293', 'lNONHSAG039295', 'lNONHSAG039319', 'lNONHSAG039617', 'lNONHSAG039620', 'lNONHSAG039634', 'lNONHSAG039637', 'lNONHSAG039654', 'lNONHSAG039664', 'lNONHSAG039669', 'lNONHSAG039749', 'lNONHSAG039872', 'lNONHSAG039951', 'lNONHSAG040179', 'lNONHSAG040188', 'lNONHSAG040226', 'lNONHSAG040320', 'lNONHSAG040329', 'lNONHSAG040408', 'lNONHSAG040481', 'lNONHSAG040542', 'lNONHSAG040544', 'lNONHSAG040560', 'lNONHSAG040601', 'lNONHSAG040692', 'lNONHSAG040700', 'lNONHSAG040729', 'lNONHSAG040804', 'lNONHSAG040859', 'lNONHSAG040870', 'lNONHSAG040945', 'lNONHSAG040958', 'lNONHSAG040976', 'lNONHSAG041002', 'lNONHSAG041017', 'lNONHSAG041023', 'lNONHSAG041241', 'lNONHSAG041250', 'lNONHSAG041256', 'lNONHSAG041257', 'lNONHSAG041480', 'lNONHSAG041528', 'lNONHSAG041529', 'lNONHSAG041592', 'lNONHSAG041670', 'lNONHSAG041707', 'lNONHSAG041716', 'lNONHSAG041758', 'lNONHSAG041844', 'lNONHSAG041883', 'lNONHSAG041938', 'lNONHSAG041981', 'lNONHSAG042033', 'lNONHSAG042050', 'lNONHSAG042062', 'lNONHSAG042080', 'lNONHSAG042132', 'lNONHSAG042138', 'lNONHSAG042218', 'lNONHSAG042257', 'lNONHSAG042270', 'lNONHSAG042306', 'lNONHSAG042307', 'lNONHSAG042370', 'lNONHSAG042433', 'lNONHSAG042476', 'lNONHSAG042491', 'lNONHSAG042500', 'lNONHSAG042722', 'lNONHSAG042724', 'lNONHSAG042836', 'lNONHSAG042957', 'lNONHSAG042966', 'lNONHSAG042970', 'lNONHSAG043159', 'lNONHSAG043229', 'lNONHSAG043250', 'lNONHSAG043303', 'lNONHSAG043433', 'lNONHSAG043550', 'lNONHSAG043625', 'lNONHSAG043657', 'lNONHSAG043770', 'lNONHSAG043851', 'lNONHSAG043934', 'lNONHSAG044022', 'lNONHSAG044041', 'lNONHSAG044064', 'lNONHSAG044283', 'lNONHSAG044406', 'lNONHSAG044429', 'lNONHSAG044533', 'lNONHSAG044624', 'lNONHSAG044666', 'lNONHSAG044709', 'lNONHSAG044751', 'lNONHSAG044791', 'lNONHSAG045131', 'lNONHSAG045160', 'lNONHSAG045163', 'lNONHSAG045166', 'lNONHSAG045383', 'lNONHSAG045430', 'lNONHSAG046722', 'lNONHSAG046730', 'lNONHSAG046765', 'lNONHSAG046781', 'lNONHSAG046811', 'lNONHSAG046953', 'lNONHSAG047182', 'lNONHSAG047191', 'lNONHSAG047197', 'lNONHSAG047260', 'lNONHSAG047319', 'lNONHSAG047433', 'lNONHSAG047463', 'lNONHSAG047469', 'lNONHSAG047471', 'lNONHSAG047507', 'lNONHSAG047543', 'lNONHSAG047544', 'lNONHSAG047547', 'lNONHSAG047619', 'lNONHSAG047620', 'lNONHSAG047792', 'lNONHSAG047796', 'lNONHSAG047830', 'lNONHSAG047840', 'lNONHSAG047842', 'lNONHSAG047951', 'lNONHSAG047973', 'lNONHSAG047974', 'lNONHSAG048057', 'lNONHSAG048101', 'lNONHSAG048114', 'lNONHSAG048189', 'lNONHSAG048191', 'lNONHSAG048201', 'lNONHSAG048228', 'lNONHSAG048231', 'lNONHSAG048270', 'lNONHSAG048323', 'lNONHSAG048354', 'lNONHSAG048439', 'lNONHSAG048464', 'lNONHSAG048598', 'lNONHSAG048602', 'lNONHSAG048603', 'lNONHSAG048610', 'lNONHSAG048623', 'lNONHSAG048624', 'lNONHSAG048626', 'lNONHSAG048641', 'lNONHSAG048682', 'lNONHSAG048695', 'lNONHSAG048781', 'lNONHSAG048817', 'lNONHSAG049037', 'lNONHSAG049050', 'lNONHSAG049051', 'lNONHSAG049119', 'lNONHSAG049129', 'lNONHSAG049157', 'lNONHSAG049185', 'lNONHSAG049191', 'lNONHSAG049288', 'lNONHSAG049303', 'lNONHSAG049356', 'lNONHSAG049421', 'lNONHSAG049507', 'lNONHSAG049626', 'lNONHSAG049655', 'lNONHSAG049754', 'lNONHSAG049801', 'lNONHSAG050104', 'lNONHSAG050167', 'lNONHSAG050168', 'lNONHSAG050272', 'lNONHSAG050273', 'lNONHSAG050345', 'lNONHSAG050423', 'lNONHSAG050445', 'lNONHSAG050493', 'lNONHSAG050518', 'lNONHSAG050670', 'lNONHSAG050725', 'lNONHSAG050769', 'lNONHSAG050786', 'lNONHSAG050815', 'lNONHSAG050985', 'lNONHSAG051010', 'lNONHSAG051015', 'lNONHSAG051166', 'lNONHSAG051255', 'lNONHSAG051259', 'lNONHSAG051260', 'lNONHSAG051263', 'lNONHSAG051266', 'lNONHSAG051291', 'lNONHSAG051448', 'lNONHSAG051484', 'lNONHSAG051514', 'lNONHSAG051517', 'lNONHSAG051523', 'lNONHSAG051542', 'lNONHSAG051567', 'lNONHSAG051568', 'lNONHSAG051603', 'lNONHSAG051770', 'lNONHSAG051898', 'lNONHSAG051958', 'lNONHSAG052046', 'lNONHSAG052082', 'lNONHSAG052097', 'lNONHSAG052119', 'lNONHSAG052149', 'lNONHSAG052151', 'lNONHSAG052454', 'lNONHSAG052459', 'lNONHSAG052495', 'lNONHSAG052510', 'lNONHSAG052511', 'lNONHSAG052609', 'lNONHSAG052680', 'lNONHSAG052686', 'lNONHSAG052709', 'lNONHSAG052726', 'lNONHSAG052853', 'lNONHSAG052908', 'lNONHSAG052925', 'lNONHSAG052929', 'lNONHSAG052931', 'lNONHSAG052933', 'lNONHSAG052943', 'lNONHSAG053007', 'lNONHSAG053014', 'lNONHSAG053028', 'lNONHSAG053033', 'lNONHSAG053082', 'lNONHSAG053108', 'lNONHSAG053162', 'lNONHSAG053228', 'lNONHSAG053419', 'lNONHSAG053456', 'lNONHSAG053499', 'lNONHSAG053500', 'lNONHSAG053502', 'lNONHSAG053546', 'lNONHSAG053547', 'lNONHSAG053602', 'lNONHSAG053626', 'lNONHSAG053631', 'lNONHSAG053651', 'lNONHSAG053716', 'lNONHSAG053719', 'lNONHSAG053748', 'lNONHSAG053796', 'lNONHSAG053802', 'lNONHSAG053842', 'lNONHSAG054024', 'lNONHSAG054038', 'lNONHSAG054212', 'lNONHSAG054213', 'lNONHSAG054214', 'lNONHSAG054215', 'lNONHSAG054216', 'lNONHSAG054301', 'lNONHSAG054360', 'lNONHSAG054432', 'lNONHSAG054699', 'lNONHSAG054716', 'lNONHSAG054718', 'lNONHSAG054780', 'lNONHSAG054791', 'lNONHSAG054807', 'lNONHSAG054832', 'lNONHSAG055008', 'lNONHSAG055088', 'lNONHSAG055092', 'lNONHSAG055151', 'lNONHSAG055258', 'lNONHSAG055350', 'lNONHSAG055418', 'lNONHSAG055450', 'lNONHSAG055546', 'lNONHSAG055558', 'lNONHSAG055565', 'lNONHSAG055577', 'lNONHSAG055582', 'lNONHSAG056029', 'lNONHSAG056053', 'lNONHSAG056451', 'lNONHSAG056733', 'lNONHSAG056746', 'lNONHSAG056868', 'lNONHSAG056875', 'lNONHSAG057043', 'lNONHSAG057222', 'lNONHSAG058006', 'lNONHSAG058109', 'lNONHSAG058112', 'lNONHSAG058118', 'lNONHSAG058128', 'lNONHSAG058533', 'lNONHSAG058967', 'lNONHSAG060586', 'lNONHSAG061096', 'lNONHSAG061404', 'lNONHSAG061492', 'lNONHSAG063700', 'lNONHSAG064784', 'lNONHSAG065252', 'lNONHSAG065364', 'lNONHSAG066253', 'lNONHSAG068402', 'lNONHSAG068639', 'lNONHSAG069030', 'lNONHSAG069147', 'lNONHSAG069277', 'lNONHSAG070257', 'lNONHSAG071444', 'lNONHSAG072945', 'lNONHSAG073025', 'lNONHSAG073406', 'lNONHSAG073419', 'lNONHSAG074052', 'lNONHSAG074661', 'lNONHSAG075363', 'lNONHSAG077475', 'lNONHSAG077527', 'lNONHSAG079231', 'lNONHSAG080772', 'lNONHSAG081227', 'lNONHSAG081583', 'lNONHSAG081993', 'lNONHSAG082891', 'lNONHSAG083209', 'lNONHSAG083289', 'lNONHSAG083615', 'lNONHSAG083859', 'lNONHSAG083883', 'lNONHSAG083894', 'lNONHSAG084701', 'lNONHSAG084832', 'lNONHSAG084937', 'lNONHSAG085975', 'lNONHSAG088562', 'lNONHSAG089857', 'lNONHSAG091116', 'lNONHSAG091284', 'lNONHSAG091943', 'lNONHSAG092907', 'lNONHSAG093064', 'lNONHSAG093078', 'lNONHSAG093517', 'lNONHSAG094075', 'lNONHSAG094129', 'lNONHSAG094269', 'lNONHSAG096130', 'lNONHSAG096227', 'lNONHSAG096230', 'lNONHSAG096627', 'lNONHSAG097344', 'lNONHSAG097347', 'lNONHSAG098653', 'lNONHSAG099082', 'lNONHSAG099120', 'lNONHSAG099126', 'lNONHSAG099742', 'lNONHSAG099774', 'lNONHSAG101229', 'lNONHSAG101725', 'lNONHSAG102572', 'lNONHSAG102979', 'lNONHSAG103259', 'lNONHSAG103457', 'lNONHSAG104186', 'lNONHSAG110420', 'lNONHSAG110858', 'lNONHSAG111667', 'lNONHSAG112396', 'lNONHSAG113761', 'lNONHSAG114445', 'lENSG00000103472', 'lENSG00000171889', 'lENSG00000175061', 'lENSG00000177410', 'lENSG00000179523', 'lENSG00000198221', 'lENSG00000198468', 'lENSG00000203497', 'lENSG00000205611', 'lENSG00000223764', 'lENSG00000223783', 'lENSG00000224057', 'lENSG00000224078', 'lENSG00000224614', 'lENSG00000225470', 'lENSG00000225506', 'lENSG00000225855', 'lENSG00000226115', 'lENSG00000226137', 'lENSG00000227082', 'lENSG00000227256', 'lENSG00000227963', 'lENSG00000228022', 'lENSG00000228526', 'lENSG00000229267', 'lENSG00000229388', 'lENSG00000230046', 'lENSG00000230061', 'lENSG00000230257', 'lENSG00000230313', 'lENSG00000230400', 'lENSG00000230866', 'lENSG00000231019', 'lENSG00000231437', 'lENSG00000231663', 'lENSG00000232265', 'lENSG00000232415', 'lENSG00000232442', 'lENSG00000232500', 'lENSG00000233047', 'lENSG00000233387', 'lENSG00000233590', 'lENSG00000234169', 'lENSG00000234222', 'lENSG00000234455', 'lENSG00000234546', 'lENSG00000234625', 'lENSG00000235535', 'lENSG00000235724', 'lENSG00000236240', 'lENSG00000236535', 'lENSG00000236671', 'lENSG00000237167', 'lENSG00000237396', 'lENSG00000237880', 'lENSG00000241388', 'lENSG00000242207', 'lENSG00000243479', 'lENSG00000244124', 'lENSG00000245067', 'lENSG00000245146', 'lENSG00000245614', 'lENSG00000246560', 'lENSG00000247095', 'lENSG00000247373', 'lENSG00000247498', 'lENSG00000249532', 'lENSG00000249786', 'lENSG00000250635', 'lENSG00000251003', 'lENSG00000251061', 'lENSG00000254418', 'lENSG00000254508', 'lENSG00000254635', 'lENSG00000254791', 'lENSG00000255363', 'lENSG00000255427', 'lENSG00000255553', 'lENSG00000255850', 'lENSG00000256742', 'lENSG00000256769', 'lENSG00000257084', 'lENSG00000257557', 'lENSG00000258197', 'lENSG00000258912', 'lENSG00000259289', 'lENSG00000259424', 'lENSG00000260219', 'lENSG00000260280', 'lENSG00000260455', 'lENSG00000260924', 'lENSG00000260969', 'lENSG00000261183', 'lENSG00000261423', 'lENSG00000261780', 'lENSG00000263718', 'lENSG00000264672', 'lENSG00000265374', 'lENSG00000266402', 'lENSG00000266970', 'lENSG00000267296', 'lENSG00000267321', 'lENSG00000267395', 'lENSG00000267413', 'lENSG00000269019', 'lENSG00000269911', 'lENSG00000270084', 'lENSG00000272769', 'lENSG00000274372', 'lENSG00000278709', 'lENSG00000278970', 'lENSG00000279296', 'lENSG00000281189', 'lENSG00000284070', 'lENSG00000285644', 'lENSG00000286004', 'lENSG00000224167', 'lENSG00000224739', 'lA1BG-AS1', 'lANKRD62P1-PARP4P3', 'lAQP4-AS1', 'lASMTL-AS1', 'lBANCR', 'lCCAT2', 'lCDKN2B-AS1', 'lCRNDE', 'lDGKK', 'lDLX6-AS1', 'lEGOT', 'lFEZF1-AS1', 'lGATA3-AS1', 'lGATA6-AS1', 'lGHET1', 'lHOTAIRM1', 'lHOXA-AS3', 'lINHBA-AS1', 'lJPX', 'lKCTD21-AS1', 'lLAMTOR5-AS1', 'lLBX2-AS1', 'lLINC00173', 'lLINC00174', 'lLPP-AS2', 'lMCM3AP-AS1', 'lMEG3', 'lMIR181A1HG', 'lMYLK-AS1', 'lPANDAR', 'lPCGEM1', 'lPVT1', 'lRHPN1-AS1', 'lRMST', 'lSNHG15', 'lSNHG16', 'lSNX29P2', 'lTEN1-CDK3', 'lTPTEP1', 'lTRAM2-AS1', 'lVCAN-AS1', 'lZFAS1', 'lZNF286B', 'lZNF503-AS2', 'lLINC00461', 'lLINC00514', 'lSLC2A1-AS1', 'lSRP14-AS1', 'lAC007009.1', 'lPWAR6', 'lAC004840.8', 'lAC061992.2', 'lAC103564.7', 'lAC135048.13', 'lAC137723.5', 'lAC137932.5', 'lAL928742.12', 'lAP001058.3', 'lCTB-60B18.10', 'lCTB-91J4.1', 'lCTC-338M12.2', 'lCTD-2165H16.4', 'lCTD-2195B23.3', 'lKB-7G2.8', 'lLA16c-321D4.2', 'lLA16c-380H5.3', 'lLL22NC03-23C6.13', 'lRP1-283E3.8', 'lRP11-100F15.1', 'lRP11-104E19.1', 'lRP11-108M9.3', 'lRP11-137H2.4', 'lRP11-197N18.2', 'lRP11-21J18.1', 'lRP11-227H15.4', 'lRP11-243J18.2', 'lRP11-264B17.3', 'lRP11-276H7.2', 'lRP11-2C24.4', 'lRP11-439K3.1', 'lRP11-467J12.4', 'lRP11-49K24.4', 'lRP11-514P8.8', 'lRP11-54O7.3', 'lRP11-550C4.6', 'lRP11-680A11.5', 'lRP4-790G17.7', 'lRP5-1061H20.4', 'lRP5-1074L1.1', 'lRP5-1160K1.8', 'lXXbac-B444P24.8', 'lAC018766.4', 'lCTD-2231H16.1', 'lHNRNPU-AS1', 'lRP11-429J17.8', 'lRP11-672A2.1', 'lRP5-1063M23.1', 'lRP11-495P10.8', 'lCTA-250D10.23', 'lRP4-610C12.4', 'lLINC00035', 'lRP11-408H20.2', 'lNONHSAG000157', 'lNONHSAG000265', 'lNONHSAG000297', 'lNONHSAG000298', 'lNONHSAG000623', 'lNONHSAG000636', 'lNONHSAG000677', 'lNONHSAG000896', 'lNONHSAG000969', 'lNONHSAG000994', 'lNONHSAG001008', 'lNONHSAG001014', 'lNONHSAG001028', 'lNONHSAG001030', 'lNONHSAG001033', 'lNONHSAG001147', 'lNONHSAG001207', 'lNONHSAG001240', 'lNONHSAG001419', 'lNONHSAG001613', 'lNONHSAG002487', 'lNONHSAG002619', 'lNONHSAG002726', 'lNONHSAG002790', 'lNONHSAG003227', 'lNONHSAG003308', 'lNONHSAG003418', 'lNONHSAG003459', 'lNONHSAG003881', 'lNONHSAG004227', 'lNONHSAG004351', 'lNONHSAG004475', 'lNONHSAG004507', 'lNONHSAG004638', 'lNONHSAG004893', 'lNONHSAG005249', 'lNONHSAG005363', 'lNONHSAG005473', 'lNONHSAG005522', 'lNONHSAG005652', 'lNONHSAG005690', 'lNONHSAG005725', 'lNONHSAG005727', 'lNONHSAG005739', 'lNONHSAG005740', 'lNONHSAG005746', 'lNONHSAG005747', 'lNONHSAG005760', 'lNONHSAG005761', 'lNONHSAG005769', 'lNONHSAG005789', 'lNONHSAG005797', 'lNONHSAG005809', 'lNONHSAG005821', 'lNONHSAG005830', 'lNONHSAG005847', 'lNONHSAG005851', 'lNONHSAG005852', 'lNONHSAG005855', 'lNONHSAG005856', 'lNONHSAG005859', 'lNONHSAG005862', 'lNONHSAG005867', 'lNONHSAG005870', 'lNONHSAG005885', 'lNONHSAG005901', 'lNONHSAG005915', 'lNONHSAG005935', 'lNONHSAG005936', 'lNONHSAG005986', 'lNONHSAG006022', 'lNONHSAG006078', 'lNONHSAG006086', 'lNONHSAG006091', 'lNONHSAG006097', 'lNONHSAG006160', 'lNONHSAG006166', 'lNONHSAG006186', 'lNONHSAG006187', 'lNONHSAG006188', 'lNONHSAG006206', 'lNONHSAG006220', 'lNONHSAG006221', 'lNONHSAG006235', 'lNONHSAG006240', 'lNONHSAG006274', 'lNONHSAG006279', 'lNONHSAG006290', 'lNONHSAG006293', 'lNONHSAG006300', 'lNONHSAG006314', 'lNONHSAG006376', 'lNONHSAG006377', 'lNONHSAG006382', 'lNONHSAG006388', 'lNONHSAG006395', 'lNONHSAG006399', 'lNONHSAG006405', 'lNONHSAG006407', 'lNONHSAG006412', 'lNONHSAG006415', 'lNONHSAG006450', 'lNONHSAG006459', 'lNONHSAG006479', 'lNONHSAG006487', 'lNONHSAG006493', 'lNONHSAG006507', 'lNONHSAG006527', 'lNONHSAG006536', 'lNONHSAG006551', 'lNONHSAG006554', 'lNONHSAG006555', 'lNONHSAG006557', 'lNONHSAG006573', 'lNONHSAG006576', 'lNONHSAG006579', 'lNONHSAG006581', 'lNONHSAG006591', 'lNONHSAG006602', 'lNONHSAG006646', 'lNONHSAG006653', 'lNONHSAG006669', 'lNONHSAG006748', 'lNONHSAG006765', 'lNONHSAG006779', 'lNONHSAG006808', 'lNONHSAG006830', 'lNONHSAG006832', 'lNONHSAG006837', 'lNONHSAG006855', 'lNONHSAG006863', 'lNONHSAG006889', 'lNONHSAG006894', 'lNONHSAG006897', 'lNONHSAG006909', 'lNONHSAG006915', 'lNONHSAG006922', 'lNONHSAG006967', 'lNONHSAG006970', 'lNONHSAG006976', 'lNONHSAG007000', 'lNONHSAG007008', 'lNONHSAG007020', 'lNONHSAG007023', 'lNONHSAG007029', 'lNONHSAG007031', 'lNONHSAG007035', 'lNONHSAG007063', 'lNONHSAG007065', 'lNONHSAG007093', 'lNONHSAG007103', 'lNONHSAG007118', 'lNONHSAG007123', 'lNONHSAG007129', 'lNONHSAG007139', 'lNONHSAG007166', 'lNONHSAG007203', 'lNONHSAG007222', 'lNONHSAG007224', 'lNONHSAG007225', 'lNONHSAG007242', 'lNONHSAG007268', 'lNONHSAG007278', 'lNONHSAG007286', 'lNONHSAG007414', 'lNONHSAG007419', 'lNONHSAG007429', 'lNONHSAG007458', 'lNONHSAG007488', 'lNONHSAG007507', 'lNONHSAG007531', 'lNONHSAG007533', 'lNONHSAG007543', 'lNONHSAG007544', 'lNONHSAG007554', 'lNONHSAG007563', 'lNONHSAG007578', 'lNONHSAG007587', 'lNONHSAG007599', 'lNONHSAG007621', 'lNONHSAG007632', 'lNONHSAG007638', 'lNONHSAG007730', 'lNONHSAG007932', 'lENSG00000083622', 'lENSG00000105501', 'lENSG00000122043', 'lENSG00000149443', 'lENSG00000167920', 'lENSG00000175746', 'lENSG00000177596', 'lENSG00000178248', 'lENSG00000197644', 'lENSG00000197880', 'lENSG00000198054', 'lENSG00000198671', 'lENSG00000203307', 'lENSG00000203434', 'lENSG00000203469', 'lENSG00000203565', 'lENSG00000203605', 'lENSG00000203864', 'lENSG00000204393', 'lENSG00000204464', 'lENSG00000205018', 'lENSG00000205452', 'lENSG00000205500', 'lENSG00000212856', 'lENSG00000221845', 'lENSG00000222000', 'lENSG00000222032', 'lENSG00000222044', 'lENSG00000223374', 'lENSG00000223381', 'lENSG00000223387', 'lENSG00000223400', 'lENSG00000223537', 'lENSG00000223598', 'lENSG00000223634', 'lENSG00000223641', 'lENSG00000223643', 'lENSG00000223647', 'lENSG00000223720', 'lENSG00000223727', 'lENSG00000223786', 'lENSG00000223809', 'lENSG00000223831', 'lENSG00000223870', 'lENSG00000223881', 'lENSG00000223966', 'lENSG00000223993', 'lENSG00000224031', 'lENSG00000224075', 'lENSG00000224087', 'lENSG00000224220', 'lENSG00000224277', 'lENSG00000224384', 'lENSG00000224500', 'lENSG00000224535', 'lENSG00000224541', 'lENSG00000224549', 'lENSG00000224595', 'lENSG00000224645', 'lENSG00000224655', 'lENSG00000224794', 'lENSG00000224821', 'lENSG00000224857', 'lENSG00000224885', 'lENSG00000224922', 'lENSG00000225012', 'lENSG00000225050', 'lENSG00000225129', 'lENSG00000225146', 'lENSG00000225218', 'lENSG00000225325', 'lENSG00000225334', 'lENSG00000225378', 'lENSG00000225457', 'lENSG00000225537', 'lENSG00000225570', 'lENSG00000225588', 'lENSG00000225647', 'lENSG00000225750', 'lENSG00000225751', 'lENSG00000225761', 'lENSG00000225798', 'lENSG00000225886', 'lENSG00000225919', 'lENSG00000226047', 'lENSG00000226089', 'lENSG00000226133', 'lENSG00000226193', 'lENSG00000226194', 'lENSG00000226238', 'lENSG00000226323', 'lENSG00000226337', 'lENSG00000226352', 'lENSG00000226442', 'lENSG00000226454', 'lENSG00000226486', 'lENSG00000226508', 'lENSG00000226522', 'lENSG00000226542', 'lENSG00000226562', 'lENSG00000226566', 'lENSG00000226576', 'lENSG00000226601', 'lENSG00000226647', 'lENSG00000226699', 'lENSG00000226770', 'lENSG00000226813', 'lENSG00000226883', 'lENSG00000226925', 'lENSG00000226956', 'lENSG00000226957', 'lENSG00000227075', 'lENSG00000227076', 'lENSG00000227125', 'lENSG00000227131', 'lENSG00000227181', 'lENSG00000227197', 'lENSG00000227360', 'lENSG00000227409', 'lENSG00000227459', 'lENSG00000227496', 'lENSG00000227509', 'lENSG00000227512', 'lENSG00000227549', 'lENSG00000227579', 'lENSG00000227606', 'lENSG00000227611', 'lENSG00000227680', 'lENSG00000227716', 'lENSG00000227769', 'lENSG00000227863', 'lENSG00000227893', 'lENSG00000227930', 'lENSG00000227958', 'lENSG00000227960', 'lENSG00000228028', 'lENSG00000228082', 'lENSG00000228108', 'lENSG00000228136', 'lENSG00000228170', 'lENSG00000228231', 'lENSG00000228261', 'lENSG00000228272', 'lENSG00000228351', 'lENSG00000228383', 'lENSG00000228470', 'lENSG00000228485', 'lENSG00000228548', 'lENSG00000228596', 'lENSG00000228627', 'lENSG00000228804', 'lENSG00000228826', 'lENSG00000228852', 'lENSG00000228939', 'lENSG00000228950', 'lENSG00000229162', 'lENSG00000229167', 'lENSG00000229190', 'lENSG00000229224', 'lENSG00000229283', 'lENSG00000229297', 'lENSG00000229331', 'lENSG00000229345', 'lENSG00000229370', 'lENSG00000229379', 'lENSG00000229444', 'lENSG00000229457', 'lENSG00000229487', 'lENSG00000229498', 'lENSG00000229502', 'lENSG00000229528', 'lENSG00000229531', 'lENSG00000229673', 'lENSG00000229679', 'lENSG00000229688', 'lENSG00000229848', 'lENSG00000229851', 'lENSG00000229953', 'lENSG00000229999', 'lENSG00000230010', 'lENSG00000230065', 'lENSG00000230105', 'lENSG00000230109', 'lENSG00000230131', 'lENSG00000230153', 'lENSG00000230155', 'lENSG00000230190', 'lENSG00000230197', 'lENSG00000230212', 'lENSG00000230233', 'lENSG00000230234', 'lENSG00000230323', 'lENSG00000230432', 'lENSG00000230499', 'lENSG00000230599', 'lENSG00000230735', 'lENSG00000230741', 'lENSG00000230759', 'lENSG00000230790', 'lENSG00000230794', 'lENSG00000230830', 'lENSG00000230918', 'lENSG00000230972', 'lENSG00000231081', 'lENSG00000231082', 'lENSG00000231092', 'lENSG00000231102', 'lENSG00000231143', 'lENSG00000231253', 'lENSG00000231272', 'lENSG00000231407', 'lENSG00000231492', 'lENSG00000231496', 'lENSG00000231539', 'lENSG00000231597', 'lENSG00000231678', 'lENSG00000231724', 'lENSG00000231760', 'lENSG00000231772', 'lENSG00000231781', 'lENSG00000231912', 'lENSG00000231914', 'lENSG00000231937', 'lENSG00000231953', 'lENSG00000231964', 'lENSG00000232031', 'lENSG00000232058', 'lENSG00000232072', 'lENSG00000232086', 'lENSG00000232120', 'lENSG00000232192', 'lENSG00000232197', 'lENSG00000232252', 'lENSG00000232286', 'lENSG00000232310', 'lENSG00000232335', 'lENSG00000232359', 'lENSG00000232363', 'lENSG00000232396', 'lENSG00000232451', 'lENSG00000232464', 'lENSG00000232465', 'lENSG00000232564', 'lENSG00000232596', 'lENSG00000232604', 'lENSG00000232710', 'lENSG00000232719', 'lENSG00000232806', 'lENSG00000232893', 'lENSG00000232895', 'lENSG00000232930', 'lENSG00000232939', 'lENSG00000232964', 'lENSG00000233070', 'lENSG00000233079', 'lENSG00000233178', 'lENSG00000233179', 'lENSG00000233219', 'lENSG00000233222', 'lENSG00000233330', 'lENSG00000233339', 'lENSG00000233407', 'lENSG00000233472', 'lENSG00000233479', 'lENSG00000233534', 'lENSG00000233574', 'lENSG00000233581', 'lENSG00000233613', 'lENSG00000233625', 'lENSG00000233656', 'lENSG00000233665', 'lENSG00000233689', 'lENSG00000233706', 'lENSG00000233851', 'lENSG00000233891', 'lENSG00000233953', 'lENSG00000233960', 'lENSG00000233969', 'lENSG00000233985', 'lENSG00000234021', 'lENSG00000234117', 'lENSG00000234149', 'lENSG00000234160', 'lENSG00000234191', 'lENSG00000234318', 'lENSG00000234504', 'lENSG00000234567', 'lENSG00000234622', 'lENSG00000234626', 'lENSG00000234690', 'lENSG00000234693', 'lENSG00000234714', 'lENSG00000234756', 'lENSG00000234860', 'lENSG00000234900', 'lENSG00000234953', 'lENSG00000234961', 'lENSG00000234979', 'lENSG00000235011', 'lENSG00000235035', 'lENSG00000235050', 'lENSG00000235059', 'lENSG00000235122', 'lENSG00000235168', 'lENSG00000235262', 'lENSG00000235435', 'lENSG00000235494', 'lENSG00000235503', 'lENSG00000235533', 'lENSG00000235628', 'lENSG00000235637', 'lENSG00000235669', 'lENSG00000235786', 'lENSG00000235813', 'lENSG00000236022', 'lENSG00000236031', 'lENSG00000236065', 'lENSG00000236109', 'lENSG00000236242', 'lENSG00000236267', 'lENSG00000236272', 'lENSG00000236324', 'lENSG00000236358', 'lENSG00000236366', 'lENSG00000236414', 'lENSG00000236452', 'lENSG00000236463', 'lENSG00000236498', 'lENSG00000236559', 'lENSG00000236648', 'lENSG00000236723', 'lENSG00000236744', 'lENSG00000236758', 'lENSG00000236800', 'lENSG00000236828', 'lENSG00000236854', 'lENSG00000236975', 'lENSG00000237015', 'lENSG00000237058', 'lENSG00000237073', 'lENSG00000237200', 'lENSG00000237293', 'lENSG00000237312', 'lENSG00000237324', 'lENSG00000237331', 'lENSG00000237337', 'lENSG00000237373', 'lENSG00000237435', 'lENSG00000237463', 'lENSG00000237481', 'lENSG00000237494', 'lENSG00000237520', 'lENSG00000237571', 'lENSG00000237576', 'lENSG00000237581', 'lENSG00000237670', 'lENSG00000237687', 'lENSG00000237734', 'lENSG00000237756', 'lENSG00000237768', 'lENSG00000237802', 'lENSG00000237919', 'lENSG00000237921', 'lENSG00000237937', 'lENSG00000237993', 'lENSG00000238131', 'lENSG00000238140', 'lENSG00000238185', 'lENSG00000238282', 'lENSG00000239314', 'lENSG00000239482', 'lENSG00000239593', 'lENSG00000240354', 'lENSG00000240573', 'lENSG00000240868', 'lENSG00000241383', 'lENSG00000241397', 'lENSG00000241577', 'lENSG00000241593', 'lENSG00000241666', 'lENSG00000241985', 'lENSG00000242012', 'lENSG00000242072', 'lENSG00000242339', 'lENSG00000242391', 'lENSG00000242568', 'lENSG00000242795', 'lENSG00000242861', 'lENSG00000243149', 'lENSG00000243230', 'lENSG00000243273', 'lENSG00000243368', 'lENSG00000243797', 'lENSG00000243903', 'lENSG00000244278', 'lENSG00000244327', 'lENSG00000244701', 'lENSG00000245148', 'lENSG00000245385', 'lENSG00000246541', 'lENSG00000247867', 'lENSG00000247925', 'lENSG00000248125', 'lENSG00000248145', 'lENSG00000248148', 'lENSG00000248172', 'lENSG00000248358', 'lENSG00000248373', 'lENSG00000248393', 'lENSG00000248397', 'lENSG00000248416', 'lENSG00000248457', 'lENSG00000248482', 'lENSG00000248490', 'lENSG00000248576', 'lENSG00000248599', 'lENSG00000248627', 'lENSG00000248758', 'lENSG00000248789', 'lENSG00000248802', 'lENSG00000248925', 'lENSG00000248969', 'lENSG00000248975', 'lENSG00000248984', 'lENSG00000248995', 'lENSG00000249066', 'lENSG00000249111', 'lENSG00000249114', 'lENSG00000249297', 'lENSG00000249334', 'lENSG00000249382', 'lENSG00000249409', 'lENSG00000249419', 'lENSG00000249426', 'lENSG00000249441', 'lENSG00000249451', 'lENSG00000249474', 'lENSG00000249547', 'lENSG00000249605', 'lENSG00000249613', 'lENSG00000249697', 'lENSG00000249742', 'lENSG00000249753', 'lENSG00000249782', 'lENSG00000249806', 'lENSG00000249830', 'lENSG00000249865', 'lENSG00000250062', 'lENSG00000250092', 'lENSG00000250195', 'lENSG00000250242', 'lENSG00000250524', 'lENSG00000250541', 'lENSG00000250626', 'lENSG00000250629', 'lENSG00000250646', 'lENSG00000250657', 'lENSG00000250698', 'lENSG00000250761', 'lENSG00000250791', 'lENSG00000250820', 'lENSG00000250855', 'lENSG00000250865', 'lENSG00000250877', 'lENSG00000250910', 'lENSG00000250917', 'lENSG00000250929', 'lENSG00000250945', 'lENSG00000250949', 'lENSG00000250950', 'lENSG00000250955', 'lENSG00000250993', 'lENSG00000251059', 'lENSG00000251072', 'lENSG00000251088', 'lENSG00000251185', 'lENSG00000251194', 'lENSG00000251256', 'lENSG00000251266', 'lENSG00000251281', 'lENSG00000251283', 'lENSG00000251412', 'lENSG00000251438', 'lENSG00000251688', 'lENSG00000253134', 'lENSG00000253142', 'lENSG00000253147', 'lENSG00000253167', 'lENSG00000253171', 'lENSG00000253189', 'lENSG00000253282', 'lENSG00000253356', 'lENSG00000253397', 'lENSG00000253449', 'lENSG00000253456', 'lENSG00000253503', 'lENSG00000253507', 'lENSG00000253526', 'lENSG00000253530', 'lENSG00000253539', 'lENSG00000253577', 'lENSG00000253616', 'lENSG00000253619', 'lENSG00000253643', 'lENSG00000253645', 'lENSG00000253660', 'lENSG00000253665', 'lENSG00000253717', 'lENSG00000253754', 'lENSG00000253834', 'lENSG00000253851', 'lENSG00000253858', 'lENSG00000253865', 'lENSG00000253871', 'lENSG00000253875', 'lENSG00000253880', 'lENSG00000253927', 'lENSG00000253947', 'lENSG00000253976', 'lENSG00000254011', 'lENSG00000254021', 'lENSG00000254026', 'lENSG00000254031', 'lENSG00000254033', 'lENSG00000254035', 'lENSG00000254043', 'lENSG00000254084', 'lENSG00000254094', 'lENSG00000254123', 'lENSG00000254141', 'lENSG00000254171', 'lENSG00000254177', 'lENSG00000254207', 'lENSG00000254239', 'lENSG00000254242', 'lENSG00000254263', 'lENSG00000254314', 'lENSG00000254325', 'lENSG00000254330', 'lENSG00000254347', 'lENSG00000254350', 'lENSG00000254380', 'lENSG00000254428', 'lENSG00000254429', 'lENSG00000254456', 'lENSG00000254516', 'lENSG00000254526', 'lENSG00000254574', 'lENSG00000254604', 'lENSG00000254620', 'lENSG00000254626', 'lENSG00000254627', 'lENSG00000254689', 'lENSG00000254739', 'lENSG00000254775', 'lENSG00000254787', 'lENSG00000254829', 'lENSG00000254842', 'lENSG00000254846', 'lENSG00000254847', 'lENSG00000254864', 'lENSG00000254921', 'lENSG00000254928', 'lENSG00000254930', 'lENSG00000254983', 'lENSG00000254990', 'lENSG00000255027', 'lENSG00000255039', 'lENSG00000255041', 'lENSG00000255084', 'lENSG00000255114', 'lENSG00000255121', 'lENSG00000255159', 'lENSG00000255167', 'lENSG00000255227', 'lENSG00000255241', 'lENSG00000255247', 'lENSG00000255252', 'lENSG00000255271', 'lENSG00000255300', 'lENSG00000255327', 'lENSG00000255343', 'lENSG00000255357', 'lENSG00000255366', 'lENSG00000255375', 'lENSG00000255388', 'lENSG00000255390', 'lENSG00000255443', 'lENSG00000255462', 'lENSG00000255478', 'lENSG00000255482', 'lENSG00000255487', 'lENSG00000255496', 'lENSG00000255498', 'lENSG00000255506', 'lENSG00000255523', 'lENSG00000255528', 'lENSG00000255539', 'lENSG00000255565', 'lENSG00000255572', 'lENSG00000255580', 'lENSG00000255808', 'lENSG00000255839', 'lENSG00000255893', 'lENSG00000255949', 'lENSG00000256007', 'lENSG00000256071', 'lENSG00000256072', 'lENSG00000256083', 'lENSG00000256209', 'lENSG00000256226', 'lENSG00000256234', 'lENSG00000256292', 'lENSG00000256314', 'lENSG00000256364', 'lENSG00000256448', 'lENSG00000256452', 'lENSG00000256482', 'lENSG00000256484', 'lENSG00000256582', 'lENSG00000256670', 'lENSG00000256733', 'lENSG00000256897', 'lENSG00000256972', 'lENSG00000257004', 'lENSG00000257022', 'lENSG00000257096', 'lENSG00000257137', 'lENSG00000257165', 'lENSG00000257235', 'lENSG00000257261', 'lENSG00000257264', 'lENSG00000257265', 'lENSG00000257271', 'lENSG00000257275', 'lENSG00000257342', 'lENSG00000257381', 'lENSG00000257407', 'lENSG00000257488', 'lENSG00000257494', 'lENSG00000257500', 'lENSG00000257514', 'lENSG00000257527', 'lENSG00000257541', 'lENSG00000257587', 'lENSG00000257634', 'lENSG00000257653', 'lENSG00000257682', 'lENSG00000257732', 'lENSG00000257750', 'lENSG00000257764', 'lENSG00000257787', 'lENSG00000257860', 'lENSG00000257904', 'lENSG00000257925', 'lENSG00000257997', 'lENSG00000258007', 'lENSG00000258044', 'lENSG00000258084', 'lENSG00000258108', 'lENSG00000258167', 'lENSG00000258234', 'lENSG00000258272', 'lENSG00000258292', 'lENSG00000258308', 'lENSG00000258312', 'lENSG00000258313', 'lENSG00000258323', 'lENSG00000258331', 'lENSG00000258378', 'lENSG00000258390', 'lENSG00000258394', 'lENSG00000258425', 'lENSG00000258460', 'lENSG00000258515', 'lENSG00000258516', 'lENSG00000258520', 'lENSG00000258610', 'lENSG00000258657', 'lENSG00000258670', 'lENSG00000258690', 'lENSG00000258695', 'lENSG00000258698', 'lENSG00000258742', 'lENSG00000258745', 'lENSG00000258784', 'lENSG00000258800', 'lENSG00000258824', 'lENSG00000258826', 'lENSG00000258829', 'lENSG00000258850', 'lENSG00000258869', 'lENSG00000258892', 'lENSG00000258904', 'lENSG00000258908', 'lENSG00000258944', 'lENSG00000258958', 'lENSG00000259007', 'lENSG00000259187', 'lENSG00000259188', 'lENSG00000259194', 'lENSG00000259202', 'lENSG00000259211', 'lENSG00000259250', 'lENSG00000259256', 'lENSG00000259265', 'lENSG00000259268', 'lENSG00000259290', 'lENSG00000259294', 'lENSG00000259307', 'lENSG00000259352', 'lENSG00000259360', 'lENSG00000259385', 'lENSG00000259432', 'lENSG00000259503', 'lENSG00000259532', 'lENSG00000259544', 'lENSG00000259595', 'lENSG00000259631', 'lENSG00000259636', 'lENSG00000259649', 'lENSG00000259678', 'lENSG00000259757', 'lENSG00000259759', 'lENSG00000259767', 'lENSG00000259798', 'lENSG00000259805', 'lENSG00000259935', 'lENSG00000259945', 'lENSG00000259955', 'lENSG00000259967', 'lENSG00000260003', 'lENSG00000260017', 'lENSG00000260022', 'lENSG00000260058', 'lENSG00000260186', 'lENSG00000260190', 'lENSG00000260237', 'lENSG00000260246', 'lENSG00000260304', 'lENSG00000260454', 'lENSG00000260476', 'lENSG00000260586', 'lENSG00000260605', 'lENSG00000260626', 'lENSG00000260659', 'lENSG00000260720', 'lENSG00000260741', 'lENSG00000260773', 'lENSG00000260798', 'lENSG00000260814', 'lENSG00000260884', 'lENSG00000260911', 'lENSG00000260934', 'lENSG00000260986', 'lENSG00000260999', 'lENSG00000261014', 'lENSG00000261036', 'lENSG00000261065', 'lENSG00000261066', 'lENSG00000261070', 'lENSG00000261243', 'lENSG00000261248', 'lENSG00000261261', 'lENSG00000261266', 'lENSG00000261307', 'lENSG00000261332', 'lENSG00000261379', 'lENSG00000261475', 'lENSG00000261507', 'lENSG00000261523', 'lENSG00000261552', 'lENSG00000261633', 'lENSG00000261663', 'lENSG00000261671', 'lENSG00000261695', 'lENSG00000261697', 'lENSG00000261723', 'lENSG00000261729', 'lENSG00000261731', 'lENSG00000261761', 'lENSG00000261864', 'lENSG00000262151', 'lENSG00000262434', 'lENSG00000262652', 'lENSG00000262692', 'lENSG00000262777', 'lENSG00000262810', 'lENSG00000262815', 'lENSG00000263080', 'lENSG00000263237', 'lENSG00000263257', 'lENSG00000263300', 'lENSG00000263321', 'lENSG00000263335', 'lENSG00000263417', 'lENSG00000263466', 'lENSG00000263585', 'lENSG00000263594', 'lENSG00000263618', 'lENSG00000263684', 'lENSG00000263709', 'lENSG00000263765', 'lENSG00000263797', 'lENSG00000263847', 'lENSG00000263873', 'lENSG00000263952', 'lENSG00000263982', 'lENSG00000263986', 'lENSG00000264016', 'lENSG00000264023', 'lENSG00000264066', 'lENSG00000264107', 'lENSG00000264116', 'lENSG00000264151', 'lENSG00000264254', 'lENSG00000264269', 'lENSG00000264513', 'lENSG00000264546', 'lENSG00000264558', 'lENSG00000264595', 'lENSG00000264622', 'lENSG00000264734', 'lENSG00000264769', 'lENSG00000264825', 'lENSG00000264924', 'lENSG00000265125', 'lENSG00000265168', 'lENSG00000265205', 'lENSG00000265265', 'lENSG00000265334', 'lENSG00000265359', 'lENSG00000265443', 'lENSG00000265474', 'lENSG00000265554', 'lENSG00000265625', 'lENSG00000265643', 'lENSG00000265728', 'lENSG00000265739', 'lENSG00000265743', 'lENSG00000265791', 'lENSG00000265800', 'lENSG00000265840', 'lENSG00000265844', 'lENSG00000265845', 'lENSG00000265980', 'lENSG00000265987', 'lENSG00000265994', 'lENSG00000266102', 'lENSG00000266153', 'lENSG00000266311', 'lENSG00000266368', 'lENSG00000266397', 'lENSG00000266535', 'lENSG00000266538', 'lENSG00000266541', 'lENSG00000266696', 'lENSG00000266801', 'lENSG00000266839', 'lENSG00000266877', 'lENSG00000266936', 'lENSG00000266981', 'lENSG00000266985', 'lENSG00000266993', 'lENSG00000267000', 'lENSG00000267028', 'lENSG00000267057', 'lENSG00000267063', 'lENSG00000267177', 'lENSG00000267225', 'lENSG00000267234', 'lENSG00000267263', 'lENSG00000267274', 'lENSG00000267286', 'lENSG00000267320', 'lENSG00000267341', 'lENSG00000267364', 'lENSG00000267378', 'lENSG00000267436', 'lENSG00000267437', 'lENSG00000267501', 'lENSG00000267510', 'lENSG00000267543', 'lENSG00000267583', 'lENSG00000267593', 'lENSG00000267615', 'lENSG00000267617', 'lENSG00000267633', 'lENSG00000267638', 'lENSG00000267711', 'lENSG00000267791', 'lENSG00000267922', 'lENSG00000267980', 'lENSG00000268015', 'lENSG00000268049', 'lENSG00000268051', 'lENSG00000268069', 'lENSG00000268078', 'lENSG00000268191', 'lENSG00000268203', 'lENSG00000268289', 'lENSG00000268292', 'lENSG00000268296', 'lENSG00000268520', 'lENSG00000268605', 'lENSG00000268734', 'lENSG00000268743', 'lENSG00000268798', 'lENSG00000268833', 'lENSG00000268906', 'lENSG00000268912', 'lENSG00000268981', 'lENSG00000269044', 'lENSG00000269085', 'lENSG00000269145', 'lENSG00000269191', 'lENSG00000269292', 'lENSG00000269350', 'lENSG00000269495', 'lENSG00000269504', 'lENSG00000269578', 'lENSG00000269621', 'lENSG00000269729', 'lENSG00000269802', 'lENSG00000269826', 'lENSG00000269843', 'lENSG00000269901', 'lENSG00000269950', 'lENSG00000269987', 'lENSG00000270082', 'lENSG00000270094', 'lENSG00000270108', 'lENSG00000270380', 'lENSG00000270726', 'lENSG00000270871', 'lENSG00000271032', 'lENSG00000271218', 'lENSG00000271314', 'lENSG00000271579', 'lENSG00000271717', 'lENSG00000271787', 'lENSG00000271833', 'lENSG00000271901', 'lENSG00000271936', 'lENSG00000271945', 'lENSG00000271983', 'lENSG00000272027', 'lENSG00000272072', 'lENSG00000272149', 'lENSG00000272338', 'lENSG00000272510', 'lENSG00000272540', 'lENSG00000272575', 'lENSG00000272642', 'lENSG00000272661', 'lENSG00000272742', 'lENSG00000272810', 'lENSG00000272866', 'lENSG00000272995', 'lENSG00000273035', 'lENSG00000273110', 'lENSG00000273198', 'lENSG00000273226', 'lENSG00000273257', 'lENSG00000273271', 'lENSG00000273275', 'lENSG00000273360', 'lENSG00000273449', 'lENSG00000273461', 'lENSG00000273485', 'lENSG00000273493', 'lENSG00000273550', 'lENSG00000273838', 'lENSG00000273877', 'lENSG00000273919', 'lENSG00000274177', 'lENSG00000274227', 'lENSG00000274561', 'lENSG00000274678', 'lENSG00000274737', 'lENSG00000274863', 'lENSG00000274893', 'lENSG00000275173', 'lENSG00000275345', 'lENSG00000275356', 'lENSG00000275484', 'lENSG00000275638', 'lENSG00000275871', 'lENSG00000275963', 'lENSG00000276054', 'lENSG00000276107', 'lENSG00000276266', 'lENSG00000276488', 'lENSG00000276527', 'lENSG00000276533', 'lENSG00000276997', 'lENSG00000277173', 'lENSG00000277332', 'lENSG00000277639', 'lENSG00000277675', 'lENSG00000278000', 'lENSG00000278013', 'lENSG00000278351', 'lENSG00000278630', 'lENSG00000278766', 'lENSG00000278944', 'lENSG00000279484', 'lENSG00000279501', 'lENSG00000279623', 'lENSG00000279687', 'lENSG00000279751', 'lENSG00000279920', 'lENSG00000280206', 'lENSG00000280224', 'lENSG00000280455', 'lENSG00000280580', 'lENSG00000280703', 'lENSG00000280870', 'lENSG00000280881', 'lENSG00000281021', 'lENSG00000281831', 'lENSG00000282478', 'lENSG00000282828', 'lENSG00000282950', 'lENSG00000283083', 'lENSG00000283286', 'lENSG00000283347', 'lENSG00000283375', 'lENSG00000283436', 'lENSG00000283457', 'lENSG00000283573', 'lENSG00000283631', 'lENSG00000283766', 'lENSG00000283973', 'lENSG00000284376', 'lENSG00000284418', 'lENSG00000284500', 'lENSG00000284608', 'lENSG00000284699', 'lENSG00000284846', 'lENSG00000284994', 'lENSG00000285012', 'lENSG00000285040', 'lENSG00000285117', 'lENSG00000285354', 'lENSG00000285409', 'lENSG00000285473', 'lENSG00000285518', 'lENSG00000285524', 'lENSG00000285550', 'lENSG00000285551', 'lENSG00000285619', 'lENSG00000285621', 'lENSG00000285654', 'lENSG00000285699', 'lENSG00000285709', 'lENSG00000285780', 'lENSG00000285861', 'lENSG00000285889', 'lENSG00000285954', 'lENSG00000286002', 'lENSG00000286018', 'lENSG00000286020', 'lENSG00000286050', 'lENSG00000286076', 'lENSG00000286089', 'lENSG00000286093', 'lENSG00000286101', 'lENSG00000286168', 'lENSG00000286188', 'lENSG00000286194', 'lENSG00000286197', 'lENSG00000286206', 'lENSG00000286242', 'lENSG00000286244', 'lENSG00000286276', 'lENSG00000286303', 'lENSG00000286331', 'lENSG00000286333', 'lENSG00000286338', 'lENSG00000286357', 'lENSG00000286419', 'lENSG00000286430', 'lENSG00000286436', 'lENSG00000286441', 'lENSG00000286453', 'lENSG00000286461', 'lENSG00000286474', 'lENSG00000286515', 'lENSG00000286565', 'lENSG00000286578', 'lENSG00000286581', 'lENSG00000286584', 'lENSG00000286588', 'lENSG00000286598', 'lENSG00000286617', 'lENSG00000286639', 'lENSG00000286645', 'lENSG00000286689', 'lENSG00000286690', 'lENSG00000286715', 'lENSG00000286716', 'lENSG00000286722', 'lENSG00000286735', 'lENSG00000286738', 'lENSG00000286740', 'lENSG00000286751', 'lENSG00000286759', 'lENSG00000286767', 'lENSG00000286770', 'lENSG00000286776', 'lENSG00000286781', 'lENSG00000286795', 'lENSG00000286820', 'lENSG00000286822', 'lENSG00000286838', 'lENSG00000286843', 'lENSG00000286887', 'lENSG00000286908', 'lENSG00000286963', 'lENSG00000287005', 'lENSG00000287006', 'lENSG00000287020', 'lENSG00000287066', 'lENSG00000287094', 'lENSG00000287107', 'lENSG00000287108', 'lENSG00000287128', 'lENSG00000287155', 'lENSG00000287159', 'lENSG00000287191', 'lENSG00000287198', 'lENSG00000287213', 'lENSG00000287236', 'lENSG00000287270', 'lENSG00000287285', 'lENSG00000287321', 'lENSG00000287335', 'lENSG00000287358', 'lENSG00000287359', 'lENSG00000287367', 'lENSG00000287381', 'lENSG00000287423', 'lENSG00000287441', 'lENSG00000287451', 'lENSG00000287456', 'lENSG00000287501', 'lENSG00000287511', 'lENSG00000287517', 'lENSG00000287518', 'lENSG00000287545', 'lENSG00000287551', 'lENSG00000287556', 'lENSG00000287618', 'lENSG00000287660', 'lENSG00000287664', 'lENSG00000287687', 'lENSG00000287691', 'lENSG00000287704', 'lENSG00000211683', 'lENSG00000214955', 'lENSG00000223795', 'lENSG00000224884', 'lENSG00000225393', 'lENSG00000225836', 'lENSG00000228255', 'lENSG00000228538', 'lENSG00000229454', 'lENSG00000229458', 'lENSG00000229628', 'lENSG00000229964', 'lENSG00000230600', 'lENSG00000230649', 'lENSG00000231212', 'lENSG00000231616', 'lENSG00000232056', 'lENSG00000233200', 'lENSG00000234083', 'lENSG00000234810', 'lENSG00000235337', 'lENSG00000235795', 'lENSG00000239801', 'lENSG00000241792', 'lENSG00000244620', 'lENSG00000247810', 'lENSG00000248359', 'lENSG00000249159', 'lENSG00000250481', 'lENSG00000250670', 'lENSG00000250686', 'lENSG00000250777', 'lENSG00000250948', 'lENSG00000251506', 'lENSG00000253766', 'lENSG00000254306', 'lENSG00000254927', 'lENSG00000255279', 'lENSG00000255325', 'lENSG00000255644', 'lENSG00000256686', 'lENSG00000257603', 'lENSG00000257715', 'lENSG00000258088', 'lENSG00000258196', 'lENSG00000258949', 'lENSG00000259123', 'lENSG00000259222', 'lENSG00000259244', 'lENSG00000259255', 'lENSG00000259274', 'lENSG00000259306', 'lENSG00000259407', 'lENSG00000260511', 'lENSG00000260983', 'lENSG00000261193', 'lENSG00000261445', 'lENSG00000261470', 'lENSG00000261775', 'lENSG00000264660', 'lENSG00000265174', 'lENSG00000266893', 'lENSG00000267521', 'lENSG00000267581', 'lENSG00000269391', 'lENSG00000269460', 'lENSG00000272304', 'lENSG00000272369', 'lENSG00000273138', 'lENSG00000273403', 'lENSG00000273486', 'lENSG00000274902', 'lENSG00000275232', 'lENSG00000278514', 'lENSG00000279672', 'lENSG00000282887', 'lENSG00000286164', 'lENSG00000226032', 'lENSG00000235736', 'lENSG00000251613', 'lENSG00000263316', 'lENSG00000258631', 'lENSG00000260141', 'lENSG00000279472', 'lENSG00000271870', 'lENSG00000272934', 'lENSG00000271840', 'lENSG00000253701', 'lENSG00000281408', 'lENSG00000268166', 'lALG13-AS1', 'lDGUOK-AS1', 'lDSCR8', 'lMIR145', 'lMIR24-2', 'lMIR3179-2', 'lMIR3654', 'lACA64', 'lCDKN2B-AS', 'lC3orf65']","[1.0, 0.0, 0.0, 1.0, 1.0, 1.0, 0.0, 1.0, 0.0, 1.0, 1.0, 0.0, 0.0, 1.0, 1.0, 0.0, 1.0, 0.0, 1.0, 0.0, 1.0, 0.0, 0.0, 1.0, 1.0, 1.0, 1.0, 0.0, 1.0, 0.0, 1.0, 1.0, 0.0, 0.0, 0.0, 1.0, 0.0, 1.0, 0.0, 1.0, 0.0, 1.0, 1.0, 0.0, 1.0, 0.0, 0.0, 0.0, 0.0, 0.0, 0.0, 1.0, 1.0, 1.0, 1.0, 1.0, 0.0, 1.0, 0.0, 0.0, 1.0, 1.0, 0.0, 1.0, 1.0, 1.0, 0.0, 0.0, 1.0, 1.0, 1.0, 1.0, 1.0, 1.0, 0.0, 0.0, 0.0, 1.0, 0.0, 1.0, 1.0, 0.0, 0.0, 1.0, 1.0, 0.0, 1.0, 1.0, 0.0, 1.0, 1.0, 0.0, 1.0, 1.0, 0.0, 0.0, 1.0, 1.0, 1.0, 1.0, 0.0, 1.0, 1.0, 0.0, 0.0, 1.0, 1.0, 1.0, 0.0, 0.0, 1.0, 0.0, 0.0, 0.0, 1.0, 1.0, 0.0, 1.0, 1.0, 1.0, 1.0, 1.0, 1.0, 0.0, 1.0, 0.0, 1.0, 1.0, 0.0, 1.0, 0.0, 0.0, 0.0, 1.0, 0.0, 0.0, 1.0, 0.0, 1.0, 1.0, 0.0, 1.0, 1.0, 0.0, 1.0, 0.0, 1.0, 1.0, 0.0, 0.0, 1.0, 1.0, 1.0, 1.0, 0.0, 0.0, 1.0, 1.0, 1.0, 0.0, 1.0, 0.0, 0.0, 0.0, 1.0, 1.0, 0.0, 1.0, 0.0, 1.0, 0.0, 0.0, 0.0, 0.0, 1.0, 0.0, 0.0, 1.0, 0.0, 1.0, 1.0, 1.0, 1.0, 0.0, 1.0, 1.0, 0.0, 0.0, 0.0, 1.0, 1.0, 0.0, 1.0, 1.0, 0.0, 1.0, 1.0, 1.0, 0.0, 0.0, 0.0, 0.0, 1.0, 1.0, 0.0, 1.0, 0.0, 1.0, 1.0, 0.0, 0.0, 0.0, 0.0, 0.0, 1.0, 0.0, 0.0, 1.0, 1.0, 0.0, 0.0, 0.0, 0.0, 0.0, 1.0, 1.0, 1.0, 1.0, 1.0, 0.0, 0.0, 1.0, 1.0, 0.0, 1.0, 0.0, 1.0, 1.0, 1.0, 1.0, 1.0, 1.0, 0.0, 1.0, 0.0, 0.0, 0.0, 1.0, 0.0, 1.0, 1.0, 0.0, 0.0, 0.0, 1.0, 0.0, 0.0, 1.0, 1.0, 1.0, 0.0, 0.0, 0.0, 0.0, 1.0, 1.0, 1.0, 1.0, 1.0, 1.0, 1.0, 0.0, 0.0, 0.0, 1.0, 0.0, 0.0, 1.0, 1.0, 1.0, 0.0, 1.0, 0.0, 1.0, 0.0, 0.0, 1.0, 1.0, 1.0, 1.0, 0.0, 0.0, 1.0, 1.0, 1.0, 0.0, 0.0, 0.0, 0.0, 0.0, 0.0, 0.0, 0.0, 0.0, 1.0, 1.0, 1.0, 1.0, 0.0, 1.0, 1.0, 1.0, 1.0, 1.0, 0.0, 0.0, 1.0, 0.0, 0.0, 1.0, 1.0, 1.0, 0.0, 1.0, 1.0, 1.0, 1.0, 0.0, 1.0, 1.0, 0.0, 0.0, 0.0, 1.0, 0.0, 1.0, 1.0, 0.0, 0.0, 0.0, 0.0, 1.0, 0.0, 1.0, 1.0, 1.0, 1.0, 0.0, 1.0, 0.0, 1.0, 0.0, 1.0, 0.0, 1.0, 1.0, 1.0, 1.0, 0.0, 1.0, 0.0, 1.0, 0.0, 1.0, 1.0, 0.0, 0.0, 1.0, 1.0, 0.0, 1.0, 0.0, 0.0, 0.0, 1.0, 1.0, 0.0, 1.0, 0.0, 0.0, 1.0, 0.0, 0.0, 0.0, 0.0, 0.0, 0.0, 0.0, 1.0, 1.0, 0.0, 1.0, 0.0, 0.0, 0.0, 0.0, 1.0, 0.0, 1.0, 0.0, 1.0, 0.0, 0.0, 0.0, 1.0, 1.0, 0.0, 0.0, 1.0, 0.0, 1.0, 1.0, 1.0, 1.0, 0.0, 0.0, 0.0, 0.0, 1.0, 0.0, 1.0, 0.0, 0.0, 0.0, 1.0, 1.0, 0.0, 1.0, 0.0, 1.0, 0.0, 1.0, 0.0, 1.0, 1.0, 0.0, 1.0, 1.0, 0.0, 0.0, 0.0, 0.0, 1.0, 1.0, 0.0, 1.0, 0.0, 1.0, 0.0, 1.0, 0.0, 1.0, 1.0, 1.0, 1.0, 0.0, 0.0, 1.0, 0.0, 1.0, 1.0, 0.0, 1.0, 1.0, 0.0, 1.0, 0.0, 1.0, 1.0, 0.0, 1.0, 1.0, 1.0, 0.0, 0.0, 1.0, 0.0, 1.0, 1.0, 0.0, 0.0, 0.0, 1.0, 1.0, 0.0, 0.0, 0.0, 1.0, 0.0, 1.0, 0.0, 0.0, 1.0, 0.0, 1.0, 1.0, 0.0, 0.0, 1.0, 1.0, 0.0, 0.0, 1.0, 1.0, 0.0, 1.0, 0.0, 1.0, 0.0, 1.0, 0.0, 0.0, 0.0, 0.0, 1.0, 1.0, 0.0, 1.0, 1.0, 1.0, 0.0, 0.0, 1.0, 1.0, 0.0, 0.0, 0.0, 0.0, 0.0, 1.0, 1.0, 0.0, 1.0, 1.0, 1.0, 0.0, 0.0, 0.0, 1.0, 0.0, 0.0, 0.0, 0.0, 1.0, 1.0, 0.0, 0.0, 0.0, 1.0, 1.0, 1.0, 0.0, 0.0, 1.0, 0.0, 1.0, 1.0, 0.0, 0.0, 1.0, 1.0, 0.0, 0.0, 0.0, 0.0, 1.0, 0.0, 0.0, 0.0, 1.0, 0.0, 0.0, 0.0, 1.0, 0.0, 1.0, 1.0, 0.0, 1.0, 0.0, 1.0, 0.0, 1.0, 1.0, 0.0, 0.0, 0.0, 1.0, 1.0, 0.0, 0.0, 0.0, 0.0, 1.0, 0.0, 0.0, 1.0, 1.0, 1.0, 1.0, 1.0, 1.0, 0.0, 0.0, 0.0, 1.0, 0.0, 0.0, 0.0, 0.0, 0.0, 0.0, 1.0, 1.0, 1.0, 1.0, 1.0, 0.0, 1.0, 0.0, 0.0, 1.0, 1.0, 0.0, 1.0, 0.0, 1.0, 1.0, 1.0, 1.0, 0.0, 1.0, 0.0, 0.0, 0.0, 1.0, 1.0, 1.0, 1.0, 0.0, 0.0, 1.0, 0.0, 1.0, 1.0, 0.0, 0.0, 1.0, 1.0, 0.0, 1.0, 1.0, 0.0, 1.0, 0.0, 1.0, 1.0, 0.0, 0.0, 0.0, 0.0, 1.0, 0.0, 1.0, 0.0, 1.0, 0.0, 1.0, 0.0, 1.0, 1.0, 1.0, 0.0, 1.0, 1.0, 1.0, 1.0, 1.0, 1.0, 1.0, 0.0, 1.0, 0.0, 0.0, 0.0, 0.0, 1.0, 1.0, 1.0, 1.0, 1.0, 1.0, 0.0, 1.0, 0.0, 1.0, 1.0, 0.0, 1.0, 1.0, 0.0, 0.0, 0.0, 0.0, 0.0, 0.0, 1.0, 0.0, 0.0, 1.0, 0.0, 0.0, 0.0, 0.0, 1.0, 0.0, 0.0, 0.0, 1.0, 0.0, 1.0, 1.0, 0.0, 0.0, 1.0, 0.0, 1.0, 0.0, 0.0, 0.0, 1.0, 0.0, 0.0, 0.0, 1.0, 1.0, 0.0, 1.0, 1.0, 1.0, 1.0, 0.0, 0.0, 0.0, 1.0, 0.0, 1.0, 0.0, 0.0, 1.0, 0.0, 0.0, 1.0, 1.0, 1.0, 0.0, 0.0, 1.0, 1.0, 1.0, 0.0, 0.0, 1.0, 1.0, 1.0, 0.0, 1.0, 0.0, 1.0, 0.0, 0.0, 0.0, 1.0, 0.0, 0.0, 1.0, 0.0, 1.0, 0.0, 1.0, 0.0, 0.0, 1.0, 1.0, 1.0, 0.0, 1.0, 1.0, 1.0, 0.0, 1.0, 1.0, 1.0, 1.0, 1.0, 1.0, 0.0, 0.0, 0.0, 0.0, 0.0, 1.0, 0.0, 0.0, 1.0, 0.0, 1.0, 0.0, 1.0, 0.0, 1.0, 0.0, 0.0, 0.0, 0.0, 0.0, 1.0, 1.0, 0.0, 1.0, 1.0, 1.0, 0.0, 0.0, 0.0, 1.0, 0.0, 0.0, 1.0, 1.0, 0.0, 1.0, 1.0, 0.0, 1.0, 1.0, 0.0, 0.0, 1.0, 1.0, 0.0, 0.0, 0.0, 1.0, 1.0, 0.0, 0.0, 0.0, 1.0, 0.0, 0.0, 0.0, 1.0, 1.0, 1.0, 0.0, 1.0, 1.0, 1.0, 1.0, 1.0, 0.0, 1.0, 0.0, 0.0, 0.0, 0.0, 1.0, 1.0, 1.0, 0.0, 1.0, 1.0, 0.0, 1.0, 0.0, 0.0, 0.0, 1.0, 0.0, 1.0, 0.0, 0.0, 1.0, 1.0, 0.0, 1.0, 0.0, 0.0, 0.0, 0.0, 1.0, 0.0, 1.0, 0.0, 1.0, 0.0, 1.0, 1.0, 0.0, 0.0, 0.0, 1.0, 1.0, 1.0, 1.0, 1.0, 1.0, 0.0, 0.0, 0.0, 1.0, 0.0, 0.0, 0.0, 0.0, 1.0, 0.0, 0.0, 1.0, 0.0, 1.0, 0.0, 1.0, 0.0, 0.0, 1.0, 1.0, 1.0, 0.0, 0.0, 0.0, 0.0, 1.0, 1.0, 0.0, 1.0, 0.0, 1.0, 0.0, 0.0, 1.0, 1.0, 0.0, 0.0, 1.0, 0.0, 1.0, 0.0, 0.0, 1.0, 1.0, 1.0, 0.0, 1.0, 1.0, 0.0, 0.0, 1.0, 1.0, 1.0, 0.0, 0.0, 0.0, 1.0, 0.0, 1.0, 0.0, 0.0, 1.0, 0.0, 0.0, 0.0, 0.0, 1.0, 0.0, 0.0, 0.0, 0.0, 0.0, 0.0, 1.0, 1.0, 1.0, 1.0, 1.0, 1.0, 1.0, 0.0, 0.0, 0.0, 1.0, 1.0, 0.0, 0.0, 0.0, 1.0, 0.0, 1.0, 0.0, 1.0, 0.0, 0.0, 0.0, 0.0, 0.0, 1.0, 0.0, 1.0, 0.0, 0.0, 1.0, 0.0, 1.0, 0.0, 1.0, 0.0, 0.0, 1.0, 0.0, 1.0, 1.0, 1.0, 0.0, 0.0, 1.0, 0.0, 0.0, 0.0, 1.0, 1.0, 1.0, 0.0, 0.0, 1.0, 0.0, 0.0, 1.0, 0.0, 0.0, 1.0, 1.0, 1.0, 0.0, 1.0, 1.0, 1.0, 0.0, 1.0, 1.0, 0.0, 1.0, 1.0, 0.0, 0.0, 0.0, 0.0, 1.0, 1.0, 1.0, 1.0, 0.0, 0.0, 1.0, 1.0, 0.0, 1.0, 1.0, 0.0, 0.0, 0.0, 0.0, 1.0, 1.0, 0.0, 1.0, 1.0, 0.0, 0.0, 1.0, 1.0, 0.0, 0.0, 1.0, 1.0, 1.0, 1.0, 0.0, 0.0, 1.0, 1.0, 1.0, 1.0, 1.0, 0.0, 1.0, 0.0, 0.0, 1.0, 1.0, 1.0, 0.0, 1.0, 0.0, 0.0, 0.0, 1.0, 0.0, 0.0, 1.0, 1.0, 1.0, 1.0, 0.0, 1.0, 0.0, 0.0, 0.0, 0.0, 1.0, 1.0, 1.0, 1.0, 1.0, 0.0, 0.0, 1.0, 1.0, 0.0, 0.0, 0.0, 1.0, 1.0, 1.0, 1.0, 0.0, 1.0, 0.0, 0.0, 0.0, 0.0, 1.0, 1.0, 0.0, 0.0, 0.0, 0.0, 1.0, 0.0, 0.0, 1.0, 0.0, 0.0, 1.0, 0.0, 1.0, 1.0, 1.0, 0.0, 0.0, 0.0, 0.0, 1.0, 1.0, 1.0, 0.0, 1.0, 0.0, 1.0, 1.0, 0.0, 0.0, 1.0, 0.0, 1.0, 0.0, 1.0, 0.0, 0.0, 1.0, 0.0, 1.0, 0.0, 0.0, 1.0, 0.0, 0.0, 0.0, 1.0, 1.0, 0.0, 1.0, 0.0, 0.0, 1.0, 0.0, 1.0, 1.0, 0.0, 0.0, 0.0, 1.0, 0.0, 0.0, 1.0, 1.0, 1.0, 0.0, 1.0, 0.0, 0.0, 1.0, 0.0, 1.0, 0.0, 1.0, 1.0, 0.0, 1.0, 0.0, 0.0, 1.0, 1.0, 1.0, 0.0, 1.0, 1.0, 1.0, 1.0, 1.0, 0.0, 0.0, 0.0, 0.0, 0.0, 0.0, 0.0, 1.0, 0.0, 1.0, 1.0, 1.0, 1.0, 1.0, 0.0, 0.0, 1.0, 0.0, 1.0, 0.0, 0.0, 0.0, 1.0, 0.0, 0.0, 0.0, 0.0, 0.0, 0.0, 1.0, 1.0, 0.0, 1.0, 0.0, 0.0, 1.0, 0.0, 0.0, 1.0, 1.0, 0.0, 1.0, 0.0, 0.0, 1.0, 1.0, 1.0, 0.0, 0.0, 0.0, 1.0, 0.0, 1.0, 1.0, 0.0, 1.0, 0.0, 0.0, 0.0, 1.0, 1.0, 1.0, 1.0, 1.0, 0.0, 1.0, 1.0, 1.0, 0.0, 0.0, 0.0, 1.0, 0.0, 1.0, 0.0, 0.0, 0.0, 1.0, 1.0, 1.0, 0.0, 0.0, 0.0, 0.0, 1.0, 1.0, 0.0, 1.0, 0.0, 0.0, 0.0, 1.0, 0.0, 0.0, 0.0, 1.0, 1.0, 0.0, 1.0, 1.0, 1.0, 0.0, 0.0, 1.0, 1.0, 0.0, 0.0, 0.0, 0.0, 0.0, 1.0, 0.0, 1.0, 0.0, 0.0, 0.0, 0.0, 1.0, 0.0, 0.0, 0.0, 1.0, 0.0, 1.0, 0.0, 0.0, 0.0, 0.0, 1.0, 1.0, 1.0, 0.0, 1.0, 1.0, 1.0, 1.0, 0.0, 1.0, 1.0, 0.0, 1.0, 0.0, 0.0, 1.0, 0.0, 0.0, 0.0, 1.0, 1.0, 1.0, 0.0, 0.0, 1.0, 1.0, 1.0, 0.0, 0.0, 0.0, 1.0, 0.0, 0.0, 0.0, 1.0, 0.0, 1.0, 1.0, 0.0, 1.0, 1.0, 0.0, 1.0, 0.0, 1.0, 1.0, 1.0, 1.0, 0.0, 1.0, 0.0, 1.0, 1.0, 1.0, 1.0, 0.0, 1.0, 0.0, 0.0, 0.0, 1.0, 0.0, 0.0, 1.0, 0.0, 0.0, 0.0, 1.0, 1.0, 1.0, 1.0, 0.0, 1.0, 1.0, 1.0, 1.0, 0.0, 1.0, 0.0, 1.0, 0.0, 0.0, 1.0, 1.0, 1.0, 0.0, 0.0, 1.0, 0.0, 1.0, 0.0, 0.0, 0.0, 1.0, 1.0, 0.0, 0.0, 0.0, 1.0, 0.0, 0.0, 1.0, 1.0, 1.0, 0.0, 0.0, 1.0, 0.0, 1.0, 1.0, 0.0, 1.0, 0.0, 1.0, 0.0, 1.0, 1.0, 1.0, 1.0, 1.0, 1.0, 1.0, 0.0, 0.0, 1.0, 0.0, 1.0, 1.0, 0.0, 1.0, 0.0, 0.0, 0.0, 1.0, 1.0, 0.0, 0.0, 1.0, 0.0, 0.0, 0.0, 0.0, 0.0, 1.0, 0.0, 0.0, 1.0, 1.0, 0.0, 0.0, 1.0, 1.0, 0.0, 0.0, 0.0, 0.0, 1.0, 1.0, 0.0, 1.0, 1.0, 0.0, 1.0, 0.0, 1.0, 1.0, 1.0, 1.0, 0.0, 0.0, 0.0, 1.0, 1.0, 1.0, 0.0, 1.0, 0.0, 1.0, 1.0, 0.0, 1.0, 1.0, 0.0, 0.0, 1.0, 1.0, 1.0, 0.0, 0.0, 1.0, 0.0, 1.0, 1.0, 1.0, 1.0, 1.0, 0.0, 0.0, 1.0, 0.0, 0.0, 0.0, 1.0, 1.0, 0.0, 0.0, 0.0, 1.0, 0.0, 1.0, 1.0, 1.0, 0.0, 1.0, 1.0, 0.0, 0.0, 0.0, 0.0, 0.0, 1.0, 0.0, 1.0, 0.0, 0.0, 0.0, 0.0, 0.0, 1.0, 0.0, 0.0, 1.0, 0.0, 0.0, 1.0, 0.0, 1.0, 0.0, 1.0, 0.0, 1.0, 0.0, 1.0, 1.0, 1.0, 0.0, 0.0, 0.0, 0.0, 0.0, 1.0, 1.0, 1.0, 1.0, 0.0, 0.0, 0.0, 1.0, 1.0, 0.0, 1.0, 0.0, 1.0, 1.0, 1.0, 1.0, 1.0, 1.0, 0.0, 0.0, 1.0, 1.0, 0.0, 0.0, 0.0, 0.0, 1.0, 1.0, 1.0, 0.0, 1.0, 0.0, 1.0, 0.0, 0.0, 1.0, 1.0, 0.0, 0.0, 0.0, 0.0, 1.0, 1.0, 0.0, 0.0, 1.0, 0.0, 1.0, 1.0, 0.0, 0.0, 0.0, 1.0, 0.0, 1.0, 0.0, 0.0, 0.0, 0.0, 0.0, 0.0, 0.0, 1.0, 0.0, 0.0, 1.0, 1.0, 0.0, 0.0, 1.0, 0.0, 1.0, 0.0, 0.0, 1.0, 0.0, 1.0, 0.0, 0.0, 1.0, 1.0, 0.0, 0.0, 1.0, 1.0, 1.0, 1.0, 1.0, 0.0, 0.0, 1.0, 0.0, 0.0, 0.0, 1.0, 0.0, 1.0, 1.0, 0.0, 1.0, 1.0, 1.0, 1.0, 0.0, 1.0, 0.0, 0.0, 1.0, 0.0, 1.0, 0.0, 0.0, 1.0, 1.0, 0.0, 0.0, 0.0, 1.0, 1.0, 1.0, 1.0, 1.0, 0.0, 1.0, 0.0, 0.0, 1.0, 0.0, 1.0, 1.0, 0.0, 1.0, 1.0, 1.0, 0.0, 1.0, 0.0, 1.0, 1.0, 0.0, 0.0, 0.0, 0.0, 1.0, 1.0, 1.0, 0.0, 0.0, 1.0, 1.0, 0.0, 1.0, 0.0, 1.0, 0.0, 0.0, 1.0, 1.0, 0.0, 1.0, 1.0, 1.0, 0.0, 1.0, 0.0, 0.0, 0.0, 0.0, 0.0, 1.0, 1.0, 1.0, 1.0, 0.0, 1.0, 0.0, 1.0, 1.0, 1.0, 1.0, 1.0, 1.0, 1.0, 0.0, 1.0, 0.0, 0.0, 0.0, 0.0, 0.0, 1.0, 0.0, 0.0, 0.0, 0.0, 0.0, 0.0, 0.0, 1.0, 0.0, 0.0, 0.0, 1.0, 1.0, 0.0, 1.0, 0.0, 1.0, 0.0, 0.0, 0.0, 1.0, 1.0, 0.0, 1.0, 0.0, 1.0, 0.0, 0.0, 1.0, 1.0, 1.0, 0.0, 0.0, 1.0, 0.0, 1.0, 0.0, 1.0, 0.0, 1.0, 0.0, 1.0, 1.0, 0.0, 0.0, 0.0, 0.0, 0.0, 0.0, 0.0, 0.0, 1.0, 0.0, 0.0, 0.0, 0.0, 1.0, 1.0, 0.0, 1.0, 0.0, 0.0, 0.0, 1.0, 1.0, 1.0, 1.0, 1.0, 0.0, 1.0, 1.0, 0.0, 0.0, 1.0, 1.0, 1.0, 1.0, 1.0, 1.0, 0.0, 0.0, 0.0, 1.0, 1.0, 1.0, 1.0, 1.0, 1.0, 0.0, 0.0, 0.0, 0.0, 0.0, 1.0, 0.0, 0.0, 0.0, 1.0, 1.0, 0.0, 1.0, 1.0, 0.0, 0.0, 1.0, 1.0, 1.0, 0.0, 0.0, 1.0, 1.0, 0.0, 1.0, 0.0, 1.0, 1.0, 1.0, 1.0, 0.0, 0.0, 0.0, 0.0, 0.0, 1.0, 1.0, 1.0, 1.0, 0.0, 1.0, 1.0, 1.0, 1.0, 1.0, 1.0, 0.0, 1.0, 1.0, 0.0, 0.0, 0.0, 0.0, 0.0, 1.0, 0.0, 0.0, 0.0, 0.0, 1.0, 1.0, 0.0, 1.0, 0.0, 0.0, 0.0, 1.0, 1.0, 1.0, 1.0, 1.0, 1.0, 1.0, 0.0, 1.0, 0.0, 1.0, 1.0, 0.0, 1.0, 1.0, 1.0, 0.0, 0.0, 0.0, 1.0, 1.0, 0.0, 0.0, 0.0, 0.0, 0.0, 1.0, 1.0, 0.0, 1.0, 1.0, 0.0, 1.0, 1.0, 1.0, 1.0, 1.0, 1.0, 1.0, 0.0, 1.0, 1.0, 0.0, 0.0, 1.0, 0.0, 0.0, 0.0, 0.0, 1.0, 0.0, 0.0, 0.0, 0.0, 0.0, 0.0, 0.0, 0.0, 1.0, 0.0, 1.0, 1.0, 1.0, 0.0, 0.0, 1.0, 0.0, 1.0, 1.0, 1.0, 0.0, 0.0, 1.0, 0.0, 0.0, 1.0, 0.0, 0.0, 1.0, 0.0, 1.0, 1.0, 1.0, 1.0, 1.0, 1.0, 0.0, 0.0, 0.0, 0.0, 1.0, 1.0, 1.0, 1.0, 1.0, 1.0, 1.0, 0.0, 1.0, 0.0, 1.0, 1.0, 0.0, 1.0, 0.0, 1.0, 0.0, 1.0, 1.0, 0.0, 1.0, 1.0, 0.0, 1.0, 0.0, 1.0, 1.0, 0.0, 0.0, 1.0, 1.0, 0.0, 1.0, 0.0, 0.0, 0.0, 0.0, 1.0, 1.0, 1.0, 0.0, 0.0, 1.0, 0.0, 1.0, 1.0, 0.0, 1.0, 1.0, 0.0, 0.0, 0.0, 1.0, 0.0, 1.0, 0.0, 1.0, 0.0, 0.0, 0.0, 1.0, 0.0, 1.0, 1.0, 0.0, 1.0, 1.0, 0.0, 0.0, 0.0, 1.0, 1.0, 0.0, 0.0, 1.0, 0.0, 1.0, 1.0, 0.0, 0.0, 1.0, 1.0, 0.0, 1.0, 0.0, 0.0, 1.0, 1.0, 0.0, 1.0, 1.0, 1.0, 1.0, 0.0, 0.0, 0.0, 1.0, 0.0, 0.0, 1.0, 0.0, 0.0, 1.0, 1.0, 0.0, 1.0, 1.0, 1.0, 0.0, 0.0, 0.0, 0.0, 0.0, 1.0, 0.0, 0.0, 1.0, 1.0, 0.0, 0.0, 1.0, 0.0, 0.0, 1.0, 0.0, 1.0, 1.0, 1.0, 1.0, 1.0, 1.0, 0.0, 0.0, 1.0, 0.0, 1.0, 0.0, 0.0, 1.0, 1.0, 1.0, 0.0, 1.0, 1.0, 0.0, 0.0, 0.0, 0.0, 0.0, 0.0, 1.0, 1.0, 1.0, 0.0, 1.0, 1.0, 1.0, 0.0, 1.0, 1.0, 1.0, 1.0, 0.0, 0.0, 0.0, 1.0, 0.0, 1.0, 1.0, 0.0, 0.0, 1.0, 1.0, 0.0, 0.0, 1.0, 0.0, 0.0, 0.0, 1.0, 1.0, 0.0, 0.0, 0.0, 1.0, 1.0, 0.0, 0.0, 1.0, 1.0, 0.0, 1.0, 0.0, 0.0, 0.0, 1.0, 0.0, 0.0, 1.0, 1.0, 1.0, 0.0, 1.0, 1.0, 1.0, 1.0, 1.0, 1.0, 1.0, 0.0, 1.0, 0.0, 1.0, 0.0, 0.0, 1.0, 1.0, 1.0, 1.0, 0.0, 1.0, 0.0, 1.0, 0.0, 0.0, 0.0, 1.0, 1.0, 1.0, 0.0, 1.0, 0.0, 1.0, 0.0, 0.0, 1.0, 0.0, 1.0, 0.0, 0.0, 1.0, 0.0, 1.0, 1.0, 0.0, 1.0, 0.0, 0.0, 0.0, 1.0, 1.0, 1.0, 0.0, 1.0, 0.0, 0.0, 0.0, 1.0, 1.0, 0.0, 1.0, 0.0, 1.0, 0.0, 0.0, 0.0, 0.0, 1.0, 0.0, 0.0, 0.0, 0.0, 1.0, 1.0, 1.0, 0.0, 1.0, 1.0, 1.0, 0.0, 0.0, 0.0, 0.0, 1.0, 1.0, 0.0, 0.0, 1.0, 0.0, 0.0, 1.0, 0.0, 1.0, 0.0, 0.0, 0.0, 1.0, 0.0, 0.0, 1.0, 0.0, 1.0, 0.0, 1.0, 0.0, 0.0, 1.0, 1.0, 1.0, 0.0, 0.0, 0.0, 1.0, 1.0, 0.0, 0.0, 0.0, 1.0, 1.0, 1.0, 0.0, 0.0, 1.0, 0.0, 1.0, 0.0, 0.0, 0.0, 1.0, 0.0, 1.0, 0.0, 1.0, 1.0, 1.0, 1.0, 0.0, 1.0, 1.0, 1.0, 0.0, 1.0, 0.0, 1.0, 0.0, 0.0, 1.0, 0.0, 1.0, 1.0, 1.0, 1.0, 0.0, 0.0, 0.0, 0.0, 0.0, 0.0, 0.0, 1.0, 1.0, 0.0, 0.0, 1.0, 0.0, 1.0, 0.0, 1.0, 0.0, 1.0, 0.0, 1.0, 1.0, 0.0, 1.0, 0.0, 0.0, 1.0, 1.0, 0.0, 1.0, 1.0, 1.0, 0.0, 1.0, 1.0, 1.0, 0.0, 1.0, 0.0, 1.0, 0.0, 1.0, 1.0, 1.0, 0.0, 1.0, 0.0, 0.0, 1.0, 0.0, 0.0, 1.0, 1.0, 1.0, 1.0, 1.0, 0.0, 1.0, 0.0, 0.0, 1.0, 1.0, 0.0, 1.0, 0.0, 1.0, 0.0, 1.0, 0.0, 0.0, 0.0, 1.0, 0.0, 1.0, 0.0, 1.0, 1.0, 1.0, 0.0, 0.0, 0.0, 1.0, 0.0, 0.0, 0.0, 1.0, 1.0, 1.0, 1.0, 1.0, 1.0, 1.0, 1.0, 0.0, 1.0, 0.0, 1.0, 0.0, 0.0, 0.0, 1.0, 0.0, 1.0, 0.0, 0.0, 1.0, 0.0, 1.0, 1.0, 1.0, 1.0, 1.0, 0.0, 0.0, 0.0, 1.0, 1.0, 0.0, 1.0, 0.0, 0.0, 1.0, 0.0, 1.0, 0.0, 1.0, 1.0, 0.0, 0.0, 0.0, 1.0, 1.0, 1.0, 0.0, 0.0, 0.0, 1.0, 0.0, 0.0, 1.0, 0.0, 0.0, 1.0, 0.0, 0.0, 0.0, 1.0, 0.0, 0.0, 0.0, 0.0, 1.0, 1.0, 0.0, 1.0, 0.0, 1.0, 0.0, 1.0, 0.0, 0.0, 1.0, 1.0, 0.0, 0.0, 1.0, 1.0, 0.0, 0.0, 0.0, 0.0, 0.0, 0.0, 0.0, 0.0, 0.0, 0.0, 1.0, 1.0, 0.0, 1.0, 1.0, 0.0, 0.0, 0.0, 0.0, 0.0, 1.0, 0.0, 0.0, 1.0, 1.0, 0.0, 1.0, 1.0, 1.0, 1.0, 0.0, 0.0, 0.0, 0.0, 1.0, 1.0, 0.0, 1.0, 0.0, 0.0, 0.0, 0.0, 1.0, 0.0, 0.0, 0.0, 1.0, 0.0, 0.0, 1.0, 1.0, 1.0, 1.0, 1.0, 0.0, 0.0, 0.0, 1.0, 0.0, 1.0, 1.0, 1.0, 1.0, 0.0, 1.0, 1.0, 0.0, 1.0, 1.0, 1.0, 0.0, 0.0, 1.0, 1.0, 1.0, 1.0, 1.0, 1.0, 0.0, 0.0, 1.0, 1.0, 1.0, 1.0, 0.0, 0.0, 1.0, 1.0, 1.0, 1.0, 1.0, 0.0, 0.0, 1.0, 1.0, 1.0, 1.0, 0.0, 1.0, 1.0, 1.0, 1.0, 1.0, 1.0, 0.0, 1.0, 1.0, 1.0, 0.0, 0.0, 0.0, 1.0, 1.0, 1.0, 1.0, 1.0, 0.0, 0.0, 0.0, 0.0, 1.0, 1.0, 0.0, 1.0, 1.0, 1.0, 1.0, 0.0, 1.0, 0.0, 0.0, 1.0, 1.0, 1.0, 0.0, 0.0, 0.0, 0.0, 1.0, 1.0, 1.0, 0.0, 0.0, 1.0, 1.0, 1.0, 0.0, 1.0, 1.0, 1.0, 0.0, 0.0, 1.0, 0.0, 0.0, 0.0, 1.0, 0.0, 0.0, 1.0, 0.0, 0.0, 1.0, 1.0, 1.0, 0.0, 0.0, 0.0, 0.0, 0.0, 1.0, 0.0, 1.0, 0.0, 0.0, 0.0, 0.0, 0.0, 0.0, 1.0, 1.0, 0.0, 1.0, 1.0, 0.0, 0.0, 0.0, 1.0, 1.0, 1.0, 1.0, 1.0, 0.0, 1.0, 1.0, 1.0, 0.0, 0.0, 0.0, 0.0, 0.0, 1.0, 1.0, 1.0, 1.0, 1.0, 1.0, 0.0, 1.0, 1.0, 0.0, 1.0, 0.0, 0.0, 0.0, 0.0, 1.0, 1.0, 0.0, 1.0, 1.0, 1.0, 0.0, 0.0, 1.0, 0.0, 0.0, 0.0, 0.0, 1.0, 0.0, 0.0, 1.0, 0.0, 0.0, 1.0, 1.0, 1.0, 1.0, 0.0, 0.0, 1.0, 0.0, 1.0, 0.0, 1.0, 1.0, 0.0, 1.0, 0.0, 1.0, 1.0, 1.0, 0.0, 0.0, 0.0, 0.0, 0.0, 1.0, 1.0, 1.0, 0.0, 0.0, 1.0, 1.0, 1.0, 0.0, 0.0, 1.0, 0.0, 0.0, 1.0, 1.0, 1.0, 0.0, 0.0, 1.0, 1.0, 0.0, 0.0, 1.0, 1.0, 0.0, 0.0, 0.0, 0.0, 0.0, 0.0, 0.0, 1.0, 0.0, 0.0, 1.0, 1.0, 1.0, 0.0, 1.0, 1.0, 0.0, 0.0, 1.0, 0.0, 1.0, 1.0, 0.0, 0.0, 0.0, 1.0, 1.0, 0.0, 1.0, 1.0, 0.0, 1.0, 0.0, 0.0, 1.0, 0.0, 0.0, 1.0, 0.0, 1.0, 0.0, 0.0, 1.0, 0.0, 0.0, 1.0, 0.0, 1.0, 0.0, 1.0, 0.0, 0.0, 1.0, 0.0, 1.0, 0.0, 0.0, 0.0, 0.0, 0.0, 0.0, 1.0, 1.0, 0.0]","['lNONHSAG000047', 'lNONHSAG000769', 'lNONHSAG001278', 'lNONHSAG002731', 'lNONHSAG003957', 'lNONHSAG004026', 'lNONHSAG004305', 'lNONHSAG005728', 'lNONHSAG006049', 'lNONHSAG006633', 'lNONHSAG007430', 'lNONHSAG007431', 'lNONHSAG008589', 'lNONHSAG008670', 'lNONHSAG008952', 'lNONHSAG009039', 'lNONHSAG009059', 'lNONHSAG009062', 'lNONHSAG009134', 'lNONHSAG010657', 'lNONHSAG011086', 'lNONHSAG011375', 'lNONHSAG012751', 'lNONHSAG013992', 'lNONHSAG014546', 'lNONHSAG014891', 'lNONHSAG017254', 'lNONHSAG017282', 'lNONHSAG017666', 'lNONHSAG017767', 'lNONHSAG018053', 'lNONHSAG018110', 'lNONHSAG018236', 'lNONHSAG018586', 'lNONHSAG019667', 'lNONHSAG019767', 'lNONHSAG019852', 'lNONHSAG020075', 'lNONHSAG020259', 'lNONHSAG020361', 'lNONHSAG020382', 'lNONHSAG020760', 'lNONHSAG021909', 'lNONHSAG022551', 'lNONHSAG022579', 'lNONHSAG023375', 'lNONHSAG023668', 'lNONHSAG024117', 'lNONHSAG024391', 'lNONHSAG024540', 'lNONHSAG024905', 'lNONHSAG024908', 'lNONHSAG024979', 'lNONHSAG025135', 'lNONHSAG025744', 'lNONHSAG025907', 'lNONHSAG026721', 'lNONHSAG027374', 'lNONHSAG027618', 'lNONHSAG027874', 'lNONHSAG029960', 'lNONHSAG030440', 'lNONHSAG030525', 'lNONHSAG030738', 'lNONHSAG031261', 'lNONHSAG031453', 'lNONHSAG031991', 'lNONHSAG032267', 'lNONHSAG032724', 'lNONHSAG033168', 'lNONHSAG033528', 'lNONHSAG034217', 'lNONHSAG034527', 'lNONHSAG034801', 'lNONHSAG035262', 'lNONHSAG035914', 'lNONHSAG035916', 'lNONHSAG035923', 'lNONHSAG040241', 'lNONHSAG040269', 'lNONHSAG040444', 'lNONHSAG040909', 'lNONHSAG040969', 'lNONHSAG041966', 'lNONHSAG042855', 'lNONHSAG042991', 'lNONHSAG043138', 'lNONHSAG043592', 'lNONHSAG044350', 'lNONHSAG045306', 'lNONHSAG046839', 'lNONHSAG047725', 'lNONHSAG047851', 'lNONHSAG048302', 'lNONHSAG049901', 'lNONHSAG050073', 'lNONHSAG050284', 'lNONHSAG050929', 'lNONHSAG051196', 'lNONHSAG051245', 'lNONHSAG051250', 'lNONHSAG051454', 'lNONHSAG052179', 'lNONHSAG052491', 'lNONHSAG052492', 'lNONHSAG053590', 'lNONHSAG054717', 'lNONHSAG056025', 'lNONHSAG057260', 'lNONHSAG059768', 'lNONHSAG064962', 'lNONHSAG069876', 'lNONHSAG072176', 'lNONHSAG073380', 'lNONHSAG073786', 'lNONHSAG077551', 'lNONHSAG091452', 'lNONHSAG103817', 'lENSG00000163364', 'lENSG00000179406', 'lENSG00000189295', 'lENSG00000229335', 'lENSG00000231473', 'lENSG00000233532', 'lENSG00000235385', 'lENSG00000247400', 'lENSG00000249835', 'lENSG00000249993', 'lENSG00000253315', 'lENSG00000254480', 'lENSG00000267440', 'lENSG00000267858', 'lENSG00000269939', 'lENSG00000270344', 'lENSG00000270959', 'lENSG00000286737', 'lENSG00000288080', 'lADAMTS9-AS2', 'lHEIH', 'lJRK', 'lKTN1-AS1', 'lLINC00240', 'lLINC00333', 'lLINC00472', 'lMIR31HG', 'lCTD-2540L5.5', 'lRP11-123O10.4', 'lRP11-24P14.1', 'lRP11-305P14.1', 'lRP4-756H11.3', 'lXXbac-BPG300A18.13', 'lNONHSAG001171', 'lNONHSAG001258', 'lNONHSAG001435', 'lNONHSAG002403', 'lNONHSAG002816', 'lNONHSAG003810', 'lNONHSAG005679', 'lNONHSAG005717', 'lNONHSAG005842', 'lNONHSAG005853', 'lNONHSAG005857', 'lNONHSAG005939', 'lNONHSAG005985', 'lNONHSAG006012', 'lNONHSAG006103', 'lNONHSAG006183', 'lNONHSAG006324', 'lNONHSAG006434', 'lNONHSAG006440', 'lNONHSAG006586', 'lNONHSAG006716', 'lNONHSAG006750', 'lNONHSAG006883', 'lNONHSAG007087', 'lNONHSAG007155', 'lNONHSAG007172', 'lNONHSAG007259', 'lNONHSAG007298', 'lNONHSAG007574', 'lENSG00000203472', 'lENSG00000219410', 'lENSG00000223563', 'lENSG00000224095', 'lENSG00000224330', 'lENSG00000224844', 'lENSG00000224972', 'lENSG00000225929', 'lENSG00000226143', 'lENSG00000226398', 'lENSG00000227330', 'lENSG00000227482', 'lENSG00000227718', 'lENSG00000228215', 'lENSG00000228372', 'lENSG00000229152', 'lENSG00000230121', 'lENSG00000230483', 'lENSG00000230668', 'lENSG00000230826', 'lENSG00000230912', 'lENSG00000231114', 'lENSG00000231413', 'lENSG00000231440', 'lENSG00000231681', 'lENSG00000232328', 'lENSG00000232746', 'lENSG00000234055', 'lENSG00000234172', 'lENSG00000234653', 'lENSG00000235086', 'lENSG00000235635', 'lENSG00000236326', 'lENSG00000236662', 'lENSG00000236921', 'lENSG00000236951', 'lENSG00000236953', 'lENSG00000237477', 'lENSG00000238291', 'lENSG00000239415', 'lENSG00000242545', 'lENSG00000242618', 'lENSG00000243961', 'lENSG00000244461', 'lENSG00000248245', 'lENSG00000248935', 'lENSG00000249071', 'lENSG00000249099', 'lENSG00000249706', 'lENSG00000249892', 'lENSG00000250186', 'lENSG00000250665', 'lENSG00000250866', 'lENSG00000251414', 'lENSG00000253627', 'lENSG00000253722', 'lENSG00000253782', 'lENSG00000254559', 'lENSG00000254563', 'lENSG00000254592', 'lENSG00000254879', 'lENSG00000254913', 'lENSG00000254972', 'lENSG00000255555', 'lENSG00000256568', 'lENSG00000257105', 'lENSG00000257470', 'lENSG00000258185', 'lENSG00000258210', 'lENSG00000258220', 'lENSG00000258379', 'lENSG00000258451', 'lENSG00000259026', 'lENSG00000259223', 'lENSG00000259342', 'lENSG00000259351', 'lENSG00000259659', 'lENSG00000260158', 'lENSG00000260970', 'lENSG00000261432', 'lENSG00000261569', 'lENSG00000261838', 'lENSG00000262298', 'lENSG00000262533', 'lENSG00000264486', 'lENSG00000264520', 'lENSG00000264577', 'lENSG00000265400', 'lENSG00000266341', 'lENSG00000266651', 'lENSG00000266844', 'lENSG00000267255', 'lENSG00000267354', 'lENSG00000267387', 'lENSG00000267665', 'lENSG00000267838', 'lENSG00000268240', 'lENSG00000269321', 'lENSG00000269656', 'lENSG00000269867', 'lENSG00000270996', 'lENSG00000271763', 'lENSG00000272159', 'lENSG00000272814', 'lENSG00000273568', 'lENSG00000274624', 'lENSG00000275401', 'lENSG00000275576', 'lENSG00000276668', 'lENSG00000278202', 'lENSG00000279088', 'lENSG00000279240', 'lENSG00000284513', 'lENSG00000285325', 'lENSG00000285857', 'lENSG00000285998', 'lENSG00000286010', 'lENSG00000286670', 'lENSG00000286698', 'lENSG00000286803', 'lENSG00000286850', 'lENSG00000287028', 'lENSG00000287030', 'lENSG00000287202', 'lENSG00000287366', 'lENSG00000287462', 'lENSG00000287550', 'lENSG00000287587', 'lENSG00000287684', 'lENSG00000223379', 'lENSG00000232636', 'lENSG00000233987', 'lENSG00000234998', 'lENSG00000236453', 'lENSG00000242375', 'lENSG00000248991', 'lENSG00000250567', 'lENSG00000251654', 'lENSG00000257962', 'lENSG00000258386', 'lENSG00000259209', 'lENSG00000267081', 'lENSG00000265556']","[1.0, 1.0, 1.0, 1.0, 1.0, 1.0, 0.0, 1.0, 1.0, 0.0, 0.0, 1.0, 1.0, 1.0, 0.0, 0.0, 0.0, 1.0, 1.0, 0.0, 1.0, 1.0, 1.0, 1.0, 1.0, 0.0, 0.0, 0.0, 0.0, 0.0, 0.0, 1.0, 1.0, 1.0, 1.0, 0.0, 0.0, 1.0, 1.0, 1.0, 0.0, 1.0, 1.0, 0.0, 0.0, 1.0, 1.0, 1.0, 0.0, 1.0, 1.0, 1.0, 0.0, 0.0, 1.0, 1.0, 1.0, 1.0, 1.0, 1.0, 0.0, 1.0, 1.0, 1.0, 1.0, 1.0, 0.0, 0.0, 0.0, 1.0, 0.0, 1.0, 0.0, 0.0, 1.0, 0.0, 1.0, 1.0, 0.0, 0.0, 1.0, 0.0, 0.0, 1.0, 1.0, 0.0, 0.0, 0.0, 0.0, 0.0, 1.0, 0.0, 0.0, 1.0, 0.0, 1.0, 1.0, 0.0, 0.0, 1.0, 1.0, 0.0, 0.0, 1.0, 0.0, 1.0, 1.0, 1.0, 1.0, 0.0, 0.0, 0.0, 0.0, 1.0, 1.0, 0.0, 1.0, 0.0, 0.0, 1.0, 1.0, 1.0, 1.0, 0.0, 0.0, 0.0, 1.0, 0.0, 0.0, 0.0, 1.0, 1.0, 0.0, 1.0, 0.0, 0.0, 0.0, 0.0, 1.0, 1.0, 1.0, 1.0, 0.0, 0.0, 1.0, 0.0, 1.0, 0.0, 0.0, 0.0, 1.0, 1.0, 0.0, 0.0, 1.0, 1.0, 1.0, 1.0, 1.0, 1.0, 1.0, 1.0, 0.0, 1.0, 1.0, 0.0, 1.0, 0.0, 0.0, 1.0, 0.0, 0.0, 1.0, 0.0, 0.0, 1.0, 0.0, 1.0, 0.0, 1.0, 0.0, 0.0, 0.0, 1.0, 1.0, 0.0, 1.0, 0.0, 1.0, 1.0, 1.0, 1.0, 0.0, 0.0, 1.0, 1.0, 0.0, 1.0, 1.0, 0.0, 0.0, 1.0, 1.0, 1.0, 1.0, 1.0, 0.0, 0.0, 0.0, 1.0, 1.0, 1.0, 0.0, 0.0, 1.0, 0.0, 0.0, 1.0, 0.0, 0.0, 1.0, 1.0, 0.0, 0.0, 0.0, 0.0, 0.0, 1.0, 1.0, 0.0, 0.0, 1.0, 1.0, 1.0, 1.0, 1.0, 0.0, 1.0, 1.0, 0.0, 1.0, 1.0, 0.0, 0.0, 1.0, 1.0, 0.0, 0.0, 1.0, 0.0, 1.0, 0.0, 0.0, 1.0, 1.0, 0.0, 1.0, 1.0, 1.0, 0.0, 0.0, 1.0, 0.0, 0.0, 1.0, 0.0, 1.0, 1.0, 1.0, 0.0, 0.0, 1.0, 0.0, 1.0, 0.0, 0.0, 1.0, 1.0, 0.0, 0.0, 1.0, 1.0, 1.0, 1.0, 1.0, 1.0, 1.0, 0.0, 1.0, 0.0, 0.0, 0.0, 1.0, 0.0, 0.0, 0.0, 0.0, 0.0, 0.0, 1.0, 0.0, 1.0, 1.0, 0.0, 1.0, 0.0, 0.0, 1.0, 1.0, 0.0, 0.0, 0.0, 1.0, 0.0, 1.0, 0.0, 1.0, 0.0, 1.0, 0.0, 0.0, 1.0, 0.0]","[0, 0, 1, 0, 1, 1, 1, 1, 1, 1, 0, 0, 0, 0, 0, 1, 1, 1, 1, 0, 1, 1, 0, 0, 0, 0, 1, 0, 1, 1, 0, 0, 1, 0, 1, 1, 1, 0, 0, 0, 0, 0, 1, 1, 0, 1, 1, 1, 1, 0, 1, 1, 0, 1, 1, 1, 0, 1, 0, 1, 1, 0, 0, 1, 0, 0, 1, 0, 1, 1, 1, 1, 0, 0, 0, 1, 1, 0, 1, 0, 1, 1, 1, 0, 1, 1, 1, 0, 0, 1, 0, 1, 0, 0, 1, 0, 0, 1, 1, 0, 1, 0, 0, 1, 1, 1, 1, 1, 1, 1, 1, 1, 0, 0, 1, 1, 1, 1, 0, 1, 1, 0, 0, 0, 1, 0, 1, 0, 1, 0, 0, 1, 1, 0, 0, 1, 0, 1, 1, 1, 0, 0, 1, 1, 0, 1, 0, 1, 0, 1, 1, 0, 1, 1, 0, 1, 1, 1, 0, 0, 0, 0, 1, 1, 0, 1, 1, 1, 1, 0, 1, 0, 0, 1, 0, 0, 1, 0, 1, 1, 0, 0, 0, 1, 1, 1, 1, 1, 1, 0, 0, 0, 0, 1, 0, 0, 1, 0, 0, 0, 1, 1, 1, 0, 0, 1, 0, 0, 1, 0, 0, 1, 0, 1, 1, 0, 1, 1, 0, 0, 1, 0, 1, 0, 0, 0, 1, 1, 1, 0, 1, 0, 1, 1, 1, 1, 1, 1, 0, 1, 0, 1, 1, 0, 0, 0, 0, 1, 0, 0, 0, 0, 1, 1, 0, 1, 1, 0, 0, 1, 0, 1, 1, 1, 1, 1, 0, 0, 1, 1, 0, 1, 1, 1, 1, 1, 1, 0, 1, 1, 1, 0, 1, 1, 1, 0, 0, 1, 1, 0, 0, 0, 0, 0, 1, 1, 0, 1, 0, 1, 1, 1, 1, 1, 0, 1, 1, 1, 0, 0, 0, 0, 1, 0, 0, 0, 0, 1, 1, 0, 1, 1, 0]","[-0.07346600102592096, -0.05157985691326086, 0.10049621381933013, -0.04936244095079115, 0.07519212886314294, 0.059030234507525065, 0.05814781369439423, 0.0055484034332537735, 0.004824819183040424, 0.02761748083753865, -0.25608937014746713, -0.015384515472925991, -0.11075952322848595, -1.0929420512657444, -0.02800437070749487, 0.05097540733309566, 0.043657787873648796, 0.07195848018559411, 0.1752604311476886, -0.00067670660167643, 0.18564847069253984, 0.2809357496073146, -0.21232507053669883, -0.03236262256091196, -0.061673230868490664, -0.29963152129549564, 0.09270998194753519, -0.07638501822028612, 0.1260473268039106, 0.02628352309298984, -0.40367022143575526, -0.15667494845903487, 0.2847272330950974, -0.05334653308039197, 0.07637411497390476, 0.020348151275541432, 0.20167176495138747, -0.00848165244820745, -0.02287682634443236, -0.18908765812109365, -0.0748425709539127, -0.07561275021919592, 0.10084384725060211, 0.1087406810339979, -0.15296008992594093, 0.13607407565433657, 0.21435240007124332, 0.11185722872804346, 0.17533725607591696, -0.08341596752111327, 0.10516930740223238, 0.012567674803248358, -1.7401041913240276, 0.12376065118522225, 0.2265622894353105, 0.10817539009582175, -0.045313857750753944, 0.024388931413594522, -0.36879577770240135, 0.2339277542262088, 0.2185783111283139, -0.02297114505370071, -0.23050853403450236, 0.11095499176196652, -0.1095604488350628, -0.1052896371789869, 0.05310918422088459, -0.15134067300453305, 0.01932687769878713, 0.12358238060478507, 0.12082331148325684, 0.005684583134984961, -0.06549524662288222, -0.16934513134281584, -0.09270965350162433, 0.061092291012462246, 0.0684871895416099, -0.039392654272732114, 0.13388980317944174, -0.20609238873750305, 0.042982348984669655, 0.12321572560911218, 0.14609457232861242, -0.13484198819517748, 0.16438807818357157, 0.07632532939734801, 0.06472731056557787, -0.03343185531498552, -0.01453998457177555, 0.09453418898570629, -0.17388541171989827, 0.001768539141056208, -0.16920874292464896, -0.04863827393202172, 0.062343861176139964, -0.04838829112762058, -0.11796079444805255, 0.09528744885774307, 0.01611318529069436, -0.25373842828108306, 0.08022445930839314, -0.023982287778635564, -0.1654658023131719, 0.15700935308491834, 0.004224708171298469, 0.23330699987118583, 0.0051241449982672715, 0.2199123174655275, 0.2047217154628089, 0.11107236954554597, 0.26369482704234826, 0.006799673668894418, -0.06545233187658164, -0.14353962345801866, 0.12471462840515077, 0.0675703566027965, 0.19651278464546904, 0.22434596131663762, -0.1987565406772707, 0.06449623490670905, 0.05743446743433009, -0.36911470932567547, -0.06578308885725839, -0.1917505816684171, 0.09172765372174105, -0.08817517517011211, 0.20070793316765442, -0.07031493241433953, 0.03855749700539721, -0.08897970604548336, -0.05634529068939978, 0.10959709483484989, 0.08228995883755383, -0.012685246998070138, -0.1375401576987876, 0.07047371834409485, -0.1736516606701695, 0.07936125059214968, 0.0923518034104178, 0.023726369270767406, -0.3092506068296157, -0.13788896008285859, 0.1024134338386948, 0.08576659489750124, -0.4292199952241702, 0.0679616854872129, -0.3103742683452845, 0.16553056275440833, -0.12935911822052096, 0.0039006088326078714, 0.12402838506207534, -0.3887970277429311, 0.04014825257000185, 0.11783105259596446, -0.026385654921772056, 0.11077362423079481, 0.37324605051480586, 0.06398757957405785, -0.12285674492043144, -0.31001592613063367, -0.03292514508659064, -0.01104922372634956, 0.28071125392384144, 0.14851699375695057, -0.12921890271015204, 0.13964794429337044, 0.09140356200975239, 0.09465919217415505, 0.08603420238261769, -0.020118135136491216, 0.4034572453232339, -0.12992086700833497, -0.2377346361475541, 0.00869190014646623, -0.10509900480763593, -0.03623135138811165, 0.11969308415309651, -0.17225753881704423, 0.1797132739630005, 0.16633635667614552, -0.381666187395892, -0.14644415464191043, -0.13274097396813758, 0.11999595875543731, 0.08632923953316293, 0.18229930290745752, 0.23869660964718717, 0.05485973582191736, 0.019456385470464105, -0.2590688783359234, -0.07690981978714476, -0.0924107614834673, -0.061171696498212996, 0.10246046767948755, -0.08072261529354144, -0.09032704155842744, 0.05687326566445902, -0.02703455170536298, -0.0020996441105805286, -0.2443492837878323, 0.1498534500311661, 0.011168310816506127, 0.21778575619091997, -0.006707199493882571, -0.13990147991516969, 0.12621085136870744, -0.1930066440150713, -0.02482210099558449, 0.20783125205782646, -0.19766864863202363, -0.03218636495094909, 0.07724597978931344, -0.15844568301381637, 0.3035725090384507, 0.05787237394960873, -0.2051622781838003, 0.08476357302302226, 0.11926760088530905, -0.029056516025892237, -0.13278412710713397, 0.08378628734658441, -0.18357820894565105, 0.2745924538904554, -0.02321177212675199, -0.11632252758333397, -0.17977762608314277, 0.02195347733022565, 0.20430271872686465, 0.0196538388866003, -0.20880658555419765, 0.22909381739198384, -0.06691565858145768, 0.20553840087659012, 0.032583144359848076, 0.32569168655660286, 0.12057371068446951, 0.02383679456617724, 0.08097788712777351, -0.16122267757799794, 0.040057104377129366, -0.003329610757140139, 0.0885135915559305, 0.27125696238371, -0.018705588669001544, -0.04763541734654944, -0.157816291087739, -0.068485671774724, 0.10026770903140278, -0.003647733685205684, -0.06246383545910009, -0.0031615413246468826, -0.10645570912750404, 0.09654879998517327, 0.06467680677399087, -0.1463109910912739, 0.31158973048129446, 0.47090470727598865, -0.00634761072234305, -0.02715841969860569, 0.10943099541738219, -0.1930353932540794, 0.20323860455387852, 0.17934590788737934, 0.08541707012742103, 0.20124209184935335, 0.15629662856640067, -0.06668987568426246, -0.14275375638378687, 0.13010199230650674, 0.28138588303816214, -0.0064749406917899155, 0.33054785563605615, 0.19114130771854196, 0.32700450826868166, 0.27299799347127496, 0.1656834739656474, 0.07032086508366328, -0.007470743804273622, 0.12166291306169372, 0.3160405152038439, 0.031892198369107144, -0.06696281097969006, 0.15061754025275695, 0.1752696703362366, 0.1470211398635108, -0.329517360394868, -0.041035987469024954, 0.08442480018749496, 0.2535171974715731, -0.09383767798922119, -0.0014029953136021345, -0.047261675723449664, -0.09681480591156591, -0.2649593228326992, 0.15508350464150863, 0.027621732246780634, -0.23424013749522768, 0.1951276622630975, -0.2093266806649037, 0.07360558555275462, 0.0038771611271506135, 0.11041047386687983, 0.17541073489791012, 0.05023447598116412, -0.17022314829900312, 0.06003965705116496, 0.03350119560283524, 0.09591349614422714, -0.07337978218966226, -0.09735626229458053, -0.018662963648778758, -0.13248132201633014, 0.021888288972513797, -0.12124595913701233, -0.07609668220897728, -0.19105746013392347, -0.12259471769588906, 0.11600129567112447, 0.027829280046645727, -0.24311671890995948, 0.1734778776017871, 0.18967404204155322, -0.03571249308965044]"
